 frequency              gain                  
 1.000000000000000e+00  1.595635241412031e+01 
 1.019373485938873e+00  1.595635241411994e+01 
 1.039122303835169e+00  1.595635241411955e+01 
 1.059253725177289e+00  1.595635241411899e+01 
 1.079775162327710e+00  1.595635241411849e+01 
 1.100694171252210e+00  1.595635241411765e+01 
 1.122018454301964e+00  1.595635241411711e+01 
 1.143755863049539e+00  1.595635241411616e+01 
 1.165914401179832e+00  1.595635241411568e+01 
 1.188502227437019e+00  1.595635241411501e+01 
 1.211527658628589e+00  1.595635241411448e+01 
 1.234999172687586e+00  1.595635241411377e+01 
 1.258925411794168e+00  1.595635241411296e+01 
 1.283315185557652e+00  1.595635241411187e+01 
 1.308177474260195e+00  1.595635241411077e+01 
 1.333521432163325e+00  1.595635241410997e+01 
 1.359356390878527e+00  1.595635241410931e+01 
 1.385691862803129e+00  1.595635241410847e+01 
 1.412537544622755e+00  1.595635241410718e+01 
 1.439903320881634e+00  1.595635241410595e+01 
 1.467799267622071e+00  1.595635241410510e+01 
 1.496235656094435e+00  1.595635241410406e+01 
 1.525222956539020e+00  1.595635241410315e+01 
 1.554771842041175e+00  1.595635241410171e+01 
 1.584893192461115e+00  1.595635241410024e+01 
 1.615598098439875e+00  1.595635241409915e+01 
 1.646897865482870e+00  1.595635241409802e+01 
 1.678804018122562e+00  1.595635241409636e+01 
 1.711328304161782e+00  1.595635241409474e+01 
 1.744482698999256e+00  1.595635241409349e+01 
 1.778279410038925e+00  1.595635241409179e+01 
 1.812730881184701e+00  1.595635241408996e+01 
 1.847849797422293e+00  1.595635241408850e+01 
 1.883649089489803e+00  1.595635241408658e+01 
 1.920141938638804e+00  1.595635241408452e+01 
 1.957341781487663e+00  1.595635241408290e+01 
 1.995262314968882e+00  1.595635241408091e+01 
 2.033917501372295e+00  1.595635241407870e+01 
 2.073321573485958e+00  1.595635241407701e+01 
 2.113489039836649e+00  1.595635241407427e+01 
 2.154434690031886e+00  1.595635241407219e+01 
 2.196173600205439e+00  1.595635241406932e+01 
 2.238721138568343e+00  1.595635241406737e+01 
 2.282092971067454e+00  1.595635241406437e+01 
 2.326305067153629e+00  1.595635241406211e+01 
 2.371373705661659e+00  1.595635241405887e+01 
 2.417315480804108e+00  1.595635241405621e+01 
 2.464147308281285e+00  1.595635241405298e+01 
 2.511886431509584e+00  1.595635241404992e+01 
 2.560550427970480e+00  1.595635241404676e+01 
 2.610157215682541e+00  1.595635241404302e+01 
 2.660725059798814e+00  1.595635241403976e+01 
 2.712272579332033e+00  1.595635241403623e+01 
 2.764818754010113e+00  1.595635241403220e+01 
 2.818382931264459e+00  1.595635241402771e+01 
 2.872984833353670e+00  1.595635241402394e+01 
 2.928644564625242e+00  1.595635241401957e+01 
 2.985382618917966e+00  1.595635241401524e+01 
 3.043219887107728e+00  1.595635241401073e+01 
 3.102177664799508e+00  1.595635241400582e+01 
 3.162277660168387e+00  1.595635241400061e+01 
 3.223542001952470e+00  1.595635241399551e+01 
 3.285993247600662e+00  1.595635241399010e+01 
 3.349654391578285e+00  1.595635241398471e+01 
 3.414548873833610e+00  1.595635241397899e+01 
 3.480700588428419e+00  1.595635241397253e+01 
 3.548133892335763e+00  1.595635241396607e+01 
 3.616873614408168e+00  1.595635241395969e+01 
 3.686945064519584e+00  1.595635241395295e+01 
 3.758374042884451e+00  1.595635241394536e+01 
 3.831186849557297e+00  1.595635241393833e+01 
 3.905410294116390e+00  1.595635241393075e+01 
 3.981071705534982e+00  1.595635241392281e+01 
 4.058198942243808e+00  1.595635241391422e+01 
 4.136820402388517e+00  1.595635241390565e+01 
 4.216965034285833e+00  1.595635241389710e+01 
 4.298662347082288e+00  1.595635241388747e+01 
 4.381942421619448e+00  1.595635241387775e+01 
 4.466835921509642e+00  1.595635241386777e+01 
 4.553374104426261e+00  1.595635241385751e+01 
 4.641588833612791e+00  1.595635241384662e+01 
 4.731512589614817e+00  1.595635241383543e+01 
 4.823178482239319e+00  1.595635241382419e+01 
 4.916620262745656e+00  1.595635241381113e+01 
 5.011872336272736e+00  1.595635241379890e+01 
 5.108969774506941e+00  1.595635241378557e+01 
 5.207948328595478e+00  1.595635241377254e+01 
 5.308844442309899e+00  1.595635241375823e+01 
 5.411695265464652e+00  1.595635241374343e+01 
 5.516538667595595e+00  1.595635241372823e+01 
 5.623413251903506e+00  1.595635241371236e+01 
 5.732358369467730e+00  1.595635241369613e+01 
 5.843414133735193e+00  1.595635241367912e+01 
 5.956621435290122e+00  1.595635241366080e+01 
 6.072021956909904e+00  1.595635241364290e+01 
 6.189658188912625e+00  1.595635241362332e+01 
 6.309573444801952e+00  1.595635241360323e+01 
 6.431811877215107e+00  1.595635241358257e+01 
 6.556418494179809e+00  1.595635241356116e+01 
 6.683439175686167e+00  1.595635241353842e+01 
 6.812920690579634e+00  1.595635241351522e+01 
 6.944910713781234e+00  1.595635241348998e+01 
 7.079457843841402e+00  1.595635241346464e+01 
 7.216611620833906e+00  1.595635241343852e+01 
 7.356422544596438e+00  1.595635241341158e+01 
 7.498942093324583e+00  1.595635241338391e+01 
 7.644222742526028e+00  1.595635241335438e+01 
 7.792317984341968e+00  1.595635241332370e+01 
 7.943282347242842e+00  1.595635241329235e+01 
 8.097171416105647e+00  1.595635241325911e+01 
 8.254041852680212e+00  1.595635241322505e+01 
 8.413951416451980e+00  1.595635241318955e+01 
 8.576958985908970e+00  1.595635241315265e+01 
 8.743124580220766e+00  1.595635241311349e+01 
 8.912509381337486e+00  1.595635241307443e+01 
 9.085175756516900e+00  1.595635241303175e+01 
 9.261187281287969e+00  1.595635241298877e+01 
 9.440608762859268e+00  1.595635241294404e+01 
 9.623506263980921e+00  1.595635241289772e+01 
 9.809947127268810e+00  1.595635241284920e+01 
 1.000000000000004e+01  1.595635241279903e+01 
 1.019373485938877e+01  1.595635241274688e+01 
 1.039122303835173e+01  1.595635241269236e+01 
 1.059253725177293e+01  1.595635241263619e+01 
 1.079775162327714e+01  1.595635241257787e+01 
 1.100694171252214e+01  1.595635241251696e+01 
 1.122018454301968e+01  1.595635241245393e+01 
 1.143755863049543e+01  1.595635241238791e+01 
 1.165914401179836e+01  1.595635241232009e+01 
 1.188502227437023e+01  1.595635241224886e+01 
 1.211527658628593e+01  1.595635241217453e+01 
 1.234999172687590e+01  1.595635241209799e+01 
 1.258925411794172e+01  1.595635241201875e+01 
 1.283315185557657e+01  1.595635241193615e+01 
 1.308177474260200e+01  1.595635241184986e+01 
 1.333521432163330e+01  1.595635241175966e+01 
 1.359356390878532e+01  1.595635241166677e+01 
 1.385691862803134e+01  1.595635241157024e+01 
 1.412537544622761e+01  1.595635241147046e+01 
 1.439903320881639e+01  1.595635241136658e+01 
 1.467799267622076e+01  1.595635241125816e+01 
 1.496235656094440e+01  1.595635241114593e+01 
 1.525222956539026e+01  1.595635241102925e+01 
 1.554771842041181e+01  1.595635241090693e+01 
 1.584893192461121e+01  1.595635241078135e+01 
 1.615598098439882e+01  1.595635241064980e+01 
 1.646897865482876e+01  1.595635241051284e+01 
 1.678804018122569e+01  1.595635241037131e+01 
 1.711328304161789e+01  1.595635241022422e+01 
 1.744482698999263e+01  1.595635241007155e+01 
 1.778279410038932e+01  1.595635240991335e+01 
 1.812730881184708e+01  1.595635240974825e+01 
 1.847849797422300e+01  1.595635240957626e+01 
 1.883649089489810e+01  1.595635240939772e+01 
 1.920141938638811e+01  1.595635240921174e+01 
 1.957341781487670e+01  1.595635240901925e+01 
 1.995262314968890e+01  1.595635240881935e+01 
 2.033917501372302e+01  1.595635240861202e+01 
 2.073321573485966e+01  1.595635240839598e+01 
 2.113489039836658e+01  1.595635240817121e+01 
 2.154434690031895e+01  1.595635240793732e+01 
 2.196173600205448e+01  1.595635240769493e+01 
 2.238721138568352e+01  1.595635240744376e+01 
 2.282092971067463e+01  1.595635240718141e+01 
 2.326305067153639e+01  1.595635240691008e+01 
 2.371373705661668e+01  1.595635240662648e+01 
 2.417315480804117e+01  1.595635240633328e+01 
 2.464147308281295e+01  1.595635240602847e+01 
 2.511886431509594e+01  1.595635240571149e+01 
 2.560550427970491e+01  1.595635240538101e+01 
 2.610157215682552e+01  1.595635240503911e+01 
 2.660725059798825e+01  1.595635240468369e+01 
 2.712272579332044e+01  1.595635240431413e+01 
 2.764818754010124e+01  1.595635240392911e+01 
 2.818382931264470e+01  1.595635240353075e+01 
 2.872984833353682e+01  1.595635240311529e+01 
 2.928644564625254e+01  1.595635240268397e+01 
 2.985382618917978e+01  1.595635240223618e+01 
 3.043219887107740e+01  1.595635240177063e+01 
 3.102177664799520e+01  1.595635240128705e+01 
 3.162277660168399e+01  1.595635240078435e+01 
 3.223542001952483e+01  1.595635240026167e+01 
 3.285993247600675e+01  1.595635239971992e+01 
 3.349654391578298e+01  1.595635239915461e+01 
 3.414548873833623e+01  1.595635239857000e+01 
 3.480700588428433e+01  1.595635239796082e+01 
 3.548133892335778e+01  1.595635239732817e+01 
 3.616873614408183e+01  1.595635239667100e+01 
 3.686945064519600e+01  1.595635239598768e+01 
 3.758374042884466e+01  1.595635239527653e+01 
 3.831186849557313e+01  1.595635239453912e+01 
 3.905410294116406e+01  1.595635239377270e+01 
 3.981071705534999e+01  1.595635239297656e+01 
 4.058198942243826e+01  1.595635239214902e+01 
 4.136820402388535e+01  1.595635239128801e+01 
 4.216965034285851e+01  1.595635239039509e+01 
 4.298662347082306e+01  1.595635238946545e+01 
 4.381942421619467e+01  1.595635238850092e+01 
 4.466835921509661e+01  1.595635238749763e+01 
 4.553374104426280e+01  1.595635238645509e+01 
 4.641588833612811e+01  1.595635238537275e+01 
 4.731512589614837e+01  1.595635238424776e+01 
 4.823178482239340e+01  1.595635238307851e+01 
 4.916620262745678e+01  1.595635238186318e+01 
 5.011872336272758e+01  1.595635238060066e+01 
 5.108969774506964e+01  1.595635237928861e+01 
 5.207948328595500e+01  1.595635237792585e+01 
 5.308844442309921e+01  1.595635237650932e+01 
 5.411695265464675e+01  1.595635237503680e+01 
 5.516538667595619e+01  1.595635237350727e+01 
 5.623413251903531e+01  1.595635237191864e+01 
 5.732358369467754e+01  1.595635237026670e+01 
 5.843414133735218e+01  1.595635236854963e+01 
 5.956621435290148e+01  1.595635236676713e+01 
 6.072021956909929e+01  1.595635236491318e+01 
 6.189658188912651e+01  1.595635236298821e+01 
 6.309573444801979e+01  1.595635236098705e+01 
 6.431811877215135e+01  1.595635235890838e+01 
 6.556418494179837e+01  1.595635235674739e+01 
 6.683439175686196e+01  1.595635235450245e+01 
 6.812920690579664e+01  1.595635235216884e+01 
 6.944910713781265e+01  1.595635234974456e+01 
 7.079457843841433e+01  1.595635234722525e+01 
 7.216611620833937e+01  1.595635234460780e+01 
 7.356422544596469e+01  1.595635234188882e+01 
 7.498942093324617e+01  1.595635233906275e+01 
 7.644222742526063e+01  1.595635233612551e+01 
 7.792317984342003e+01  1.595635233307315e+01 
 7.943282347242878e+01  1.595635232990196e+01 
 8.097171416105684e+01  1.595635232660647e+01 
 8.254041852680250e+01  1.595635232318176e+01 
 8.413951416452018e+01  1.595635231962470e+01 
 8.576958985909010e+01  1.595635231592654e+01 
 8.743124580220807e+01  1.595635231208512e+01 
 8.912509381337527e+01  1.595635230809147e+01 
 9.085175756516942e+01  1.595635230394340e+01 
 9.261187281288011e+01  1.595635229963241e+01 
 9.440608762859311e+01  1.595635229515352e+01 
 9.623506263980966e+01  1.595635229049737e+01 
 9.809947127268855e+01  1.595635228566134e+01 
 1.000000000000008e+02  1.595635228063508e+01 
 1.019373485938881e+02  1.595635227541109e+01 
 1.039122303835178e+02  1.595635226998500e+01 
 1.059253725177298e+02  1.595635226434564e+01 
 1.079775162327719e+02  1.595635225848572e+01 
 1.100694171252219e+02  1.595635225239573e+01 
 1.122018454301973e+02  1.595635224606860e+01 
 1.143755863049548e+02  1.595635223949362e+01 
 1.165914401179842e+02  1.595635223266115e+01 
 1.188502227437029e+02  1.595635222556185e+01 
 1.211527658628599e+02  1.595635221818414e+01 
 1.234999172687595e+02  1.595635221051796e+01 
 1.258925411794178e+02  1.595635220255190e+01 
 1.283315185557662e+02  1.595635219427423e+01 
 1.308177474260206e+02  1.595635218567242e+01 
 1.333521432163336e+02  1.595635217673470e+01 
 1.359356390878538e+02  1.595635216744775e+01 
 1.385691862803140e+02  1.595635215779547e+01 
 1.412537544622767e+02  1.595635214776726e+01 
 1.439903320881646e+02  1.595635213734718e+01 
 1.467799267622083e+02  1.595635212651924e+01 
 1.496235656094447e+02  1.595635211526645e+01 
 1.525222956539033e+02  1.595635210357343e+01 
 1.554771842041188e+02  1.595635209142408e+01 
 1.584893192461128e+02  1.595635207879890e+01 
 1.615598098439889e+02  1.595635206567897e+01 
 1.646897865482883e+02  1.595635205204830e+01 
 1.678804018122576e+02  1.595635203788136e+01 
 1.711328304161796e+02  1.595635202316165e+01 
 1.744482698999270e+02  1.595635200786643e+01 
 1.778279410038939e+02  1.595635199197285e+01 
 1.812730881184716e+02  1.595635197545676e+01 
 1.847849797422308e+02  1.595635195829366e+01 
 1.883649089489818e+02  1.595635194046073e+01 
 1.920141938638820e+02  1.595635192192942e+01 
 1.957341781487679e+02  1.595635190267275e+01 
 1.995262314968899e+02  1.595635188266338e+01 
 2.033917501372311e+02  1.595635186187189e+01 
 2.073321573485975e+02  1.595635184026593e+01 
 2.113489039836667e+02  1.595635181781421e+01 
 2.154434690031904e+02  1.595635179448556e+01 
 2.196173600205457e+02  1.595635177024228e+01 
 2.238721138568361e+02  1.595635174505172e+01 
 2.282092971067473e+02  1.595635171887672e+01 
 2.326305067153649e+02  1.595635169167601e+01 
 2.371373705661678e+02  1.595635166341177e+01 
 2.417315480804128e+02  1.595635163404267e+01 
 2.464147308281306e+02  1.595635160352240e+01 
 2.511886431509605e+02  1.595635157180968e+01 
 2.560550427970502e+02  1.595635153885623e+01 
 2.610157215682563e+02  1.595635150461369e+01 
 2.660725059798837e+02  1.595635146903025e+01 
 2.712272579332056e+02  1.595635143205673e+01 
 2.764818754010136e+02  1.595635139363523e+01 
 2.818382931264483e+02  1.595635135371004e+01 
 2.872984833353694e+02  1.595635131222447e+01 
 2.928644564625267e+02  1.595635126911436e+01 
 2.985382618917990e+02  1.595635122431961e+01 
 3.043219887107753e+02  1.595635117777102e+01 
 3.102177664799533e+02  1.595635112940212e+01 
 3.162277660168412e+02  1.595635107914054e+01 
 3.223542001952496e+02  1.595635102691180e+01 
 3.285993247600689e+02  1.595635097264080e+01 
 3.349654391578312e+02  1.595635091624616e+01 
 3.414548873833638e+02  1.595635085764577e+01 
 3.480700588428447e+02  1.595635079675116e+01 
 3.548133892335792e+02  1.595635073347615e+01 
 3.616873614408197e+02  1.595635066772480e+01 
 3.686945064519614e+02  1.595635059940169e+01 
 3.758374042884482e+02  1.595635052840543e+01 
 3.831186849557329e+02  1.595635045463068e+01 
 3.905410294116422e+02  1.595635037797051e+01 
 3.981071705535015e+02  1.595635029831184e+01 
 4.058198942243842e+02  1.595635021553591e+01 
 4.136820402388552e+02  1.595635012952149e+01 
 4.216965034285868e+02  1.595635004014175e+01 
 4.298662347082324e+02  1.595634994726615e+01 
 4.381942421619485e+02  1.595634985075587e+01 
 4.466835921509680e+02  1.595634975047114e+01 
 4.553374104426299e+02  1.595634964626193e+01 
 4.641588833612830e+02  1.595634953797574e+01 
 4.731512589614857e+02  1.595634942545433e+01 
 4.823178482239360e+02  1.595634930853074e+01 
 4.916620262745698e+02  1.595634918703126e+01 
 5.011872336272779e+02  1.595634906078013e+01 
 5.108969774506985e+02  1.595634892959009e+01 
 5.207948328595522e+02  1.595634879326609e+01 
 5.308844442309944e+02  1.595634865160882e+01 
 5.411695265464699e+02  1.595634850441183e+01 
 5.516538667595644e+02  1.595634835145386e+01 
 5.623413251903556e+02  1.595634819251271e+01 
 5.732358369467780e+02  1.595634802735288e+01 
 5.843414133735243e+02  1.595634785573182e+01 
 5.956621435290174e+02  1.595634767739716e+01 
 6.072021956909956e+02  1.595634749208424e+01 
 6.189658188912678e+02  1.595634729952286e+01 
 6.309573444802006e+02  1.595634709942671e+01 
 6.431811877215163e+02  1.595634689150239e+01 
 6.556418494179866e+02  1.595634667544488e+01 
 6.683439175686225e+02  1.595634645093355e+01 
 6.812920690579693e+02  1.595634621764007e+01 
 6.944910713781295e+02  1.595634597521915e+01 
 7.079457843841464e+02  1.595634572331378e+01 
 7.216611620833969e+02  1.595634546155427e+01 
 7.356422544596502e+02  1.595634518955229e+01 
 7.498942093324649e+02  1.595634490691075e+01 
 7.644222742526096e+02  1.595634461321028e+01 
 7.792317984342036e+02  1.595634430802029e+01 
 7.943282347242912e+02  1.595634399089014e+01 
 8.097171416105718e+02  1.595634366135376e+01 
 8.254041852680285e+02  1.595634331892542e+01 
 8.413951416452054e+02  1.595634296309922e+01 
 8.576958985909047e+02  1.595634259335256e+01 
 8.743124580220845e+02  1.595634220914147e+01 
 8.912509381337566e+02  1.595634180989931e+01 
 9.085175756516981e+02  1.595634139503547e+01 
 9.261187281288051e+02  1.595634096394423e+01 
 9.440608762859353e+02  1.595634051598602e+01 
 9.623506263981008e+02  1.595634005050215e+01 
 9.809947127268898e+02  1.595633956680832e+01 
 1.000000000000013e+03  1.595633906419191e+01 
 1.019373485938886e+03  1.595633854191024e+01 
 1.039122303835182e+03  1.595633799919777e+01 
 1.059253725177302e+03  1.595633743525212e+01 
 1.079775162327723e+03  1.595633684924384e+01 
 1.100694171252224e+03  1.595633624030791e+01 
 1.122018454301978e+03  1.595633560755095e+01 
 1.143755863049553e+03  1.595633495004006e+01 
 1.165914401179847e+03  1.595633426680267e+01 
 1.188502227437034e+03  1.595633355683792e+01 
 1.211527658628604e+03  1.595633281909714e+01 
 1.234999172687601e+03  1.595633205249485e+01 
 1.258925411794184e+03  1.595633125589953e+01 
 1.283315185557668e+03  1.595633042813982e+01 
 1.308177474260211e+03  1.595632956799802e+01 
 1.333521432163342e+03  1.595632867420393e+01 
 1.359356390878544e+03  1.595632774544298e+01 
 1.385691862803146e+03  1.595632678034625e+01 
 1.412537544622773e+03  1.595632577749365e+01 
 1.439903320881652e+03  1.595632473540648e+01 
 1.467799267622089e+03  1.595632365255081e+01 
 1.496235656094454e+03  1.595632252733116e+01 
 1.525222956539040e+03  1.595632135809089e+01 
 1.554771842041195e+03  1.595632014310535e+01 
 1.584893192461135e+03  1.595631888058794e+01 
 1.615598098439896e+03  1.595631756867837e+01 
 1.646897865482891e+03  1.595631620544445e+01 
 1.678804018122584e+03  1.595631478887623e+01 
 1.711328304161804e+03  1.595631331688818e+01 
 1.744482698999278e+03  1.595631178731294e+01 
 1.778279410038948e+03  1.595631019789822e+01 
 1.812730881184724e+03  1.595630854630027e+01 
 1.847849797422317e+03  1.595630683008937e+01 
 1.883649089489827e+03  1.595630504673573e+01 
 1.920141938638829e+03  1.595630319361329e+01 
 1.957341781487688e+03  1.595630126799232e+01 
 1.995262314968908e+03  1.595629926703615e+01 
 2.033917501372321e+03  1.595629718779762e+01 
 2.073321573485985e+03  1.595629502721519e+01 
 2.113489039836677e+03  1.595629278210611e+01 
 2.154434690031915e+03  1.595629044916180e+01 
 2.196173600205468e+03  1.595628802494783e+01 
 2.238721138568372e+03  1.595628550589340e+01 
 2.282092971067484e+03  1.595628288828735e+01 
 2.326305067153660e+03  1.595628016827459e+01 
 2.371373705661690e+03  1.595627734184747e+01 
 2.417315480804139e+03  1.595627440484508e+01 
 2.464147308281318e+03  1.595627135294015e+01 
 2.511886431509617e+03  1.595626818163733e+01 
 2.560550427970514e+03  1.595626488626466e+01 
 2.610157215682575e+03  1.595626146197041e+01 
 2.660725059798849e+03  1.595625790370851e+01 
 2.712272579332068e+03  1.595625420623935e+01 
 2.764818754010148e+03  1.595625036411561e+01 
 2.818382931264496e+03  1.595624637167961e+01 
 2.872984833353707e+03  1.595624222305198e+01 
 2.928644564625281e+03  1.595623791211765e+01 
 2.985382618918004e+03  1.595623343253058e+01 
 3.043219887107768e+03  1.595622877769197e+01 
 3.102177664799548e+03  1.595622394074347e+01 
 3.162277660168427e+03  1.595621891456297e+01 
 3.223542001952512e+03  1.595621369174533e+01 
 3.285993247600705e+03  1.595620826459832e+01 
 3.349654391578328e+03  1.595620262512985e+01 
 3.414548873833654e+03  1.595619676502921e+01 
 3.480700588428464e+03  1.595619067567035e+01 
 3.548133892335809e+03  1.595618434807818e+01 
 3.616873614408215e+03  1.595617777293687e+01 
 3.686945064519632e+03  1.595617094056005e+01 
 3.758374042884499e+03  1.595616384088361e+01 
 3.831186849557347e+03  1.595615646345127e+01 
 3.905410294116440e+03  1.595614879739535e+01 
 3.981071705535034e+03  1.595614083142342e+01 
 4.058198942243861e+03  1.595613255380366e+01 
 4.136820402388571e+03  1.595612395234433e+01 
 4.216965034285888e+03  1.595611501437298e+01 
 4.298662347082343e+03  1.595610572672691e+01 
 4.381942421619505e+03  1.595609607572539e+01 
 4.466835921509701e+03  1.595608604715224e+01 
 4.553374104426321e+03  1.595607562623500e+01 
 4.641588833612851e+03  1.595606479762717e+01 
 4.731512589614878e+03  1.595605354537593e+01 
 4.823178482239382e+03  1.595604185291028e+01 
 4.916620262745721e+03  1.595602970300387e+01 
 5.011872336272801e+03  1.595601707776201e+01 
 5.108969774507008e+03  1.595600395859049e+01 
 5.207948328595546e+03  1.595599032616233e+01 
 5.308844442309967e+03  1.595597616039959e+01 
 5.411695265464722e+03  1.595596144043409e+01 
 5.516538667595667e+03  1.595594614458681e+01 
 5.623413251903579e+03  1.595593025032553e+01 
 5.732358369467805e+03  1.595591373424083e+01 
 5.843414133735268e+03  1.595589657200227e+01 
 5.956621435290199e+03  1.595587873833052e+01 
 6.072021956909982e+03  1.595586020696063e+01 
 6.189658188912704e+03  1.595584095059403e+01 
 6.309573444802033e+03  1.595582094086611e+01 
 6.431811877215190e+03  1.595580014830343e+01 
 6.556418494179894e+03  1.595577854228138e+01 
 6.683439175686253e+03  1.595575609097156e+01 
 6.812920690579723e+03  1.595573276130614e+01 
 6.944910713781324e+03  1.595570851891928e+01 
 7.079457843841494e+03  1.595568332810356e+01 
 7.216611620834000e+03  1.595565715175250e+01 
 7.356422544596533e+03  1.595562995131005e+01 
 7.498942093324681e+03  1.595560168671010e+01 
 7.644222742526128e+03  1.595557231631767e+01 
 7.792317984342069e+03  1.595554179687239e+01 
 7.943282347242946e+03  1.595551008341645e+01 
 8.097171416105754e+03  1.595547712923886e+01 
 8.254041852680322e+03  1.595544288579739e+01 
 8.413951416452092e+03  1.595540730265185e+01 
 8.576958985909085e+03  1.595537032738741e+01 
 8.743124580220883e+03  1.595533190553856e+01 
 8.912509381337606e+03  1.595529198051179e+01 
 9.085175756517023e+03  1.595525049349607e+01 
 9.261187281288094e+03  1.595520738337918e+01 
 9.440608762859396e+03  1.595516258665994e+01 
 9.623506263981051e+03  1.595511603735102e+01 
 9.809947127268942e+03  1.595506766688601e+01 
 1.000000000000017e+04  1.595501740401179e+01 
 1.019373485938890e+04  1.595496517469028e+01 
 1.039122303835187e+04  1.595491090198495e+01 
 1.059253725177307e+04  1.595485450595208e+01 
 1.079775162327729e+04  1.595479590351515e+01 
 1.100694171252229e+04  1.595473500835102e+01 
 1.122018454301983e+04  1.595467173075793e+01 
 1.143755863049558e+04  1.595460597752313e+01 
 1.165914401179852e+04  1.595453765178866e+01 
 1.188502227437039e+04  1.595446665290591e+01 
 1.211527658628610e+04  1.595439287628713e+01 
 1.234999172687607e+04  1.595431621325454e+01 
 1.258925411794190e+04  1.595423655087625e+01 
 1.283315185557674e+04  1.595415377180020e+01 
 1.308177474260217e+04  1.595406775408997e+01 
 1.333521432163348e+04  1.595397837102489e+01 
 1.359356390878550e+04  1.595388549094023e+01 
 1.385691862803152e+04  1.595378897700967e+01 
 1.412537544622780e+04  1.595368868705341e+01 
 1.439903320881659e+04  1.595358447333590e+01 
 1.467799267622096e+04  1.595347618232970e+01 
 1.496235656094461e+04  1.595336365451213e+01 
 1.525222956539047e+04  1.595324672410311e+01 
 1.554771842041202e+04  1.595312521885195e+01 
 1.584893192461143e+04  1.595299895975768e+01 
 1.615598098439904e+04  1.595286776081637e+01 
 1.646897865482899e+04  1.595273142874564e+01 
 1.678804018122592e+04  1.595258976269990e+01 
 1.711328304161813e+04  1.595244255397669e+01 
 1.744482698999287e+04  1.595228958569990e+01 
 1.778279410038956e+04  1.595213063251115e+01 
 1.812730881184733e+04  1.595196546023370e+01 
 1.847849797422326e+04  1.595179382552363e+01 
 1.883649089489836e+04  1.595161547551607e+01 
 1.920141938638838e+04  1.595143014744688e+01 
 1.957341781487698e+04  1.595123756827514e+01 
 1.995262314968918e+04  1.595103745426729e+01 
 2.033917501372331e+04  1.595082951058650e+01 
 2.073321573485995e+04  1.595061343086491e+01 
 2.113489039836688e+04  1.595038889673342e+01 
 2.154434690031925e+04  1.595015557736581e+01 
 2.196173600205479e+04  1.594991312899456e+01 
 2.238721138568383e+04  1.594966119438708e+01 
 2.282092971067495e+04  1.594939940233477e+01 
 2.326305067153671e+04  1.594912736709940e+01 
 2.371373705661701e+04  1.594884468784198e+01 
 2.417315480804151e+04  1.594855094803854e+01 
 2.464147308281330e+04  1.594824571485567e+01 
 2.511886431509629e+04  1.594792853852012e+01 
 2.560550427970526e+04  1.594759895165276e+01 
 2.610157215682588e+04  1.594725646858007e+01 
 2.660725059798862e+04  1.594690058461194e+01 
 2.712272579332082e+04  1.594653077530772e+01 
 2.764818754010162e+04  1.594614649569301e+01 
 2.818382931264510e+04  1.594574717945815e+01 
 2.872984833353721e+04  1.594533223812276e+01 
 2.928644564625295e+04  1.594490106016566e+01 
 2.985382618918019e+04  1.594445301012818e+01 
 3.043219887107782e+04  1.594398742767227e+01 
 3.102177664799563e+04  1.594350362659786e+01 
 3.162277660168443e+04  1.594300089384238e+01 
 3.223542001952527e+04  1.594247848842727e+01 
 3.285993247600720e+04  1.594193564035288e+01 
 3.349654391578344e+04  1.594137154946890e+01 
 3.414548873833670e+04  1.594078538429341e+01 
 3.480700588428481e+04  1.594017628078493e+01 
 3.548133892335826e+04  1.593954334105960e+01 
 3.616873614408232e+04  1.593888563207594e+01 
 3.686945064519650e+04  1.593820218424053e+01 
 3.758374042884518e+04  1.593749199000149e+01 
 3.831186849557365e+04  1.593675400232923e+01 
 3.905410294116459e+04  1.593598713318820e+01 
 3.981071705535053e+04  1.593519025192694e+01 
 4.058198942243881e+04  1.593436218359898e+01 
 4.136820402388591e+04  1.593350170723557e+01 
 4.216965034285909e+04  1.593260755403472e+01 
 4.298662347082365e+04  1.593167840548984e+01 
 4.381942421619527e+04  1.593071289143551e+01 
 4.466835921509723e+04  1.592970958802280e+01 
 4.553374104426344e+04  1.592866701561492e+01 
 4.641588833612874e+04  1.592758363659677e+01 
 4.731512589614902e+04  1.592645785310292e+01 
 4.823178482239406e+04  1.592528800465234e+01 
 4.916620262745745e+04  1.592407236569527e+01 
 5.011872336272826e+04  1.592280914305029e+01 
 5.108969774507033e+04  1.592149647326235e+01 
 5.207948328595571e+04  1.592013241983624e+01 
 5.308844442309994e+04  1.591871497037348e+01 
 5.411695265464750e+04  1.591724203359775e+01 
 5.516538667595695e+04  1.591571143625200e+01 
 5.623413251903608e+04  1.591412091988416e+01 
 5.732358369467833e+04  1.591246813750568e+01 
 5.843414133735298e+04  1.591075065011473e+01 
 5.956621435290229e+04  1.590896592308262e+01 
 6.072021956910013e+04  1.590711132239664e+01 
 6.189658188912735e+04  1.590518411077846e+01 
 6.309573444802065e+04  1.590318144360493e+01 
 6.431811877215223e+04  1.590110036470739e+01 
 6.556418494179926e+04  1.589893780200361e+01 
 6.683439175686287e+04  1.589669056292637e+01 
 6.812920690579756e+04  1.589435532971394e+01 
 6.944910713781358e+04  1.589192865449087e+01 
 7.079457843841528e+04  1.588940695416218e+01 
 7.216611620834035e+04  1.588678650510263e+01 
 7.356422544596568e+04  1.588406343766571e+01 
 7.498942093324717e+04  1.588123373043132e+01 
 7.644222742526165e+04  1.587829320426489e+01 
 7.792317984342107e+04  1.587523751613868e+01 
 7.943282347242984e+04  1.587206215270573e+01 
 8.097171416105793e+04  1.586876242361828e+01 
 8.254041852680361e+04  1.586533345461745e+01 
 8.413951416452132e+04  1.586177018029669e+01 
 8.576958985909125e+04  1.585806733666253e+01 
 8.743124580220925e+04  1.585421945333330e+01 
 8.912509381337647e+04  1.585022084548146e+01 
 9.085175756517064e+04  1.584606560546284e+01 
 9.261187281288135e+04  1.584174759410704e+01 
 9.440608762859438e+04  1.583726043168351e+01 
 9.623506263981095e+04  1.583259748852070e+01 
 9.809947127268986e+04  1.582775187527817e+01 
 1.000000000000022e+05  1.582271643283895e+01 
 1.019373485938895e+05  1.581748372181997e+01 
 1.039122303835192e+05  1.581204601168233e+01 
 1.059253725177312e+05  1.580639526947228e+01 
 1.079775162327733e+05  1.580052314806869e+01 
 1.100694171252234e+05  1.579442097407781e+01 
 1.122018454301988e+05  1.578807973521418e+01 
 1.143755863049563e+05  1.578149006727372e+01 
 1.165914401179858e+05  1.577464224057298e+01 
 1.188502227437045e+05  1.576752614597210e+01 
 1.211527658628615e+05  1.576013128033479e+01 
 1.234999172687612e+05  1.575244673150470e+01 
 1.258925411794195e+05  1.574446116275562e+01 
 1.283315185557680e+05  1.573616279666624e+01 
 1.308177474260223e+05  1.572753939852215e+01 
 1.333521432163354e+05  1.571857825905763e+01 
 1.359356390878556e+05  1.570926617670014e+01 
 1.385691862803159e+05  1.569958943919598e+01 
 1.412537544622786e+05  1.568953380466113e+01 
 1.439903320881665e+05  1.567908448203121e+01 
 1.467799267622102e+05  1.566822611088796e+01 
 1.496235656094467e+05  1.565694274074757e+01 
 1.525222956539053e+05  1.564521780965121e+01 
 1.554771842041208e+05  1.563303412223500e+01 
 1.584893192461149e+05  1.562037382715862e+01 
 1.615598098439910e+05  1.560721839393501e+01 
 1.646897865482905e+05  1.559354858923910e+01 
 1.678804018122598e+05  1.557934445258827e+01 
 1.711328304161819e+05  1.556458527154347e+01 
 1.744482698999293e+05  1.554924955635540e+01 
 1.778279410038963e+05  1.553331501416600e+01 
 1.812730881184740e+05  1.551675852275471e+01 
 1.847849797422333e+05  1.549955610390980e+01 
 1.883649089489843e+05  1.548168289649320e+01 
 1.920141938638845e+05  1.546311312916750e+01 
 1.957341781487705e+05  1.544382009307197e+01 
 1.995262314968925e+05  1.542377611429866e+01 
 2.033917501372338e+05  1.540295252638871e+01 
 2.073321573486003e+05  1.538131964308248e+01 
 2.113489039836695e+05  1.535884673118895e+01 
 2.154434690031933e+05  1.533550198392422e+01 
 2.196173600205487e+05  1.531125249496703e+01 
 2.238721138568391e+05  1.528606423308185e+01 
 2.282092971067503e+05  1.525990201795396e+01 
 2.326305067153680e+05  1.523272949713108e+01 
 2.371373705661710e+05  1.520450912454840e+01 
 2.417315480804160e+05  1.517520214086562e+01 
 2.464147308281339e+05  1.514476855585991e+01 
 2.511886431509639e+05  1.511316713341418e+01 
 2.560550427970536e+05  1.508035537933015e+01 
 2.610157215682598e+05  1.504628953248255e+01 
 2.660725059798872e+05  1.501092455971284e+01 
 2.712272579332092e+05  1.497421415511964e+01 
 2.764818754010173e+05  1.493611074402720e+01 
 2.818382931264520e+05  1.489656549255355e+01 
 2.872984833353732e+05  1.485552832312077e+01 
 2.928644564625305e+05  1.481294793677211e+01 
 2.985382618918030e+05  1.476877184295476e+01 
 3.043219887107793e+05  1.472294639750308e+01 
 3.102177664799574e+05  1.467541684961797e+01 
 3.162277660168454e+05  1.462612739886008e+01 
 3.223542001952539e+05  1.457502126277417e+01 
 3.285993247600733e+05  1.452204075619590e+01 
 3.349654391578356e+05  1.446712738316908e+01 
 3.414548873833683e+05  1.441022194245945e+01 
 3.480700588428493e+05  1.435126464741930e+01 
 3.548133892335839e+05  1.429019526144401e+01 
 3.616873614408245e+05  1.422695324971703e+01 
 3.686945064519664e+05  1.416147794822463e+01 
 3.758374042884532e+05  1.409370875095131e+01 
 3.831186849557380e+05  1.402358531581565e+01 
 3.905410294116474e+05  1.395104779034793e+01 
 3.981071705535068e+05  1.387603705738687e+01 
 4.058198942243896e+05  1.379849500128895e+01 
 4.136820402388607e+05  1.371836479505602e+01 
 4.216965034285925e+05  1.363559120807708e+01 
 4.298662347082381e+05  1.355012093479285e+01 
 4.381942421619543e+05  1.346190294310852e+01 
 4.466835921509740e+05  1.337088884258604e+01 
 4.553374104426361e+05  1.327703327065093e+01 
 4.641588833612892e+05  1.318029429572726e+01 
 4.731512589614920e+05  1.308063383533376e+01 
 4.823178482239424e+05  1.297801808672453e+01 
 4.916620262745764e+05  1.287241796769491e+01 
 5.011872336272846e+05  1.276380956400526e+01 
 5.108969774507053e+05  1.265217458014802e+01 
 5.207948328595592e+05  1.253750078909824e+01 
 5.308844442310014e+05  1.241978247683114e+01 
 5.411695265464770e+05  1.229902087649098e+01 
 5.516538667595716e+05  1.217522458708939e+01 
 5.623413251903630e+05  1.204840997108273e+01 
 5.732358369467856e+05  1.191860152492487e+01 
 5.843414133735321e+05  1.178583221692654e+01 
 5.956621435290253e+05  1.165014378590767e+01 
 6.072021956910037e+05  1.151158699492289e+01 
 6.189658188912760e+05  1.137022183419844e+01 
 6.309573444802091e+05  1.122611766760846e+01 
 6.431811877215249e+05  1.107935331738355e+01 
 6.556418494179953e+05  1.093001708276603e+01 
 6.683439175686314e+05  1.077820668841342e+01 
 6.812920690579783e+05  1.062402915936415e+01 
 6.944910713781386e+05  1.046760062061958e+01 
 7.079457843841556e+05  1.030904601972886e+01 
 7.216611620834064e+05  1.014849877273924e+01 
 7.356422544596598e+05  9.986100334050368e+00 
 7.498942093324747e+05  9.821999692889607e+00 
 7.644222742526196e+05  9.656352799577462e+00 
 7.792317984342139e+05  9.489321926092479e+00 
 7.943282347243016e+05  9.321074967084032e+00 
 8.097171416105825e+05  9.151784687525566e+00 
 8.254041852680393e+05  8.981627925230907e+00 
 8.413951416452165e+05  8.810784756079192e+00 
 8.576958985909160e+05  8.639437631572985e+00 
 8.743124580220960e+05  8.467770497837694e+00 
 8.912509381337684e+05  8.295967905920453e+00 
 9.085175756517102e+05  8.124214123087709e+00 
 9.261187281288174e+05  7.952692255075180e+00 
 9.440608762859477e+05  7.781583388111316e+00 
 9.623506263981134e+05  7.611065760245143e+00 
 9.809947127269027e+05  7.441313969323211e+00 
 1.000000000000026e+06  7.272498225943878e+00 
 1.019373485938899e+06  7.104783657124094e+00 
 1.039122303835196e+06  6.938329666739263e+00 
 1.059253725177316e+06  6.773289356954257e+00 
 1.079775162327738e+06  6.609809014238759e+00 
 1.100694171252238e+06  6.448027662196018e+00 
 1.122018454301993e+06  6.288076682661323e+00 
 1.143755863049568e+06  6.130079505366540e+00 
 1.165914401179862e+06  5.974151365349989e+00 
 1.188502227437050e+06  5.820399126965539e+00 
 1.211527658628620e+06  5.668921171985799e+00 
 1.234999172687617e+06  5.519807348926757e+00 
 1.258925411794200e+06  5.373138980131838e+00 
 1.283315185557685e+06  5.228988922681895e+00 
 1.308177474260229e+06  5.087421678765534e+00 
 1.333521432163359e+06  4.948493551005709e+00 
 1.359356390878562e+06  4.812252838105840e+00 
 1.385691862803164e+06  4.678740065751008e+00 
 1.412537544622792e+06  4.547988248455660e+00 
 1.439903320881672e+06  4.420023177360511e+00 
 1.467799267622109e+06  4.294863729452112e+00 
 1.496235656094474e+06  4.172522194148391e+00 
 1.525222956539060e+06  4.053004612802741e+00 
 1.554771842041215e+06  3.936311127709539e+00 
 1.584893192461156e+06  3.822436336590474e+00 
 1.615598098439918e+06  3.711369649924541e+00 
 1.646897865482913e+06  3.603095647634575e+00 
 1.678804018122606e+06  3.497594433015722e+00 
 1.711328304161827e+06  3.394841981289332e+00 
 1.744482698999302e+06  3.294810481013692e+00 
 1.778279410038971e+06  3.197468666526318e+00 
 1.812730881184748e+06  3.102782140072097e+00 
 1.847849797422342e+06  3.010713682429449e+00 
 1.883649089489852e+06  2.921223551077478e+00 
 1.920141938638854e+06  2.834269765275180e+00 
 1.957341781487714e+06  2.749808377444402e+00 
 1.995262314968935e+06  2.667793730569498e+00 
 2.033917501372348e+06  2.588178701434132e+00 
 2.073321573486012e+06  2.510914929642218e+00 
 2.113489039836705e+06  2.435953032511138e+00 
 2.154434690031943e+06  2.363242806000268e+00 
 2.196173600205497e+06  2.292733411988370e+00 
 2.238721138568402e+06  2.224373552155839e+00 
 2.282092971067514e+06  2.158111629030101e+00 
 2.326305067153691e+06  2.093895894454202e+00 
 2.371373705661722e+06  2.031674586120145e+00 
 2.417315480804171e+06  1.971396052584387e+00 
 2.464147308281350e+06  1.913008867384470e+00 
 2.511886431509650e+06  1.856461932705145e+00 
 2.560550427970548e+06  1.801704573237111e+00 
 2.610157215682610e+06  1.748686620710797e+00 
 2.660725059798884e+06  1.697358489666090e+00 
 2.712272579332104e+06  1.647671245040677e+00 
 2.764818754010185e+06  1.599576662001606e+00 
 2.818382931264533e+06  1.553027278642039e+00 
 2.872984833353746e+06  1.507976441923898e+00 
 2.928644564625319e+06  1.464378347413680e+00 
 2.985382618918044e+06  1.422188073264806e+00 
 3.043219887107808e+06  1.381361608781446e+00 
 3.102177664799589e+06  1.341855878120775e+00 
 3.162277660168469e+06  1.303628759380260e+00 
 3.223542001952555e+06  1.266639099556671e+00 
 3.285993247600748e+06  1.230846725626846e+00 
 3.349654391578372e+06  1.196212452142487e+00 
 3.414548873833699e+06  1.162698085611656e+00 
 3.480700588428510e+06  1.130266425968329e+00 
 3.548133892335856e+06  1.098881265397210e+00 
 3.616873614408263e+06  1.068507384740914e+00 
 3.686945064519682e+06  1.039110547777354e+00 
 3.758374042884550e+06  1.010657493513613e+00 
 3.831186849557398e+06  9.831159267602312e-01 
 3.905410294116493e+06  9.564545071347239e-01 
 3.981071705535088e+06  9.306428366774712e-01 
 4.058198942243916e+06  9.056514462600079e-01 
 4.136820402388627e+06  8.814517808978709e-01 
 4.216965034285945e+06  8.580161841260223e-01 
 4.298662347082402e+06  8.353178815809249e-01 
 4.381942421619564e+06  8.133309638687716e-01 
 4.466835921509761e+06  7.920303688421121e-01 
 4.553374104426382e+06  7.713918634015908e-01 
 4.641588833612914e+06  7.513920248875809e-01 
 4.731512589614943e+06  7.320082221584523e-01 
 4.823178482239448e+06  7.132185964199219e-01 
 4.916620262745787e+06  6.950020419113849e-01 
 5.011872336272870e+06  6.773381864446907e-01 
 5.108969774507078e+06  6.602073719332937e-01 
 5.207948328595617e+06  6.435906349028608e-01 
 5.308844442310040e+06  6.274696870680300e-01 
 5.411695265464797e+06  6.118268959971752e-01 
 5.516538667595743e+06  5.966452659261428e-01 
 5.623413251903657e+06  5.819084187340809e-01 
 5.732358369467883e+06  5.676005751384461e-01 
 5.843414133735349e+06  5.537065361120608e-01 
 5.956621435290282e+06  5.402116645718469e-01 
 6.072021956910066e+06  5.271018673487747e-01 
 6.189658188912790e+06  5.143635774626775e-01 
 6.309573444802121e+06  5.019837367247324e-01 
 6.431811877215280e+06  4.899497786719927e-01 
 6.556418494179985e+06  4.782496118639164e-01 
 6.683439175686347e+06  4.668716035395932e-01 
 6.812920690579819e+06  4.558045636429622e-01 
 6.944910713781422e+06  4.450377292475893e-01 
 7.079457843841594e+06  4.345607493493978e-01 
 7.216611620834101e+06  4.243636700664464e-01 
 7.356422544596637e+06  4.144369202368861e-01 
 7.498942093324786e+06  4.047712974043753e-01 
 7.644222742526235e+06  3.953579542167221e-01 
 7.792317984342178e+06  3.861883852179461e-01 
 7.943282347243057e+06  3.772544140379875e-01 
 8.097171416105866e+06  3.685481809825255e-01 
 8.254041852680436e+06  3.600621310152353e-01 
 8.413951416452209e+06  3.517890021301509e-01 
 8.576958985909205e+06  3.437218141067892e-01 
 8.743124580221005e+06  3.358538576475836e-01 
 8.912509381337730e+06  3.281786838904471e-01 
 9.085175756517148e+06  3.206900942877542e-01 
 9.261187281288220e+06  3.133821308449862e-01 
 9.440608762859525e+06  3.062490667136028e-01 
 9.623506263981184e+06  2.992853971331327e-01 
 9.809947127269078e+06  2.924858307084943e-01 
 1.000000000000031e+07  2.858452810145790e-01 
 1.019373485938904e+07  2.793588585303550e-01 
 1.039122303835201e+07  2.730218628750554e-01 
 1.059253725177322e+07  2.668297753578403e-01 
 1.079775162327743e+07  2.607782518144900e-01 
 1.100694171252244e+07  2.548631157329112e-01 
 1.122018454301998e+07  2.490803516568957e-01 
 1.143755863049574e+07  2.434260988511165e-01 
 1.165914401179868e+07  2.378966452312980e-01 
 1.188502227437056e+07  2.324884215337049e-01 
 1.211527658628627e+07  2.271979957316030e-01 
 1.234999172687624e+07  2.220220676793948e-01 
 1.258925411794207e+07  2.169574639731404e-01 
 1.283315185557692e+07  2.120011330265051e-01 
 1.308177474260235e+07  2.071501403492203e-01 
 1.333521432163366e+07  2.024016640166906e-01 
 1.359356390878569e+07  1.977529903242106e-01 
 1.385691862803171e+07  1.932015096208993e-01 
 1.412537544622799e+07  1.887447123040721e-01 
 1.439903320881679e+07  1.843801849789536e-01 
 1.467799267622116e+07  1.801056067644523e-01 
 1.496235656094481e+07  1.759187457465418e-01 
 1.525222956539068e+07  1.718174555600269e-01 
 1.554771842041223e+07  1.677996721021233e-01 
 1.584893192461164e+07  1.638634103652597e-01 
 1.615598098439926e+07  1.600067613810540e-01 
 1.646897865482921e+07  1.562278892718029e-01 
 1.678804018122614e+07  1.525250283989257e-01 
 1.711328304161836e+07  1.488964806071664e-01 
 1.744482698999310e+07  1.453406125533449e-01 
 1.778279410038980e+07  1.418558531171223e-01 
 1.812730881184757e+07  1.384406908885743e-01 
 1.847849797422351e+07  1.350936717241825e-01 
 1.883649089489862e+07  1.318133963710029e-01 
 1.920141938638864e+07  1.285985181521831e-01 
 1.957341781487724e+07  1.254477407101296e-01 
 1.995262314968945e+07  1.223598158023659e-01 
 2.033917501372358e+07  1.193335411527228e-01 
 2.073321573486023e+07  1.163677583465429e-01 
 2.113489039836716e+07  1.134613507740959e-01 
 2.154434690031954e+07  1.106132416172896e-01 
 2.196173600205508e+07  1.078223918801978e-01 
 2.238721138568413e+07  1.050877984591774e-01 
 2.282092971067526e+07  1.024084922545798e-01 
 2.326305067153703e+07  9.978353632252157e-02 
 2.371373705661734e+07  9.721202406632039e-02 
 2.417315480804184e+07  9.469307746894121e-02 
 2.464147308281364e+07  9.222584536616944e-02 
 2.511886431509664e+07  8.980950176146528e-02 
 2.560550427970562e+07  8.744324418477951e-02 
 2.610157215682624e+07  8.512629209481912e-02 
 2.660725059798899e+07  8.285788532866398e-02 
 2.712272579332119e+07  8.063728259865813e-02 
 2.764818754010200e+07  7.846376003934682e-02 
 2.818382931264548e+07  7.633660980724072e-02 
 2.872984833353761e+07  7.425513873299594e-02 
 2.928644564625335e+07  7.221866703247599e-02 
 2.985382618918060e+07  7.022652707272474e-02 
 3.043219887107825e+07  6.827806220114588e-02 
 3.102177664799606e+07  6.637262563580233e-02 
 3.162277660168486e+07  6.450957941931938e-02 
 3.223542001952572e+07  6.268829343876238e-02 
 3.285993247600766e+07  6.090814451293662e-02 
 3.349654391578390e+07  5.916851554641085e-02 
 3.414548873833718e+07  5.746879475337932e-02 
 3.480700588428529e+07  5.580837495094485e-02 
 3.548133892335875e+07  5.418665292134993e-02 
 3.616873614408282e+07  5.260302884423218e-02 
 3.686945064519701e+07  5.105690579766572e-02 
 3.758374042884570e+07  4.954768932746362e-02 
 3.831186849557418e+07  4.807478708362398e-02 
 3.905410294116513e+07  4.663760852248097e-02 
 3.981071705535109e+07  4.523556467200306e-02 
 4.058198942243937e+07  4.386806795968452e-02 
 4.136820402388649e+07  4.253453209851672e-02 
 4.216965034285967e+07  4.123437203012104e-02 
 4.298662347082424e+07  3.996700392102854e-02 
 4.381942421619587e+07  3.873184520861127e-02 
 4.466835921509784e+07  3.752831469458025e-02 
 4.553374104426406e+07  3.635583268075154e-02 
 4.641588833612939e+07  3.521382114431573e-02 
 4.731512589614968e+07  3.410170394852438e-02 
 4.823178482239473e+07  3.301890708462342e-02 
 4.916620262745813e+07  3.196485894115240e-02 
 5.011872336272896e+07  3.093899059658042e-02 
 5.108969774507105e+07  2.994073613102310e-02 
 5.207948328595644e+07  2.896953295361917e-02 
 5.308844442310068e+07  2.802482214070216e-02 
 5.411695265464825e+07  2.710604878228437e-02 
 5.516538667595772e+07  2.621266233172866e-02 
 5.623413251903687e+07  2.534411695646489e-02 
 5.732358369467914e+07  2.449987188527650e-02 
 5.843414133735380e+07  2.367939174991781e-02 
 5.956621435290314e+07  2.288214691748127e-02 
 6.072021956910098e+07  2.210761381132442e-02 
 6.189658188912823e+07  2.135527521758289e-02 
 6.309573444802155e+07  2.062462057563206e-02 
 6.431811877215314e+07  1.991514625006891e-02 
 6.556418494180020e+07  1.922635578275157e-02 
 6.683439175686382e+07  1.855776012341761e-02 
 6.812920690579854e+07  1.790887783774495e-02 
 6.944910713781458e+07  1.727923529180437e-02 
 7.079457843841630e+07  1.666836681243366e-02 
 7.216611620834139e+07  1.607581482297189e-02 
 7.356422544596675e+07  1.550112995424533e-02 
 7.498942093324825e+07  1.494387113089215e-02 
 7.644222742526275e+07  1.440360563311047e-02 
 7.792317984342219e+07  1.387990913467268e-02 
 7.943282347243099e+07  1.337236571742757e-02 
 8.097171416105910e+07  1.288056786353745e-02 
 8.254041852680480e+07  1.240411642614292e-02 
 8.413951416452253e+07  1.194262057983308e-02 
 8.576958985909249e+07  1.149569775202717e-02 
 8.743124580221051e+07  1.106297353675552e-02 
 8.912509381337777e+07  1.064408159223502e-02 
 9.085175756517196e+07  1.023866352384012e-02 
 9.261187281288269e+07  9.846368753999456e-03 
 9.440608762859575e+07  9.466854380681854e-03 
 9.623506263981235e+07  9.099785026126340e-03 
 9.809947127269129e+07  8.744832677398520e-03 
 1.000000000000036e+08  8.401676520471068e-03 
 1.019373485938910e+08  8.070002769371063e-03 
 1.039122303835207e+08  7.749504491952718e-03 
 1.059253725177327e+08  7.439881433803899e-03 
 1.079775162327749e+08  7.140839841667083e-03 
 1.100694171252250e+08  6.852092287732771e-03 
 1.122018454302004e+08  6.573357496022611e-03 
 1.143755863049580e+08  6.304360172014520e-03 
 1.165914401179874e+08  6.044830836525593e-03 
 1.188502227437062e+08  5.794505664800148e-03 
 1.211527658628633e+08  5.553126331548263e-03 
 1.234999172687630e+08  5.320439862673474e-03 
 1.258925411794214e+08  5.096198494224513e-03 
 1.283315185557698e+08  4.880159539015981e-03 
 1.308177474260242e+08  4.672085261256080e-03 
 1.333521432163373e+08  4.471742759386403e-03 
 1.359356390878576e+08  4.278903857259263e-03 
 1.385691862803179e+08  4.093345003629100e-03 
 1.412537544622807e+08  3.914847179897960e-03 
 1.439903320881687e+08  3.743195815903107e-03 
 1.467799267622124e+08  3.578180713503284e-03 
 1.496235656094489e+08  3.419595977624814e-03 
 1.525222956539075e+08  3.267239954353778e-03 
 1.554771842041231e+08  3.120915175640463e-03 
 1.584893192461172e+08  2.980428310087065e-03 
 1.615598098439934e+08  2.845590119305034e-03 
 1.646897865482930e+08  2.716215419251647e-03 
 1.678804018122623e+08  2.592123045980759e-03 
 1.711328304161845e+08  2.473135825187142e-03 
 1.744482698999319e+08  2.359080544958650e-03 
 1.778279410038989e+08  2.249787931138825e-03 
 1.812730881184767e+08  2.145092624702312e-03 
 1.847849797422360e+08  2.044833160591740e-03 
 1.883649089489871e+08  1.948851947456112e-03 
 1.920141938638874e+08  1.856995247787208e-03 
 1.957341781487734e+08  1.769113157957834e-03 
 1.995262314968955e+08  1.685059587724063e-03 
 2.033917501372368e+08  1.604692238771724e-03 
 2.073321573486033e+08  1.527872581946623e-03 
 2.113489039836726e+08  1.454465832832511e-03 
 2.154434690031965e+08  1.384340925400395e-03 
 2.196173600205519e+08  1.317370483479930e-03 
 2.238721138568424e+08  1.253430789860269e-03 
 2.282092971067536e+08  1.192401752858806e-03 
 2.326305067153714e+08  1.134166870244883e-03 
 2.371373705661745e+08  1.078613190436540e-03 
 2.417315480804195e+08  1.025631270935798e-03 
 2.464147308281375e+08  9.751151339889927e-04 
 2.511886431509675e+08  9.269622195040981e-04 
 2.560550427970573e+08  8.810733352785558e-04 
 2.610157215682636e+08  8.373526046187111e-04 
 2.660725059798911e+08  7.957074114590315e-04 
 2.712272579332131e+08  7.560483431063838e-04 
 2.764818754010212e+08  7.182891307556060e-04 
 2.818382931264561e+08  6.823465879364760e-04 
 2.872984833353774e+08  6.481405470648436e-04 
 2.928644564625348e+08  6.155937942799567e-04 
 2.985382618918073e+08  5.846320027600582e-04 
 3.043219887107838e+08  5.551836647086987e-04 
 3.102177664799619e+08  5.271800222119684e-04 
 3.162277660168500e+08  5.005549971628351e-04 
 3.223542001952586e+08  4.752451204520520e-04 
 3.285993247600780e+08  4.511894606182458e-04 
 3.349654391578405e+08  4.283295521486570e-04 
 3.414548873833733e+08  4.066093236140903e-04 
 3.480700588428544e+08  3.859750258163288e-04 
 3.548133892335891e+08  3.663751601172601e-04 
 3.616873614408299e+08  3.477604071118506e-04 
 3.686945064519718e+08  3.300835557962473e-04 
 3.758374042884587e+08  3.132994333743589e-04 
 3.831186849557436e+08  2.973648358345022e-04 
 3.905410294116532e+08  2.822384594190163e-04 
 3.981071705535128e+08  2.678808330981986e-04 
 4.058198942243956e+08  2.542542521503265e-04 
 4.136820402388668e+08  2.413227129389105e-04 
 4.216965034285987e+08  2.290518489683122e-04 
 4.298662347082445e+08  2.174088682889702e-04 
 4.381942421619608e+08  2.063624923142011e-04 
 4.466835921509806e+08  1.958828961009316e-04 
 4.553374104426428e+08  1.859416501384509e-04 
 4.641588833612961e+08  1.765116636804230e-04 
 4.731512589614991e+08  1.675671296480315e-04 
 4.823178482239497e+08  1.590834711242899e-04 
 4.916620262745838e+08  1.510372894529562e-04 
 5.011872336272921e+08  1.434063139488293e-04 
 5.108969774507130e+08  1.361693532205524e-04 
 5.207948328595670e+08  1.293062481012854e-04 
 5.308844442310094e+08  1.227978261779399e-04 
 5.411695265464852e+08  1.166258579049853e-04 
 5.516538667595799e+08  1.107730142849212e-04 
 5.623413251903714e+08  1.052228260938149e-04 
 5.732358369467942e+08  9.995964462715352e-05 
 5.843414133735409e+08  9.496860393845494e-05 
 5.956621435290343e+08  9.023558454069871e-05 
 6.072021956910129e+08  8.574717853848662e-05 
 6.189658188912854e+08  8.149065615712961e-05 
 6.309573444802186e+08  7.745393363350084e-05 
 6.431811877215347e+08  7.362554243216922e-05 
 6.556418494180053e+08  6.999459974959429e-05 
 6.683439175686417e+08  6.655078026839187e-05 
 6.812920690579889e+08  6.328428912330429e-05 
 6.944910713781494e+08  6.018583604022560e-05 
 7.079457843841667e+08  5.724661060958313e-05 
 7.216611620834177e+08  5.445825865547213e-05 
 7.356422544596714e+08  5.181285966216543e-05 
 7.498942093324865e+08  4.930290521999064e-05 
 7.644222742526315e+08  4.692127845303792e-05 
 7.792317984342260e+08  4.466123439173939e-05 
 7.943282347243141e+08  4.251638125398534e-05 
 8.097171416105952e+08  4.048066259922191e-05 
 8.254041852680523e+08  3.854834032068913e-05 
 8.413951416452297e+08  3.671397844186751e-05 
 8.576958985909294e+08  3.497242768400684e-05 
 8.743124580221096e+08  3.331881077258107e-05 
 8.912509381337823e+08  3.174850845138527e-05 
 9.085175756517242e+08  3.025714617399646e-05 
 9.261187281288317e+08  2.884058144322895e-05 
 9.440608762859625e+08  2.749489177021657e-05 
 9.623506263981285e+08  2.621636322570174e-05 
 9.809947127269181e+08  2.500147955707749e-05 
 1.000000000000042e+09  2.384691184568286e-05 
