 frequency       onoise_spectrum inoise_spectrum
 1.00000000e+00  7.25497559e-06  2.27159340e-07 
 1.02329299e+00  7.18025977e-06  2.24819925e-07 
 1.04712855e+00  7.10632505e-06  2.22504967e-07 
 1.07151931e+00  7.03316314e-06  2.20214207e-07 
 1.09647820e+00  6.96076586e-06  2.17947388e-07 
 1.12201845e+00  6.88912508e-06  2.15704255e-07 
 1.14815362e+00  6.81823280e-06  2.13484559e-07 
 1.17489755e+00  6.74808107e-06  2.11288049e-07 
 1.20226443e+00  6.67866204e-06  2.09114482e-07 
 1.23026877e+00  6.60996795e-06  2.06963612e-07 
 1.25892541e+00  6.54199112e-06  2.04835201e-07 
 1.28824955e+00  6.47472394e-06  2.02729010e-07 
 1.31825674e+00  6.40815891e-06  2.00644803e-07 
 1.34896288e+00  6.34228858e-06  1.98582348e-07 
 1.38038426e+00  6.27710559e-06  1.96541414e-07 
 1.41253754e+00  6.21260268e-06  1.94521774e-07 
 1.44543977e+00  6.14877264e-06  1.92523202e-07 
 1.47910839e+00  6.08560835e-06  1.90545476e-07 
 1.51356125e+00  6.02310276e-06  1.88588374e-07 
 1.54881662e+00  5.96124891e-06  1.86651678e-07 
 1.58489319e+00  5.90003989e-06  1.84735173e-07 
 1.62181010e+00  5.83946890e-06  1.82838644e-07 
 1.65958691e+00  5.77952918e-06  1.80961882e-07 
 1.69824365e+00  5.72021406e-06  1.79104676e-07 
 1.73780083e+00  5.66151694e-06  1.77266820e-07 
 1.77827941e+00  5.60343128e-06  1.75448110e-07 
 1.81970086e+00  5.54595063e-06  1.73648342e-07 
 1.86208714e+00  5.48906858e-06  1.71867318e-07 
 1.90546072e+00  5.43277882e-06  1.70104839e-07 
 1.94984460e+00  5.37707509e-06  1.68360708e-07 
 1.99526231e+00  5.32195121e-06  1.66634733e-07 
 2.04173794e+00  5.26740104e-06  1.64926722e-07 
 2.08929613e+00  5.21341853e-06  1.63236485e-07 
 2.13796209e+00  5.15999770e-06  1.61563834e-07 
 2.18776162e+00  5.10713261e-06  1.59908584e-07 
 2.23872114e+00  5.05481740e-06  1.58270551e-07 
 2.29086765e+00  5.00304627e-06  1.56649554e-07 
 2.34422882e+00  4.95181348e-06  1.55045412e-07 
 2.39883292e+00  4.90111335e-06  1.53457949e-07 
 2.45470892e+00  4.85094027e-06  1.51886988e-07 
 2.51188643e+00  4.80128868e-06  1.50332355e-07 
 2.57039578e+00  4.75215309e-06  1.48793879e-07 
 2.63026799e+00  4.70352805e-06  1.47271388e-07 
 2.69153480e+00  4.65540818e-06  1.45764715e-07 
 2.75422870e+00  4.60778818e-06  1.44273693e-07 
 2.81838293e+00  4.56066276e-06  1.42798157e-07 
 2.88403150e+00  4.51402672e-06  1.41337944e-07 
 2.95120923e+00  4.46787491e-06  1.39892892e-07 
 3.01995172e+00  4.42220224e-06  1.38462842e-07 
 3.09029543e+00  4.37700365e-06  1.37047637e-07 
 3.16227766e+00  4.33227416e-06  1.35647119e-07 
 3.23593657e+00  4.28800883e-06  1.34261135e-07 
 3.31131121e+00  4.24420278e-06  1.32889531e-07 
 3.38844156e+00  4.20085119e-06  1.31532156e-07 
 3.46736850e+00  4.15794926e-06  1.30188861e-07 
 3.54813389e+00  4.11549228e-06  1.28859498e-07 
 3.63078055e+00  4.07347556e-06  1.27543919e-07 
 3.71535229e+00  4.03189448e-06  1.26241981e-07 
 3.80189396e+00  3.99074446e-06  1.24953539e-07 
 3.89045145e+00  3.95002097e-06  1.23678453e-07 
 3.98107171e+00  3.90971953e-06  1.22416581e-07 
 4.07380278e+00  3.86983571e-06  1.21167785e-07 
 4.16869383e+00  3.83036512e-06  1.19931928e-07 
 4.26579519e+00  3.79130342e-06  1.18708874e-07 
 4.36515832e+00  3.75264633e-06  1.17498488e-07 
 4.46683592e+00  3.71438959e-06  1.16300638e-07 
 4.57088190e+00  3.67652900e-06  1.15115191e-07 
 4.67735141e+00  3.63906041e-06  1.13942018e-07 
 4.78630092e+00  3.60197971e-06  1.12780991e-07 
 4.89778819e+00  3.56528283e-06  1.11631981e-07 
 5.01187234e+00  3.52896574e-06  1.10494862e-07 
 5.12861384e+00  3.49302446e-06  1.09369511e-07 
 5.24807460e+00  3.45745505e-06  1.08255803e-07 
 5.37031796e+00  3.42225362e-06  1.07153617e-07 
 5.49540874e+00  3.38741631e-06  1.06062832e-07 
 5.62341325e+00  3.35293931e-06  1.04983328e-07 
 5.75439937e+00  3.31881883e-06  1.03914987e-07 
 5.88843655e+00  3.28505116e-06  1.02857693e-07 
 6.02559586e+00  3.25163259e-06  1.01811330e-07 
 6.16595002e+00  3.21855947e-06  1.00775783e-07 
 6.30957344e+00  3.18582818e-06  9.97509388e-08 
 6.45654229e+00  3.15343515e-06  9.87366860e-08 
 6.60693448e+00  3.12137684e-06  9.77329135e-08 
 6.76082975e+00  3.08964974e-06  9.67395117e-08 
 6.91830971e+00  3.05825040e-06  9.57563721e-08 
 7.07945784e+00  3.02717538e-06  9.47833874e-08 
 7.24435960e+00  2.99642130e-06  9.38204515e-08 
 7.41310241e+00  2.96598480e-06  9.28674593e-08 
 7.58577575e+00  2.93586257e-06  9.19243069e-08 
 7.76247117e+00  2.90605131e-06  9.09908916e-08 
 7.94328235e+00  2.87654778e-06  9.00671115e-08 
 8.12830516e+00  2.84734877e-06  8.91528661e-08 
 8.31763771e+00  2.81845109e-06  8.82480557e-08 
 8.51138038e+00  2.78985161e-06  8.73525820e-08 
 8.70963590e+00  2.76154720e-06  8.64663474e-08 
 8.91250938e+00  2.73353479e-06  8.55892555e-08 
 9.12010839e+00  2.70581134e-06  8.47212109e-08 
 9.33254301e+00  2.67837382e-06  8.38621193e-08 
 9.54992586e+00  2.65121925e-06  8.30118872e-08 
 9.77237221e+00  2.62434469e-06  8.21704224e-08 
 1.00000000e+01  2.59774722e-06  8.13376333e-08 
 1.02329299e+01  2.57142394e-06  8.05134295e-08 
 1.04712855e+01  2.54537201e-06  7.96977216e-08 
 1.07151931e+01  2.51958858e-06  7.88904211e-08 
 1.09647820e+01  2.49407087e-06  7.80914403e-08 
 1.12201845e+01  2.46881611e-06  7.73006927e-08 
 1.14815362e+01  2.44382156e-06  7.65180924e-08 
 1.17489755e+01  2.41908451e-06  7.57435547e-08 
 1.20226443e+01  2.39460228e-06  7.49769957e-08 
 1.23026877e+01  2.37037222e-06  7.42183322e-08 
 1.25892541e+01  2.34639170e-06  7.34674822e-08 
 1.28824955e+01  2.32265813e-06  7.27243644e-08 
 1.31825674e+01  2.29916895e-06  7.19888984e-08 
 1.34896288e+01  2.27592160e-06  7.12610046e-08 
 1.38038426e+01  2.25291358e-06  7.05406042e-08 
 1.41253754e+01  2.23014240e-06  6.98276195e-08 
 1.44543977e+01  2.20760559e-06  6.91219733e-08 
 1.47910839e+01  2.18530073e-06  6.84235894e-08 
 1.51356125e+01  2.16322540e-06  6.77323924e-08 
 1.54881662e+01  2.14137722e-06  6.70483076e-08 
 1.58489319e+01  2.11975382e-06  6.63712612e-08 
 1.62181010e+01  2.09835289e-06  6.57011801e-08 
 1.65958691e+01  2.07717211e-06  6.50379921e-08 
 1.69824365e+01  2.05620919e-06  6.43816256e-08 
 1.73780083e+01  2.03546187e-06  6.37320099e-08 
 1.77827941e+01  2.01492793e-06  6.30890749e-08 
 1.81970086e+01  1.99460514e-06  6.24527514e-08 
 1.86208714e+01  1.97449132e-06  6.18229709e-08 
 1.90546072e+01  1.95458430e-06  6.11996654e-08 
 1.94984460e+01  1.93488193e-06  6.05827681e-08 
 1.99526231e+01  1.91538211e-06  5.99722123e-08 
 2.04173794e+01  1.89608273e-06  5.93679325e-08 
 2.08929613e+01  1.87698171e-06  5.87698638e-08 
 2.13796209e+01  1.85807701e-06  5.81779417e-08 
 2.18776162e+01  1.83936658e-06  5.75921026e-08 
 2.23872114e+01  1.82084842e-06  5.70122837e-08 
 2.29086765e+01  1.80252055e-06  5.64384226e-08 
 2.34422882e+01  1.78438099e-06  5.58704578e-08 
 2.39883292e+01  1.76642779e-06  5.53083282e-08 
 2.45470892e+01  1.74865903e-06  5.47519735e-08 
 2.51188643e+01  1.73107280e-06  5.42013341e-08 
 2.57039578e+01  1.71366722e-06  5.36563509e-08 
 2.63026799e+01  1.69644043e-06  5.31169654e-08 
 2.69153480e+01  1.67939056e-06  5.25831199e-08 
 2.75422870e+01  1.66251580e-06  5.20547571e-08 
 2.81838293e+01  1.64581434e-06  5.15318205e-08 
 2.88403150e+01  1.62928439e-06  5.10142540e-08 
 2.95120923e+01  1.61292419e-06  5.05020023e-08 
 3.01995172e+01  1.59673197e-06  4.99950105e-08 
 3.09029543e+01  1.58070601e-06  4.94932244e-08 
 3.16227766e+01  1.56484460e-06  4.89965903e-08 
 3.23593657e+01  1.54914603e-06  4.85050551e-08 
 3.31131121e+01  1.53360864e-06  4.80185663e-08 
 3.38844156e+01  1.51823075e-06  4.75370718e-08 
 3.46736850e+01  1.50301073e-06  4.70605203e-08 
 3.54813389e+01  1.48794695e-06  4.65888609e-08 
 3.63078055e+01  1.47303781e-06  4.61220432e-08 
 3.71535229e+01  1.45828171e-06  4.56600173e-08 
 3.80189396e+01  1.44367707e-06  4.52027340e-08 
 3.89045145e+01  1.42922235e-06  4.47501445e-08 
 3.98107171e+01  1.41491599e-06  4.43022005e-08 
 4.07380278e+01  1.40075648e-06  4.38588543e-08 
 4.16869383e+01  1.38674230e-06  4.34200587e-08 
 4.26579519e+01  1.37287196e-06  4.29857668e-08 
 4.36515832e+01  1.35914399e-06  4.25559325e-08 
 4.46683592e+01  1.34555691e-06  4.21305099e-08 
 4.57088190e+01  1.33210929e-06  4.17094537e-08 
 4.67735141e+01  1.31879970e-06  4.12927193e-08 
 4.78630092e+01  1.30562672e-06  4.08802621e-08 
 4.89778819e+01  1.29258894e-06  4.04720385e-08 
 5.01187234e+01  1.27968498e-06  4.00680048e-08 
 5.12861384e+01  1.26691348e-06  3.96681183e-08 
 5.24807460e+01  1.25427306e-06  3.92723364e-08 
 5.37031796e+01  1.24176240e-06  3.88806170e-08 
 5.49540874e+01  1.22938015e-06  3.84929187e-08 
 5.62341325e+01  1.21712502e-06  3.81092001e-08 
 5.75439937e+01  1.20499568e-06  3.77294206e-08 
 5.88843655e+01  1.19299087e-06  3.73535398e-08 
 6.02559586e+01  1.18110930e-06  3.69815180e-08 
 6.16595002e+01  1.16934972e-06  3.66133156e-08 
 6.30957344e+01  1.15771087e-06  3.62488936e-08 
 6.45654229e+01  1.14619153e-06  3.58882134e-08 
 6.60693448e+01  1.13479047e-06  3.55312368e-08 
 6.76082975e+01  1.12350649e-06  3.51779259e-08 
 6.91830971e+01  1.11233839e-06  3.48282433e-08 
 7.07945784e+01  1.10128498e-06  3.44821521e-08 
 7.24435960e+01  1.09034511e-06  3.41396155e-08 
 7.41310241e+01  1.07951761e-06  3.38005973e-08 
 7.58577575e+01  1.06880133e-06  3.34650617e-08 
 7.76247117e+01  1.05819514e-06  3.31329732e-08 
 7.94328235e+01  1.04769793e-06  3.28042967e-08 
 8.12830516e+01  1.03730858e-06  3.24789974e-08 
 8.31763771e+01  1.02702599e-06  3.21570409e-08 
 8.51138038e+01  1.01684907e-06  3.18383933e-08 
 8.70963590e+01  1.00677676e-06  3.15230209e-08 
 8.91250938e+01  9.96807993e-07  3.12108903e-08 
 9.12010839e+01  9.86941708e-07  3.09019687e-08 
 9.33254301e+01  9.77176868e-07  3.05962235e-08 
 9.54992586e+01  9.67512444e-07  3.02936223e-08 
 9.77237221e+01  9.57947415e-07  2.99941333e-08 
 1.00000000e+02  9.48480773e-07  2.96977248e-08 
 1.02329299e+02  9.39111520e-07  2.94043657e-08 
 1.04712855e+02  9.29838670e-07  2.91140250e-08 
 1.07151931e+02  9.20661243e-07  2.88266722e-08 
 1.09647820e+02  9.11578275e-07  2.85422769e-08 
 1.12201845e+02  9.02588808e-07  2.82608092e-08 
 1.14815362e+02  8.93691896e-07  2.79822394e-08 
 1.17489755e+02  8.84886602e-07  2.77065383e-08 
 1.20226443e+02  8.76172000e-07  2.74336769e-08 
 1.23026877e+02  8.67547173e-07  2.71636264e-08 
 1.25892541e+02  8.59011213e-07  2.68963584e-08 
 1.28824955e+02  8.50563224e-07  2.66318448e-08 
 1.31825674e+02  8.42202316e-07  2.63700578e-08 
 1.34896288e+02  8.33927612e-07  2.61109699e-08 
 1.38038426e+02  8.25738241e-07  2.58545539e-08 
 1.41253754e+02  8.17633343e-07  2.56007828e-08 
 1.44543977e+02  8.09612068e-07  2.53496300e-08 
 1.47910839e+02  8.01673572e-07  2.51010691e-08 
 1.51356125e+02  7.93817022e-07  2.48550740e-08 
 1.54881662e+02  7.86041594e-07  2.46116189e-08 
 1.58489319e+02  7.78346472e-07  2.43706782e-08 
 1.62181010e+02  7.70730847e-07  2.41322267e-08 
 1.65958691e+02  7.63193923e-07  2.38962393e-08 
 1.69824365e+02  7.55734907e-07  2.36626913e-08 
 1.73780083e+02  7.48353019e-07  2.34315582e-08 
 1.77827941e+02  7.41047484e-07  2.32028159e-08 
 1.81970086e+02  7.33817536e-07  2.29764402e-08 
 1.86208714e+02  7.26662418e-07  2.27524075e-08 
 1.90546072e+02  7.19581381e-07  2.25306944e-08 
 1.94984460e+02  7.12573682e-07  2.23112775e-08 
 1.99526231e+02  7.05638588e-07  2.20941340e-08 
 2.04173794e+02  6.98775373e-07  2.18792410e-08 
 2.08929613e+02  6.91983319e-07  2.16665761e-08 
 2.13796209e+02  6.85261713e-07  2.14561171e-08 
 2.18776162e+02  6.78609854e-07  2.12478419e-08 
 2.23872114e+02  6.72027045e-07  2.10417287e-08 
 2.29086765e+02  6.65512597e-07  2.08377559e-08 
 2.34422882e+02  6.59065830e-07  2.06359023e-08 
 2.39883292e+02  6.52686068e-07  2.04361467e-08 
 2.45470892e+02  6.46372645e-07  2.02384682e-08 
 2.51188643e+02  6.40124901e-07  2.00428461e-08 
 2.57039578e+02  6.33942183e-07  1.98492601e-08 
 2.63026799e+02  6.27823844e-07  1.96576899e-08 
 2.69153480e+02  6.21769246e-07  1.94681154e-08 
 2.75422870e+02  6.15777755e-07  1.92805169e-08 
 2.81838293e+02  6.09848746e-07  1.90948747e-08 
 2.88403150e+02  6.03981600e-07  1.89111695e-08 
 2.95120923e+02  5.98175703e-07  1.87293821e-08 
 3.01995172e+02  5.92430449e-07  1.85494935e-08 
 3.09029543e+02  5.86745238e-07  1.83714849e-08 
 3.16227766e+02  5.81119478e-07  1.81953377e-08 
 3.23593657e+02  5.75552579e-07  1.80210335e-08 
 3.31131121e+02  5.70043962e-07  1.78485542e-08 
 3.38844156e+02  5.64593050e-07  1.76778817e-08 
 3.46736850e+02  5.59199276e-07  1.75089982e-08 
 3.54813389e+02  5.53862076e-07  1.73418861e-08 
 3.63078055e+02  5.48580893e-07  1.71765279e-08 
 3.71535229e+02  5.43355176e-07  1.70129064e-08 
 3.80189396e+02  5.38184380e-07  1.68510046e-08 
 3.89045145e+02  5.33067964e-07  1.66908054e-08 
 3.98107171e+02  5.28005395e-07  1.65322923e-08 
 4.07380278e+02  5.22996145e-07  1.63754486e-08 
 4.16869383e+02  5.18039691e-07  1.62202579e-08 
 4.26579519e+02  5.13135516e-07  1.60667042e-08 
 4.36515832e+02  5.08283107e-07  1.59147714e-08 
 4.46683592e+02  5.03481958e-07  1.57644435e-08 
 4.57088190e+02  4.98731569e-07  1.56157050e-08 
 4.67735141e+02  4.94031444e-07  1.54685403e-08 
 4.78630092e+02  4.89381091e-07  1.53229340e-08 
 4.89778819e+02  4.84780026e-07  1.51788709e-08 
 5.01187234e+02  4.80227767e-07  1.50363360e-08 
 5.12861384e+02  4.75723840e-07  1.48953145e-08 
 5.24807460e+02  4.71267775e-07  1.47557915e-08 
 5.37031796e+02  4.66859106e-07  1.46177525e-08 
 5.49540874e+02  4.62497372e-07  1.44811832e-08 
 5.62341325e+02  4.58182117e-07  1.43460691e-08 
 5.75439937e+02  4.53912892e-07  1.42123963e-08 
 5.88843655e+02  4.49689250e-07  1.40801507e-08 
 6.02559586e+02  4.45510748e-07  1.39493185e-08 
 6.16595002e+02  4.41376951e-07  1.38198861e-08 
 6.30957344e+02  4.37287426e-07  1.36918398e-08 
 6.45654229e+02  4.33241745e-07  1.35651664e-08 
 6.60693448e+02  4.29239484e-07  1.34398525e-08 
 6.76082975e+02  4.25280226e-07  1.33158850e-08 
 6.91830971e+02  4.21363555e-07  1.31932510e-08 
 7.07945784e+02  4.17489061e-07  1.30719376e-08 
 7.24435960e+02  4.13656338e-07  1.29519321e-08 
 7.41310241e+02  4.09864984e-07  1.28332220e-08 
 7.58577575e+02  4.06114602e-07  1.27157947e-08 
 7.76247117e+02  4.02404799e-07  1.25996379e-08 
 7.94328235e+02  3.98735184e-07  1.24847395e-08 
 8.12830516e+02  3.95105373e-07  1.23710874e-08 
 8.31763771e+02  3.91514985e-07  1.22586696e-08 
 8.51138038e+02  3.87963641e-07  1.21474744e-08 
 8.70963590e+02  3.84450969e-07  1.20374901e-08 
 8.91250938e+02  3.80976599e-07  1.19287050e-08 
 9.12010839e+02  3.77540164e-07  1.18211077e-08 
 9.33254301e+02  3.74141303e-07  1.17146870e-08 
 9.54992586e+02  3.70779658e-07  1.16094314e-08 
 9.77237221e+02  3.67454873e-07  1.15053301e-08 
 1.00000000e+03  3.64166599e-07  1.14023719e-08 
 1.02329299e+03  3.60914486e-07  1.13005460e-08 
 1.04712855e+03  3.57698192e-07  1.11998416e-08 
 1.07151931e+03  3.54517376e-07  1.11002480e-08 
 1.09647820e+03  3.51371700e-07  1.10017548e-08 
 1.12201845e+03  3.48260832e-07  1.09043515e-08 
 1.14815362e+03  3.45184442e-07  1.08080276e-08 
 1.17489755e+03  3.42142202e-07  1.07127731e-08 
 1.20226443e+03  3.39133788e-07  1.06185778e-08 
 1.23026877e+03  3.36158882e-07  1.05254316e-08 
 1.25892541e+03  3.33217165e-07  1.04333246e-08 
 1.28824955e+03  3.30308323e-07  1.03422470e-08 
 1.31825674e+03  3.27432047e-07  1.02521890e-08 
 1.34896288e+03  3.24588028e-07  1.01631411e-08 
 1.38038426e+03  3.21775962e-07  1.00750937e-08 
 1.41253754e+03  3.18995547e-07  9.98803736e-09 
 1.44543977e+03  3.16246485e-07  9.90196271e-09 
 1.47910839e+03  3.13528480e-07  9.81686052e-09 
 1.51356125e+03  3.10841239e-07  9.73272161e-09 
 1.54881662e+03  3.08184473e-07  9.64953691e-09 
 1.58489319e+03  3.05557894e-07  9.56729745e-09 
 1.62181010e+03  3.02961218e-07  9.48599431e-09 
 1.65958691e+03  3.00394164e-07  9.40561870e-09 
 1.69824365e+03  2.97856453e-07  9.32616187e-09 
 1.73780083e+03  2.95347809e-07  9.24761520e-09 
 1.77827941e+03  2.92867959e-07  9.16997011e-09 
 1.81970086e+03  2.90416631e-07  9.09321814e-09 
 1.86208714e+03  2.87993558e-07  9.01735089e-09 
 1.90546072e+03  2.85598473e-07  8.94236004e-09 
 1.94984460e+03  2.83231115e-07  8.86823736e-09 
 1.99526231e+03  2.80891221e-07  8.79497467e-09 
 2.04173794e+03  2.78578534e-07  8.72256391e-09 
 2.08929613e+03  2.76292798e-07  8.65099706e-09 
 2.13796209e+03  2.74033760e-07  8.58026618e-09 
 2.18776162e+03  2.71801168e-07  8.51036342e-09 
 2.23872114e+03  2.69594773e-07  8.44128099e-09 
 2.29086765e+03  2.67414330e-07  8.37301118e-09 
 2.34422882e+03  2.65259593e-07  8.30554633e-09 
 2.39883292e+03  2.63130321e-07  8.23887887e-09 
 2.45470892e+03  2.61026274e-07  8.17300129e-09 
 2.51188643e+03  2.58947213e-07  8.10790614e-09 
 2.57039578e+03  2.56892904e-07  8.04358607e-09 
 2.63026799e+03  2.54863113e-07  7.98003375e-09 
 2.69153480e+03  2.52857609e-07  7.91724193e-09 
 2.75422870e+03  2.50876161e-07  7.85520345e-09 
 2.81838293e+03  2.48918542e-07  7.79391118e-09 
 2.88403150e+03  2.46984528e-07  7.73335806e-09 
 2.95120923e+03  2.45073893e-07  7.67353710e-09 
 3.01995172e+03  2.43186418e-07  7.61444136e-09 
 3.09029543e+03  2.41321881e-07  7.55606396e-09 
 3.16227766e+03  2.39480065e-07  7.49839808e-09 
 3.23593657e+03  2.37660754e-07  7.44143697e-09 
 3.31131121e+03  2.35863734e-07  7.38517392e-09 
 3.38844156e+03  2.34088791e-07  7.32960227e-09 
 3.46736850e+03  2.32335716e-07  7.27471543e-09 
 3.54813389e+03  2.30604299e-07  7.22050686e-09 
 3.63078055e+03  2.28894332e-07  7.16697008e-09 
 3.71535229e+03  2.27205611e-07  7.11409864e-09 
 3.80189396e+03  2.25537930e-07  7.06188616e-09 
 3.89045145e+03  2.23891088e-07  7.01032631e-09 
 3.98107171e+03  2.22264883e-07  6.95941281e-09 
 4.07380278e+03  2.20659116e-07  6.90913941e-09 
 4.16869383e+03  2.19073589e-07  6.85949994e-09 
 4.26579519e+03  2.17508107e-07  6.81048825e-09 
 4.36515832e+03  2.15962473e-07  6.76209825e-09 
 4.46683592e+03  2.14436496e-07  6.71432391e-09 
 4.57088190e+03  2.12929982e-07  6.66715921e-09 
 4.67735141e+03  2.11442742e-07  6.62059821e-09 
 4.78630092e+03  2.09974587e-07  6.57463500e-09 
 4.89778819e+03  2.08525328e-07  6.52926370e-09 
 5.01187234e+03  2.07094780e-07  6.48447850e-09 
 5.12861384e+03  2.05682757e-07  6.44027362e-09 
 5.24807460e+03  2.04289077e-07  6.39664331e-09 
 5.37031796e+03  2.02913555e-07  6.35358189e-09 
 5.49540874e+03  2.01556013e-07  6.31108368e-09 
 5.62341325e+03  2.00216269e-07  6.26914308e-09 
 5.75439937e+03  1.98894145e-07  6.22775451e-09 
 5.88843655e+03  1.97589464e-07  6.18691243e-09 
 6.02559586e+03  1.96302050e-07  6.14661133e-09 
 6.16595002e+03  1.95031727e-07  6.10684577e-09 
 6.30957344e+03  1.93778322e-07  6.06761031e-09 
 6.45654229e+03  1.92541663e-07  6.02889957e-09 
 6.60693448e+03  1.91321578e-07  5.99070819e-09 
 6.76082975e+03  1.90117897e-07  5.95303087e-09 
 6.91830971e+03  1.88930450e-07  5.91586232e-09 
 7.07945784e+03  1.87759070e-07  5.87919730e-09 
 7.24435960e+03  1.86603589e-07  5.84303060e-09 
 7.41310241e+03  1.85463842e-07  5.80735705e-09 
 7.58577575e+03  1.84339663e-07  5.77217151e-09 
 7.76247117e+03  1.83230889e-07  5.73746887e-09 
 7.94328235e+03  1.82137357e-07  5.70324406e-09 
 8.12830516e+03  1.81058906e-07  5.66949205e-09 
 8.31763771e+03  1.79995374e-07  5.63620782e-09 
 8.51138038e+03  1.78946602e-07  5.60338640e-09 
 8.70963590e+03  1.77912431e-07  5.57102285e-09 
 8.91250938e+03  1.76892703e-07  5.53911226e-09 
 9.12010839e+03  1.75887262e-07  5.50764975e-09 
 9.33254301e+03  1.74895951e-07  5.47663049e-09 
 9.54992586e+03  1.73918616e-07  5.44604964e-09 
 9.77237221e+03  1.72955103e-07  5.41590243e-09 
 1.00000000e+04  1.72005259e-07  5.38618410e-09 
 1.02329299e+04  1.71068932e-07  5.35688994e-09 
 1.04712855e+04  1.70145970e-07  5.32801525e-09 
 1.07151931e+04  1.69236223e-07  5.29955537e-09 
 1.09647820e+04  1.68339543e-07  5.27150567e-09 
 1.12201845e+04  1.67455780e-07  5.24386155e-09 
 1.14815362e+04  1.66584787e-07  5.21661843e-09 
 1.17489755e+04  1.65726417e-07  5.18977179e-09 
 1.20226443e+04  1.64880525e-07  5.16331709e-09 
 1.23026877e+04  1.64046966e-07  5.13724987e-09 
 1.25892541e+04  1.63225595e-07  5.11156567e-09 
 1.28824955e+04  1.62416269e-07  5.08626006e-09 
 1.31825674e+04  1.61618846e-07  5.06132867e-09 
 1.34896288e+04  1.60833185e-07  5.03676711e-09 
 1.38038426e+04  1.60059144e-07  5.01257107e-09 
 1.41253754e+04  1.59296584e-07  4.98873622e-09 
 1.44543977e+04  1.58545366e-07  4.96525830e-09 
 1.47910839e+04  1.57805352e-07  4.94213307e-09 
 1.51356125e+04  1.57076405e-07  4.91935630e-09 
 1.54881662e+04  1.56358387e-07  4.89692380e-09 
 1.58489319e+04  1.55651163e-07  4.87483142e-09 
 1.62181010e+04  1.54954598e-07  4.85307504e-09 
 1.65958691e+04  1.54268559e-07  4.83165054e-09 
 1.69824365e+04  1.53592911e-07  4.81055387e-09 
 1.73780083e+04  1.52927522e-07  4.78978097e-09 
 1.77827941e+04  1.52272261e-07  4.76932784e-09 
 1.81970086e+04  1.51626996e-07  4.74919050e-09 
 1.86208714e+04  1.50991598e-07  4.72936500e-09 
 1.90546072e+04  1.50365936e-07  4.70984741e-09 
 1.94984460e+04  1.49749882e-07  4.69063384e-09 
 1.99526231e+04  1.49143308e-07  4.67172042e-09 
 2.04173794e+04  1.48546087e-07  4.65310333e-09 
 2.08929613e+04  1.47958093e-07  4.63477876e-09 
 2.13796209e+04  1.47379199e-07  4.61674294e-09 
 2.18776162e+04  1.46809281e-07  4.59899212e-09 
 2.23872114e+04  1.46248214e-07  4.58152260e-09 
 2.29086765e+04  1.45695875e-07  4.56433068e-09 
 2.34422882e+04  1.45152141e-07  4.54741271e-09 
 2.39883292e+04  1.44616889e-07  4.53076508e-09 
 2.45470892e+04  1.44089998e-07  4.51438418e-09 
 2.51188643e+04  1.43571347e-07  4.49826646e-09 
 2.57039578e+04  1.43060815e-07  4.48240838e-09 
 2.63026799e+04  1.42558284e-07  4.46680645e-09 
 2.69153480e+04  1.42063634e-07  4.45145719e-09 
 2.75422870e+04  1.41576747e-07  4.43635717e-09 
 2.81838293e+04  1.41097504e-07  4.42150297e-09 
 2.88403150e+04  1.40625788e-07  4.40689121e-09 
 2.95120923e+04  1.40161484e-07  4.39251855e-09 
 3.01995172e+04  1.39704474e-07  4.37838166e-09 
 3.09029543e+04  1.39254643e-07  4.36447727e-09 
 3.16227766e+04  1.38811875e-07  4.35080212e-09 
 3.23593657e+04  1.38376057e-07  4.33735299e-09 
 3.31131121e+04  1.37947073e-07  4.32412667e-09 
 3.38844156e+04  1.37524810e-07  4.31112001e-09 
 3.46736850e+04  1.37109155e-07  4.29832987e-09 
 3.54813389e+04  1.36699994e-07  4.28575316e-09 
 3.63078055e+04  1.36297215e-07  4.27338681e-09 
 3.71535229e+04  1.35900705e-07  4.26122777e-09 
 3.80189396e+04  1.35510353e-07  4.24927305e-09 
 3.89045145e+04  1.35126046e-07  4.23751966e-09 
 3.98107171e+04  1.34747673e-07  4.22596466e-09 
 4.07380278e+04  1.34375122e-07  4.21460513e-09 
 4.16869383e+04  1.34008282e-07  4.20343819e-09 
 4.26579519e+04  1.33647042e-07  4.19246099e-09 
 4.36515832e+04  1.33291291e-07  4.18167071e-09 
 4.46683592e+04  1.32940918e-07  4.17106456e-09 
 4.57088190e+04  1.32595812e-07  4.16063977e-09 
 4.67735141e+04  1.32255861e-07  4.15039362e-09 
 4.78630092e+04  1.31920954e-07  4.14032342e-09 
 4.89778819e+04  1.31590980e-07  4.13042648e-09 
 5.01187234e+04  1.31265827e-07  4.12070019e-09 
 5.12861384e+04  1.30945383e-07  4.11114192e-09 
 5.24807460e+04  1.30629537e-07  4.10174911e-09 
 5.37031796e+04  1.30318174e-07  4.09251921e-09 
 5.49540874e+04  1.30011183e-07  4.08344970e-09 
 5.62341325e+04  1.29708449e-07  4.07453811e-09 
 5.75439937e+04  1.29409859e-07  4.06578197e-09 
 5.88843655e+04  1.29115297e-07  4.05717886e-09 
 6.02559586e+04  1.28824647e-07  4.04872639e-09 
 6.16595002e+04  1.28537794e-07  4.04042219e-09 
 6.30957344e+04  1.28254620e-07  4.03226393e-09 
 6.45654229e+04  1.27975006e-07  4.02424930e-09 
 6.60693448e+04  1.27698833e-07  4.01637602e-09 
 6.76082975e+04  1.27425981e-07  4.00864186e-09 
 6.91830971e+04  1.27156328e-07  4.00104458e-09 
 7.07945784e+04  1.26889750e-07  3.99358201e-09 
 7.24435960e+04  1.26626122e-07  3.98625199e-09 
 7.41310241e+04  1.26365319e-07  3.97905237e-09 
 7.58577575e+04  1.26107212e-07  3.97198107e-09 
 7.76247117e+04  1.25851672e-07  3.96503600e-09 
 7.94328235e+04  1.25598567e-07  3.95821512e-09 
 8.12830516e+04  1.25347764e-07  3.95151642e-09 
 8.31763771e+04  1.25099125e-07  3.94493790e-09 
 8.51138038e+04  1.24852514e-07  3.93847760e-09 
 8.70963590e+04  1.24607789e-07  3.93213360e-09 
 8.91250938e+04  1.24364807e-07  3.92590397e-09 
 9.12010839e+04  1.24123423e-07  3.91978684e-09 
 9.33254301e+04  1.23883487e-07  3.91378037e-09 
 9.54992586e+04  1.23644847e-07  3.90788272e-09 
 9.77237221e+04  1.23407348e-07  3.90209210e-09 
 1.00000000e+05  1.23170833e-07  3.89640673e-09 
 1.02329299e+05  1.22935138e-07  3.89082487e-09 
 1.04712855e+05  1.22700098e-07  3.88534479e-09 
 1.07151931e+05  1.22465543e-07  3.87996482e-09 
 1.09647820e+05  1.22231300e-07  3.87468327e-09 
 1.12201845e+05  1.21997190e-07  3.86949850e-09 
 1.14815362e+05  1.21763031e-07  3.86440891e-09 
 1.17489755e+05  1.21528636e-07  3.85941289e-09 
 1.20226443e+05  1.21293812e-07  3.85450888e-09 
 1.23026877e+05  1.21058363e-07  3.84969534e-09 
 1.25892541e+05  1.20822086e-07  3.84497075e-09 
 1.28824955e+05  1.20584774e-07  3.84033362e-09 
 1.31825674e+05  1.20346211e-07  3.83578249e-09 
 1.34896288e+05  1.20106179e-07  3.83131590e-09 
 1.38038426e+05  1.19864452e-07  3.82693244e-09 
 1.41253754e+05  1.19620798e-07  3.82263071e-09 
 1.44543977e+05  1.19374977e-07  3.81840935e-09 
 1.47910839e+05  1.19126744e-07  3.81426699e-09 
 1.51356125e+05  1.18875847e-07  3.81020232e-09 
 1.54881662e+05  1.18622025e-07  3.80621404e-09 
 1.58489319e+05  1.18365010e-07  3.80230085e-09 
 1.62181010e+05  1.18104528e-07  3.79846152e-09 
 1.65958691e+05  1.17840296e-07  3.79469479e-09 
 1.69824365e+05  1.17572021e-07  3.79099947e-09 
 1.73780083e+05  1.17299404e-07  3.78737436e-09 
 1.77827941e+05  1.17022136e-07  3.78381829e-09 
 1.81970086e+05  1.16739902e-07  3.78033013e-09 
 1.86208714e+05  1.16452375e-07  3.77690874e-09 
 1.90546072e+05  1.16159221e-07  3.77355302e-09 
 1.94984460e+05  1.15860095e-07  3.77026191e-09 
 1.99526231e+05  1.15554644e-07  3.76703433e-09 
 2.04173794e+05  1.15242507e-07  3.76386925e-09 
 2.08929613e+05  1.14923311e-07  3.76076567e-09 
 2.13796209e+05  1.14596676e-07  3.75772257e-09 
 2.18776162e+05  1.14262210e-07  3.75473900e-09 
 2.23872114e+05  1.13919514e-07  3.75181400e-09 
 2.29086765e+05  1.13568179e-07  3.74894664e-09 
 2.34422882e+05  1.13207787e-07  3.74613601e-09 
 2.39883292e+05  1.12837911e-07  3.74338123e-09 
 2.45470892e+05  1.12458115e-07  3.74068142e-09 
 2.51188643e+05  1.12067954e-07  3.73803574e-09 
 2.57039578e+05  1.11666978e-07  3.73544337e-09 
 2.63026799e+05  1.11254727e-07  3.73290349e-09 
 2.69153480e+05  1.10830733e-07  3.73041534e-09 
 2.75422870e+05  1.10394523e-07  3.72797813e-09 
 2.81838293e+05  1.09945618e-07  3.72559114e-09 
 2.88403150e+05  1.09483535e-07  3.72325364e-09 
 2.95120923e+05  1.09007784e-07  3.72096493e-09 
 3.01995172e+05  1.08517874e-07  3.71872434e-09 
 3.09029543e+05  1.08013312e-07  3.71653120e-09 
 3.16227766e+05  1.07493602e-07  3.71438488e-09 
 3.23593657e+05  1.06958250e-07  3.71228476e-09 
 3.31131121e+05  1.06406762e-07  3.71023025e-09 
 3.38844156e+05  1.05838650e-07  3.70822077e-09 
 3.46736850e+05  1.05253429e-07  3.70625579e-09 
 3.54813389e+05  1.04650619e-07  3.70433476e-09 
 3.63078055e+05  1.04029752e-07  3.70245718e-09 
 3.71535229e+05  1.03390368e-07  3.70062257e-09 
 3.80189396e+05  1.02732023e-07  3.69883046e-09 
 3.89045145e+05  1.02054283e-07  3.69708042e-09 
 3.98107171e+05  1.01356737e-07  3.69537202e-09 
 4.07380278e+05  1.00638991e-07  3.69370488e-09 
 4.16869383e+05  9.99006740e-08  3.69207863e-09 
 4.26579519e+05  9.91414420e-08  3.69049291e-09 
 4.36515832e+05  9.83609787e-08  3.68894741e-09 
 4.46683592e+05  9.75589990e-08  3.68744183e-09 
 4.57088190e+05  9.67352527e-08  3.68597589e-09 
 4.67735141e+05  9.58895269e-08  3.68454934e-09 
 4.78630092e+05  9.50216495e-08  3.68316197e-09 
 4.89778819e+05  9.41314921e-08  3.68181357e-09 
 5.01187234e+05  9.32189729e-08  3.68050398e-09 
 5.12861384e+05  9.22840602e-08  3.67923305e-09 
 5.24807460e+05  9.13267750e-08  3.67800066e-09 
 5.37031796e+05  9.03471939e-08  3.67680672e-09 
 5.49540874e+05  8.93454516e-08  3.67565118e-09 
 5.62341325e+05  8.83217439e-08  3.67453399e-09 
 5.75439937e+05  8.72763296e-08  3.67345516e-09 
 5.88843655e+05  8.62095323e-08  3.67241472e-09 
 6.02559586e+05  8.51217430e-08  3.67141271e-09 
 6.16595002e+05  8.40134204e-08  3.67044922e-09 
 6.30957344e+05  8.28850930e-08  3.66952438e-09 
 6.45654229e+05  8.17373588e-08  3.66863833e-09 
 6.60693448e+05  8.05708863e-08  3.66779127e-09 
 6.76082975e+05  7.93864137e-08  3.66698339e-09 
 6.91830971e+05  7.81847487e-08  3.66621497e-09 
 7.07945784e+05  7.69667667e-08  3.66548627e-09 
 7.24435960e+05  7.57334097e-08  3.66479763e-09 
 7.41310241e+05  7.44856834e-08  3.66414939e-09 
 7.58577575e+05  7.32246550e-08  3.66354196e-09 
 7.76247117e+05  7.19514497e-08  3.66297575e-09 
 7.94328235e+05  7.06672468e-08  3.66245125e-09 
 8.12830516e+05  6.93732756e-08  3.66196896e-09 
 8.31763771e+05  6.80708107e-08  3.66152942e-09 
 8.51138038e+05  6.67611668e-08  3.66113323e-09 
 8.70963590e+05  6.54456931e-08  3.66078100e-09 
 8.91250938e+05  6.41257676e-08  3.66047341e-09 
 9.12010839e+05  6.28027909e-08  3.66021118e-09 
 9.33254301e+05  6.14781799e-08  3.65999504e-09 
 9.54992586e+05  6.01533612e-08  3.65982581e-09 
 9.77237221e+05  5.88297647e-08  3.65970432e-09 
 1.00000000e+06  5.75088164e-08  3.65963145e-09 
 1.02329299e+06  5.61919328e-08  3.65960814e-09 
 1.04712855e+06  5.48805133e-08  3.65963536e-09 
 1.07151931e+06  5.35759346e-08  3.65971414e-09 
 1.09647820e+06  5.22795443e-08  3.65984553e-09 
 1.12201845e+06  5.09926551e-08  3.66003067e-09 
 1.14815362e+06  4.97165394e-08  3.66027071e-09 
 1.17489755e+06  4.84524240e-08  3.66056686e-09 
 1.20226443e+06  4.72014855e-08  3.66092038e-09 
 1.23026877e+06  4.59648462e-08  3.66133257e-09 
 1.25892541e+06  4.47435701e-08  3.66180481e-09 
 1.28824955e+06  4.35386597e-08  3.66233848e-09 
 1.31825674e+06  4.23510536e-08  3.66293505e-09 
 1.34896288e+06  4.11816236e-08  3.66359602e-09 
 1.38038426e+06  4.00311737e-08  3.66432294e-09 
 1.41253754e+06  3.89004386e-08  3.66511744e-09 
 1.44543977e+06  3.77900830e-08  3.66598115e-09 
 1.47910839e+06  3.67007013e-08  3.66691579e-09 
 1.51356125e+06  3.56328182e-08  3.66792313e-09 
 1.54881662e+06  3.45868890e-08  3.66900497e-09 
 1.58489319e+06  3.35633009e-08  3.67016319e-09 
 1.62181010e+06  3.25623744e-08  3.67139970e-09 
 1.65958691e+06  3.15843649e-08  3.67271649e-09 
 1.69824365e+06  3.06294652e-08  3.67411559e-09 
 1.73780083e+06  2.96978071e-08  3.67559910e-09 
 1.77827941e+06  2.87894648e-08  3.67716915e-09 
 1.81970086e+06  2.79044571e-08  3.67882797e-09 
 1.86208714e+06  2.70427501e-08  3.68057784e-09 
 1.90546072e+06  2.62042609e-08  3.68242110e-09 
 1.94984460e+06  2.53888599e-08  3.68436015e-09 
 1.99526231e+06  2.45963744e-08  3.68639749e-09 
 2.04173794e+06  2.38265916e-08  3.68853568e-09 
 2.08929613e+06  2.30792617e-08  3.69077735e-09 
 2.13796209e+06  2.23541013e-08  3.69312524e-09 
 2.18776162e+06  2.16507959e-08  3.69558216e-09 
 2.23872114e+06  2.09690037e-08  3.69815102e-09 
 2.29086765e+06  2.03083579e-08  3.70083483e-09 
 2.34422882e+06  1.96684696e-08  3.70363674e-09 
 2.39883292e+06  1.90489310e-08  3.70655996e-09 
 2.45470892e+06  1.84493175e-08  3.70960788e-09 
 2.51188643e+06  1.78691906e-08  3.71278398e-09 
 2.57039578e+06  1.73081000e-08  3.71609193e-09 
 2.63026799e+06  1.67655860e-08  3.71953551e-09 
 2.69153480e+06  1.62411814e-08  3.72311870e-09 
 2.75422870e+06  1.57344138e-08  3.72684563e-09 
 2.81838293e+06  1.52448072e-08  3.73072064e-09 
 2.88403150e+06  1.47718839e-08  3.73474826e-09 
 2.95120923e+06  1.43151658e-08  3.73893324e-09 
 3.01995172e+06  1.38741761e-08  3.74328057e-09 
 3.09029543e+06  1.34484404e-08  3.74779546e-09 
 3.16227766e+06  1.30374882e-08  3.75248340e-09 
 3.23593657e+06  1.26408539e-08  3.75735016e-09 
 3.31131121e+06  1.22580773e-08  3.76240178e-09 
 3.38844156e+06  1.18887054e-08  3.76764463e-09 
 3.46736850e+06  1.15322922e-08  3.77308539e-09 
 3.54813389e+06  1.11884001e-08  3.77873109e-09 
 3.63078055e+06  1.08566000e-08  3.78458911e-09 
 3.71535229e+06  1.05364721e-08  3.79066721e-09 
 3.80189396e+06  1.02276061e-08  3.79697354e-09 
 3.89045145e+06  9.92960186e-09  3.80351667e-09 
 3.98107171e+06  9.64206924e-09  3.81030558e-09 
 4.07380278e+06  9.36462866e-09  3.81734970e-09 
 4.16869383e+06  9.09691112e-09  3.82465892e-09 
 4.26579519e+06  8.83855831e-09  3.83224361e-09 
 4.36515832e+06  8.58922267e-09  3.84011460e-09 
 4.46683592e+06  8.34856739e-09  3.84828328e-09 
 4.57088190e+06  8.11626639e-09  3.85676150e-09 
 4.67735141e+06  7.89200421e-09  3.86556169e-09 
 4.78630092e+06  7.67547596e-09  3.87469680e-09 
 4.89778819e+06  7.46638716e-09  3.88418035e-09 
 5.01187234e+06  7.26445358e-09  3.89402644e-09 
 5.12861384e+06  7.06940106e-09  3.90424973e-09 
 5.24807460e+06  6.88096531e-09  3.91486549e-09 
 5.37031796e+06  6.69889171e-09  3.92588958e-09 
 5.49540874e+06  6.52293504e-09  3.93733850e-09 
 5.62341325e+06  6.35285930e-09  3.94922932e-09 
 5.75439937e+06  6.18843737e-09  3.96157976e-09 
 5.88843655e+06  6.02945083e-09  3.97440818e-09 
 6.02559586e+06  5.87568964e-09  3.98773354e-09 
 6.16595002e+06  5.72695192e-09  4.00157547e-09 
 6.30957344e+06  5.58304362e-09  4.01595420e-09 
 6.45654229e+06  5.44377828e-09  4.03089062e-09 
 6.60693448e+06  5.30897676e-09  4.04640625e-09 
 6.76082975e+06  5.17846696e-09  4.06252321e-09 
 6.91830971e+06  5.05208354e-09  4.07926429e-09 
 7.07945784e+06  4.92966769e-09  4.09665286e-09 
 7.24435960e+06  4.81106680e-09  4.11471291e-09 
 7.41310241e+06  4.69613430e-09  4.13346903e-09 
 7.58577575e+06  4.58472932e-09  4.15294640e-09 
 7.76247117e+06  4.47671649e-09  4.17317074e-09 
 7.94328235e+06  4.37196571e-09  4.19416835e-09 
 8.12830516e+06  4.27035190e-09  4.21596606e-09 
 8.31763771e+06  4.17175478e-09  4.23859119e-09 
 8.51138038e+06  4.07605865e-09  4.26207157e-09 
 8.70963590e+06  3.98315221e-09  4.28643547e-09 
 8.91250938e+06  3.89292834e-09  4.31171159e-09 
 9.12010839e+06  3.80528389e-09  4.33792903e-09 
 9.33254301e+06  3.72011956e-09  4.36511726e-09 
 9.54992586e+06  3.63733965e-09  4.39330606e-09 
 9.77237221e+06  3.55685196e-09  4.42252549e-09 
 1.00000000e+07  3.47856760e-09  4.45280586e-09 
 1.02329299e+07  3.40240084e-09  4.48417766e-09 
 1.04712855e+07  3.32826900e-09  4.51667153e-09 
 1.07151931e+07  3.25609226e-09  4.55031818e-09 
 1.09647820e+07  3.18579362e-09  4.58514838e-09 
 1.12201845e+07  3.11729870e-09  4.62119284e-09 
 1.14815362e+07  3.05053570e-09  4.65848221e-09 
 1.17489755e+07  2.98543524e-09  4.69704696e-09 
 1.20226443e+07  2.92193031e-09  4.73691735e-09 
 1.23026877e+07  2.85995617e-09  4.77812333e-09 
 1.25892541e+07  2.79945025e-09  4.82069450e-09 
 1.28824955e+07  2.74035211e-09  4.86466001e-09 
 1.31825674e+07  2.68260334e-09  4.91004847e-09 
 1.34896288e+07  2.62614751e-09  4.95688788e-09 
 1.38038426e+07  2.57093013e-09  5.00520555e-09 
 1.41253754e+07  2.51689857e-09  5.05502802e-09 
 1.44543977e+07  2.46400202e-09  5.10638093e-09 
 1.47910839e+07  2.41219146e-09  5.15928898e-09 
 1.51356125e+07  2.36141962e-09  5.21377579e-09 
 1.54881662e+07  2.31164093e-09  5.26986383e-09 
 1.58489319e+07  2.26281153e-09  5.32757431e-09 
 1.62181010e+07  2.21488919e-09  5.38692712e-09 
 1.65958691e+07  2.16783335e-09  5.44794065e-09 
 1.69824365e+07  2.12160506e-09  5.51063178e-09 
 1.73780083e+07  2.07616699e-09  5.57501573e-09 
 1.77827941e+07  2.03148343e-09  5.64110596e-09 
 1.81970086e+07  1.98752026e-09  5.70891410e-09 
 1.86208714e+07  1.94424498e-09  5.77844984e-09 
 1.90546072e+07  1.90162670e-09  5.84972085e-09 
 1.94984460e+07  1.85963617e-09  5.92273269e-09 
 1.99526231e+07  1.81824575e-09  5.99748871e-09 
 2.04173794e+07  1.77742950e-09  6.07399000e-09 
 2.08929613e+07  1.73716311e-09  6.15223532e-09 
 2.13796209e+07  1.69742402e-09  6.23222103e-09 
 2.18776162e+07  1.65819138e-09  6.31394106e-09 
 2.23872114e+07  1.61944608e-09  6.39738686e-09 
 2.29086765e+07  1.58117084e-09  6.48254738e-09 
 2.34422882e+07  1.54335017e-09  6.56940906e-09 
 2.39883292e+07  1.50597043e-09  6.65795586e-09 
 2.45470892e+07  1.46901985e-09  6.74816927e-09 
 2.51188643e+07  1.43248855e-09  6.84002834e-09 
 2.57039578e+07  1.39636854e-09  6.93350981e-09 
 2.63026799e+07  1.36065375e-09  7.02858813e-09 
 2.69153480e+07  1.32533999e-09  7.12523562e-09 
 2.75422870e+07  1.29042497e-09  7.22342260e-09 
 2.81838293e+07  1.25590824e-09  7.32311755e-09 
 2.88403150e+07  1.22179115e-09  7.42428731e-09 
 2.95120923e+07  1.18807680e-09  7.52689732e-09 
 3.01995172e+07  1.15476994e-09  7.63091182e-09 
 3.09029543e+07  1.12187689e-09  7.73629417e-09 
 3.16227766e+07  1.08940542e-09  7.84300713e-09 
 3.23593657e+07  1.05736462e-09  7.95101320e-09 
 3.31131121e+07  1.02576473e-09  8.06027497e-09 
 3.38844156e+07  9.94617022e-10  8.17075549e-09 
 3.46736850e+07  9.63933581e-10  8.28241867e-09 
 3.54813389e+07  9.33727137e-10  8.39522972e-09 
 3.63078055e+07  9.04010874e-10  8.50915557e-09 
 3.71535229e+07  8.74798227e-10  8.62416533e-09 
 3.80189396e+07  8.46102682e-10  8.74023077e-09 
 3.89045145e+07  8.17937584e-10  8.85732679e-09 
 3.98107171e+07  7.90315941e-10  8.97543189e-09 
 4.07380278e+07  7.63250247e-10  9.09452875e-09 
 4.16869383e+07  7.36752304e-10  9.21460462e-09 
 4.26579519e+07  7.10833075e-10  9.33565191e-09 
 4.36515832e+07  6.85502535e-10  9.45766866e-09 
 4.46683592e+07  6.60769560e-10  9.58065907e-09 
 4.57088190e+07  6.36641814e-10  9.70463396e-09 
 4.67735141e+07  6.13125679e-10  9.82961130e-09 
 4.78630092e+07  5.90226186e-10  9.95561669e-09 
 4.89778819e+07  5.67946979e-10  1.00826838e-08 
 5.01187234e+07  5.46290293e-10  1.02108551e-08 
 5.12861384e+07  5.25256950e-10  1.03401817e-08 
 5.24807460e+07  5.04846379e-10  1.04707247e-08 
 5.37031796e+07  4.85056641e-10  1.06025549e-08 
 5.49540874e+07  4.65884476e-10  1.07357536e-08 
 5.62341325e+07  4.47325360e-10  1.08704130e-08 
 5.75439937e+07  4.29373570e-10  1.10066367e-08 
 5.88843655e+07  4.12022259e-10  1.11445398e-08 
 6.02559586e+07  3.95263537e-10  1.12842500e-08 
 6.16595002e+07  3.79088555e-10  1.14259074e-08 
 6.30957344e+07  3.63487593e-10  1.15696653e-08 
 6.45654229e+07  3.48450149e-10  1.17156907e-08 
 6.60693448e+07  3.33965030e-10  1.18641645e-08 
 6.76082975e+07  3.20020435e-10  1.20152824e-08 
 6.91830971e+07  3.06604046e-10  1.21692550e-08 
 7.07945784e+07  2.93703107e-10  1.23263087e-08 
 7.24435960e+07  2.81304503e-10  1.24866860e-08 
 7.41310241e+07  2.69394836e-10  1.26506464e-08 
 7.58577575e+07  2.57960495e-10  1.28184666e-08 
 7.76247117e+07  2.46987719e-10  1.29904418e-08 
 7.94328235e+07  2.36462662e-10  1.31668858e-08 
 8.12830516e+07  2.26371441e-10  1.33481322e-08 
 8.31763771e+07  2.16700195e-10  1.35345349e-08 
 8.51138038e+07  2.07435124e-10  1.37264695e-08 
 8.70963590e+07  1.98562533e-10  1.39243336e-08 
 8.91250938e+07  1.90068866e-10  1.41285482e-08 
 9.12010839e+07  1.81940742e-10  1.43395587e-08 
 9.33254301e+07  1.74164980e-10  1.45578362e-08 
 9.54992586e+07  1.66728623e-10  1.47838784e-08 
 9.77237221e+07  1.59618961e-10  1.50182112e-08 
 1.00000000e+08  1.52823548e-10  1.52613900e-08 
 1.02329299e+08  1.46330217e-10  1.55140012e-08 
 1.04712855e+08  1.40127089e-10  1.57766638e-08 
 1.07151931e+08  1.34202587e-10  1.60500312e-08 
 1.09647820e+08  1.28545441e-10  1.63347928e-08 
 1.12201845e+08  1.23144693e-10  1.66316759e-08 
 1.14815362e+08  1.17989704e-10  1.69414481e-08 
 1.17489755e+08  1.13070150e-10  1.72649189e-08 
 1.20226443e+08  1.08376029e-10  1.76029426e-08 
 1.23026877e+08  1.03897658e-10  1.79564200e-08 
 1.25892541e+08  9.96256688e-11  1.83263015e-08 
 1.28824955e+08  9.55510113e-11  1.87135896e-08 
 1.31825674e+08  9.16649453e-11  1.91193416e-08 
 1.34896288e+08  8.79590386e-11  1.95446726e-08 
 1.38038426e+08  8.44251624e-11  1.99907588e-08 
 1.41253754e+08  8.10554858e-11  2.04588408e-08 
 1.44543977e+08  7.78424711e-11  2.09502268e-08 
 1.47910839e+08  7.47788673e-11  2.14662962e-08 
 1.51356125e+08  7.18577042e-11  2.20085039e-08 
 1.54881662e+08  6.90722864e-11  2.25783837e-08 
 1.58489319e+08  6.64161865e-11  2.31775528e-08 
 1.62181010e+08  6.38832386e-11  2.38077159e-08 
 1.65958691e+08  6.14675311e-11  2.44706701e-08 
 1.69824365e+08  5.91634007e-11  2.51683092e-08 
 1.73780083e+08  5.69654247e-11  2.59026290e-08 
 1.77827941e+08  5.48684142e-11  2.66757323e-08 
 1.81970086e+08  5.28674074e-11  2.74898340e-08 
 1.86208714e+08  5.09576626e-11  2.83472671e-08 
 1.90546072e+08  4.91346510e-11  2.92504878e-08 
 1.94984460e+08  4.73940499e-11  3.02020821e-08 
 1.99526231e+08  4.57317358e-11  3.12047714e-08 
 2.04173794e+08  4.41437778e-11  3.22614193e-08 
 2.08929613e+08  4.26264305e-11  3.33750376e-08 
 2.13796209e+08  4.11761276e-11  3.45487933e-08 
 2.18776162e+08  3.97894751e-11  3.57860154e-08 
 2.23872114e+08  3.84632448e-11  3.70902022e-08 
 2.29086765e+08  3.71943683e-11  3.84650280e-08 
 2.34422882e+08  3.59799299e-11  3.99143511e-08 
 2.39883292e+08  3.48171613e-11  4.14422208e-08 
 2.45470892e+08  3.37034349e-11  4.30528855e-08 
 2.51188643e+08  3.26362580e-11  4.47508001e-08 
 2.57039578e+08  3.16132673e-11  4.65406344e-08 
 2.63026799e+08  3.06322228e-11  4.84272805e-08 
 2.69153480e+08  2.96910025e-11  5.04158616e-08 
 2.75422870e+08  2.87875970e-11  5.25117395e-08 
 2.81838293e+08  2.79201043e-11  5.47205236e-08 
 2.88403150e+08  2.70867244e-11  5.70480783e-08 
 2.95120923e+08  2.62857550e-11  5.95005321e-08 
 3.01995172e+08  2.55155861e-11  6.20842856e-08 
 3.09029543e+08  2.47746957e-11  6.48060196e-08 
 3.16227766e+08  2.40616455e-11  6.76727041e-08 
 3.23593657e+08  2.33750762e-11  7.06916058e-08 
 3.31131121e+08  2.27137038e-11  7.38702967e-08 
 3.38844156e+08  2.20763153e-11  7.72166625e-08 
 3.46736850e+08  2.14617650e-11  8.07389102e-08 
 3.54813389e+08  2.08689713e-11  8.44455764e-08 
 3.63078055e+08  2.02969122e-11  8.83455352e-08 
 3.71535229e+08  1.97446232e-11  9.24480057e-08 
 3.80189396e+08  1.92111931e-11  9.67625598e-08 
 3.89045145e+08  1.86957616e-11  1.01299130e-07 
 3.98107171e+08  1.81975160e-11  1.06068015e-07 
 4.07380278e+08  1.77156889e-11  1.11079889e-07 
 4.16869383e+08  1.72495551e-11  1.16345807e-07 
 4.26579519e+08  1.67984295e-11  1.21877212e-07 
 4.36515832e+08  1.63616646e-11  1.27685941e-07 
 4.46683592e+08  1.59386483e-11  1.33784230e-07 
 4.57088190e+08  1.55288017e-11  1.40184721e-07 
 4.67735141e+08  1.51315775e-11  1.46900467e-07 
 4.78630092e+08  1.47464575e-11  1.53944935e-07 
 4.89778819e+08  1.43729514e-11  1.61332012e-07 
 5.01187234e+08  1.40105949e-11  1.69076007e-07 
 5.12861384e+08  1.36589480e-11  1.77191656e-07 
 5.24807460e+08  1.33175937e-11  1.85694122e-07 
 5.37031796e+08  1.29861368e-11  1.94598999e-07 
 5.49540874e+08  1.26642020e-11  2.03922310e-07 
 5.62341325e+08  1.23514334e-11  2.13680506e-07 
 5.75439937e+08  1.20474929e-11  2.23890471e-07 
 5.88843655e+08  1.17520590e-11  2.34569510e-07 
 6.02559586e+08  1.14648262e-11  2.45735352e-07 
 6.16595002e+08  1.11855040e-11  2.57406142e-07 
 6.30957344e+08  1.09138155e-11  2.69600436e-07 
 6.45654229e+08  1.06494973e-11  2.82337190e-07 
 6.60693448e+08  1.03922982e-11  2.95635753e-07 
 6.76082975e+08  1.01419785e-11  3.09515850e-07 
 6.91830971e+08  9.89830979e-12  3.23997574e-07 
 7.07945784e+08  9.66107366e-12  3.39101367e-07 
 7.24435960e+08  9.43006155e-12  3.54848000e-07 
 7.41310241e+08  9.20507406e-12  3.71258554e-07 
 7.58577575e+08  8.98592039e-12  3.88354396e-07 
 7.76247117e+08  8.77241791e-12  4.06157154e-07 
 7.94328235e+08  8.56439166e-12  4.24688689e-07 
 8.12830516e+08  8.36167398e-12  4.43971060e-07 
 8.31763771e+08  8.16410402e-12  4.64026494e-07 
 8.51138038e+08  7.97152747e-12  4.84877349e-07 
 8.70963590e+08  7.78379612e-12  5.06546071e-07 
 8.91250938e+08  7.60076759e-12  5.29055157e-07 
 9.12010839e+08  7.42230501e-12  5.52427104e-07 
 9.33254301e+08  7.24827671e-12  5.76684369e-07 
 9.54992586e+08  7.07855599e-12  6.01849312e-07 
 9.77237221e+08  6.91302082e-12  6.27944150e-07 
 1.00000000e+09  6.75155365e-12  6.54990900e-07 
