 frequency       av              ph             
 1.00000000e+00  1.19678420e+01 -2.51313475e-05 
 1.02920053e+00  1.19678420e+01 -2.58651961e-05 
 1.05925373e+00  1.19678420e+01 -2.66204735e-05 
 1.09018449e+00  1.19678420e+01 -2.73978053e-05 
 1.12201845e+00  1.19678420e+01 -2.81978357e-05 
 1.15478198e+00  1.19678420e+01 -2.90212273e-05 
 1.18850223e+00  1.19678420e+01 -2.98686625e-05 
 1.22320712e+00  1.19678420e+01 -3.07408432e-05 
 1.25892541e+00  1.19678420e+01 -3.16384920e-05 
 1.29568670e+00  1.19678420e+01 -3.25623526e-05 
 1.33352143e+00  1.19678420e+01 -3.35131905e-05 
 1.37246096e+00  1.19678420e+01 -3.44917933e-05 
 1.41253754e+00  1.19678420e+01 -3.54989719e-05 
 1.45378439e+00  1.19678420e+01 -3.65355606e-05 
 1.49623566e+00  1.19678420e+01 -3.76024182e-05 
 1.53992653e+00  1.19678420e+01 -3.87004286e-05 
 1.58489319e+00  1.19678420e+01 -3.98305016e-05 
 1.63117291e+00  1.19678420e+01 -4.09935732e-05 
 1.67880402e+00  1.19678420e+01 -4.21906072e-05 
 1.72782598e+00  1.19678420e+01 -4.34225951e-05 
 1.77827941e+00  1.19678420e+01 -4.46905578e-05 
 1.83020611e+00  1.19678420e+01 -4.59955456e-05 
 1.88364909e+00  1.19678420e+01 -4.73386398e-05 
 1.93865264e+00  1.19678420e+01 -4.87209531e-05 
 1.99526231e+00  1.19678420e+01 -5.01436306e-05 
 2.05352503e+00  1.19678420e+01 -5.16078510e-05 
 2.11348904e+00  1.19678420e+01 -5.31148275e-05 
 2.17520403e+00  1.19678420e+01 -5.46658084e-05 
 2.23872114e+00  1.19678420e+01 -5.62620789e-05 
 2.30409298e+00  1.19678420e+01 -5.79049612e-05 
 2.37137371e+00  1.19678420e+01 -5.95958166e-05 
 2.44061907e+00  1.19678420e+01 -6.13360459e-05 
 2.51188643e+00  1.19678420e+01 -6.31270908e-05 
 2.58523484e+00  1.19678420e+01 -6.49704351e-05 
 2.66072506e+00  1.19678420e+01 -6.68676061e-05 
 2.73841963e+00  1.19678420e+01 -6.88201754e-05 
 2.81838293e+00  1.19678420e+01 -7.08297608e-05 
 2.90068120e+00  1.19678420e+01 -7.28980272e-05 
 2.98538262e+00  1.19678420e+01 -7.50266880e-05 
 3.07255737e+00  1.19678420e+01 -7.72175068e-05 
 3.16227766e+00  1.19678420e+01 -7.94722987e-05 
 3.25461783e+00  1.19678420e+01 -8.17929318e-05 
 3.34965439e+00  1.19678420e+01 -8.41813285e-05 
 3.44746607e+00  1.19678420e+01 -8.66394677e-05 
 3.54813389e+00  1.19678420e+01 -8.91693858e-05 
 3.65174127e+00  1.19678420e+01 -9.17731789e-05 
 3.75837404e+00  1.19678420e+01 -9.44530041e-05 
 3.86812055e+00  1.19678420e+01 -9.72110816e-05 
 3.98107171e+00  1.19678420e+01 -1.00049696e-04 
 4.09732110e+00  1.19678420e+01 -1.02971200e-04 
 4.21696503e+00  1.19678420e+01 -1.05978014e-04 
 4.34010264e+00  1.19678420e+01 -1.09072628e-04 
 4.46683592e+00  1.19678420e+01 -1.12257606e-04 
 4.59726989e+00  1.19678420e+01 -1.15535587e-04 
 4.73151259e+00  1.19678420e+01 -1.18909287e-04 
 4.86967525e+00  1.19678420e+01 -1.22381501e-04 
 5.01187234e+00  1.19678420e+01 -1.25955105e-04 
 5.15822165e+00  1.19678420e+01 -1.29633061e-04 
 5.30884444e+00  1.19678420e+01 -1.33418414e-04 
 5.46386550e+00  1.19678420e+01 -1.37314303e-04 
 5.62341325e+00  1.19678420e+01 -1.41323953e-04 
 5.78761988e+00  1.19678420e+01 -1.45450686e-04 
 5.95662144e+00  1.19678420e+01 -1.49697923e-04 
 6.13055792e+00  1.19678420e+01 -1.54069181e-04 
 6.30957344e+00  1.19678420e+01 -1.58568083e-04 
 6.49381632e+00  1.19678420e+01 -1.63198354e-04 
 6.68343918e+00  1.19678420e+01 -1.67963832e-04 
 6.87859912e+00  1.19678420e+01 -1.72868465e-04 
 7.07945784e+00  1.19678420e+01 -1.77916315e-04 
 7.28618175e+00  1.19678420e+01 -1.83111565e-04 
 7.49894209e+00  1.19678420e+01 -1.88458520e-04 
 7.71791516e+00  1.19678420e+01 -1.93961608e-04 
 7.94328235e+00  1.19678420e+01 -1.99625389e-04 
 8.17523038e+00  1.19678420e+01 -2.05454556e-04 
 8.41395142e+00  1.19678420e+01 -2.11453937e-04 
 8.65964323e+00  1.19678420e+01 -2.17628503e-04 
 8.91250938e+00  1.19678420e+01 -2.23983370e-04 
 9.17275935e+00  1.19678420e+01 -2.30523803e-04 
 9.44060876e+00  1.19678420e+01 -2.37255219e-04 
 9.71627952e+00  1.19678420e+01 -2.44183197e-04 
 1.00000000e+01  1.19678420e+01 -2.51313475e-04 
 1.02920053e+01  1.19678420e+01 -2.58651961e-04 
 1.05925373e+01  1.19678420e+01 -2.66204735e-04 
 1.09018449e+01  1.19678420e+01 -2.73978053e-04 
 1.12201845e+01  1.19678420e+01 -2.81978357e-04 
 1.15478198e+01  1.19678420e+01 -2.90212273e-04 
 1.18850223e+01  1.19678420e+01 -2.98686625e-04 
 1.22320712e+01  1.19678420e+01 -3.07408432e-04 
 1.25892541e+01  1.19678420e+01 -3.16384920e-04 
 1.29568670e+01  1.19678420e+01 -3.25623526e-04 
 1.33352143e+01  1.19678420e+01 -3.35131905e-04 
 1.37246096e+01  1.19678420e+01 -3.44917933e-04 
 1.41253754e+01  1.19678420e+01 -3.54989719e-04 
 1.45378439e+01  1.19678420e+01 -3.65355606e-04 
 1.49623566e+01  1.19678420e+01 -3.76024182e-04 
 1.53992653e+01  1.19678420e+01 -3.87004286e-04 
 1.58489319e+01  1.19678420e+01 -3.98305016e-04 
 1.63117291e+01  1.19678420e+01 -4.09935732e-04 
 1.67880402e+01  1.19678420e+01 -4.21906072e-04 
 1.72782598e+01  1.19678420e+01 -4.34225951e-04 
 1.77827941e+01  1.19678420e+01 -4.46905578e-04 
 1.83020611e+01  1.19678420e+01 -4.59955456e-04 
 1.88364909e+01  1.19678420e+01 -4.73386398e-04 
 1.93865264e+01  1.19678420e+01 -4.87209531e-04 
 1.99526231e+01  1.19678420e+01 -5.01436306e-04 
 2.05352503e+01  1.19678420e+01 -5.16078510e-04 
 2.11348904e+01  1.19678420e+01 -5.31148275e-04 
 2.17520403e+01  1.19678420e+01 -5.46658085e-04 
 2.23872114e+01  1.19678420e+01 -5.62620789e-04 
 2.30409298e+01  1.19678420e+01 -5.79049612e-04 
 2.37137371e+01  1.19678420e+01 -5.95958166e-04 
 2.44061907e+01  1.19678420e+01 -6.13360459e-04 
 2.51188643e+01  1.19678420e+01 -6.31270908e-04 
 2.58523484e+01  1.19678420e+01 -6.49704351e-04 
 2.66072506e+01  1.19678420e+01 -6.68676061e-04 
 2.73841963e+01  1.19678420e+01 -6.88201754e-04 
 2.81838293e+01  1.19678420e+01 -7.08297608e-04 
 2.90068120e+01  1.19678420e+01 -7.28980272e-04 
 2.98538262e+01  1.19678420e+01 -7.50266880e-04 
 3.07255737e+01  1.19678420e+01 -7.72175069e-04 
 3.16227766e+01  1.19678420e+01 -7.94722988e-04 
 3.25461783e+01  1.19678420e+01 -8.17929318e-04 
 3.34965439e+01  1.19678420e+01 -8.41813285e-04 
 3.44746607e+01  1.19678420e+01 -8.66394677e-04 
 3.54813389e+01  1.19678420e+01 -8.91693858e-04 
 3.65174127e+01  1.19678420e+01 -9.17731789e-04 
 3.75837404e+01  1.19678420e+01 -9.44530041e-04 
 3.86812055e+01  1.19678420e+01 -9.72110816e-04 
 3.98107171e+01  1.19678420e+01 -1.00049696e-03 
 4.09732110e+01  1.19678420e+01 -1.02971200e-03 
 4.21696503e+01  1.19678420e+01 -1.05978014e-03 
 4.34010264e+01  1.19678420e+01 -1.09072628e-03 
 4.46683592e+01  1.19678420e+01 -1.12257606e-03 
 4.59726989e+01  1.19678420e+01 -1.15535587e-03 
 4.73151259e+01  1.19678420e+01 -1.18909287e-03 
 4.86967525e+01  1.19678420e+01 -1.22381501e-03 
 5.01187234e+01  1.19678420e+01 -1.25955105e-03 
 5.15822165e+01  1.19678420e+01 -1.29633061e-03 
 5.30884444e+01  1.19678420e+01 -1.33418415e-03 
 5.46386550e+01  1.19678420e+01 -1.37314303e-03 
 5.62341325e+01  1.19678420e+01 -1.41323953e-03 
 5.78761988e+01  1.19678420e+01 -1.45450687e-03 
 5.95662144e+01  1.19678420e+01 -1.49697923e-03 
 6.13055792e+01  1.19678420e+01 -1.54069182e-03 
 6.30957344e+01  1.19678420e+01 -1.58568083e-03 
 6.49381632e+01  1.19678420e+01 -1.63198355e-03 
 6.68343918e+01  1.19678420e+01 -1.67963833e-03 
 6.87859912e+01  1.19678420e+01 -1.72868465e-03 
 7.07945784e+01  1.19678420e+01 -1.77916315e-03 
 7.28618175e+01  1.19678420e+01 -1.83111566e-03 
 7.49894209e+01  1.19678420e+01 -1.88458520e-03 
 7.71791516e+01  1.19678420e+01 -1.93961608e-03 
 7.94328235e+01  1.19678420e+01 -1.99625389e-03 
 8.17523038e+01  1.19678420e+01 -2.05454556e-03 
 8.41395142e+01  1.19678420e+01 -2.11453937e-03 
 8.65964323e+01  1.19678420e+01 -2.17628504e-03 
 8.91250938e+01  1.19678420e+01 -2.23983371e-03 
 9.17275935e+01  1.19678420e+01 -2.30523803e-03 
 9.44060876e+01  1.19678420e+01 -2.37255220e-03 
 9.71627952e+01  1.19678420e+01 -2.44183197e-03 
 1.00000000e+02  1.19678420e+01 -2.51313475e-03 
 1.02920053e+02  1.19678420e+01 -2.58651962e-03 
 1.05925373e+02  1.19678420e+01 -2.66204735e-03 
 1.09018449e+02  1.19678420e+01 -2.73978054e-03 
 1.12201845e+02  1.19678420e+01 -2.81978357e-03 
 1.15478198e+02  1.19678420e+01 -2.90212274e-03 
 1.18850223e+02  1.19678420e+01 -2.98686626e-03 
 1.22320712e+02  1.19678420e+01 -3.07408433e-03 
 1.25892541e+02  1.19678420e+01 -3.16384921e-03 
 1.29568670e+02  1.19678420e+01 -3.25623528e-03 
 1.33352143e+02  1.19678420e+01 -3.35131906e-03 
 1.37246096e+02  1.19678420e+01 -3.44917935e-03 
 1.41253754e+02  1.19678420e+01 -3.54989720e-03 
 1.45378439e+02  1.19678420e+01 -3.65355607e-03 
 1.49623566e+02  1.19678420e+01 -3.76024184e-03 
 1.53992653e+02  1.19678420e+01 -3.87004288e-03 
 1.58489319e+02  1.19678420e+01 -3.98305018e-03 
 1.63117291e+02  1.19678420e+01 -4.09935734e-03 
 1.67880402e+02  1.19678420e+01 -4.21906074e-03 
 1.72782598e+02  1.19678420e+01 -4.34225954e-03 
 1.77827941e+02  1.19678420e+01 -4.46905581e-03 
 1.83020611e+02  1.19678420e+01 -4.59955460e-03 
 1.88364909e+02  1.19678420e+01 -4.73386402e-03 
 1.93865264e+02  1.19678420e+01 -4.87209535e-03 
 1.99526231e+02  1.19678420e+01 -5.01436310e-03 
 2.05352503e+02  1.19678420e+01 -5.16078515e-03 
 2.11348904e+02  1.19678420e+01 -5.31148280e-03 
 2.17520403e+02  1.19678420e+01 -5.46658090e-03 
 2.23872114e+02  1.19678420e+01 -5.62620795e-03 
 2.30409298e+02  1.19678420e+01 -5.79049619e-03 
 2.37137371e+02  1.19678420e+01 -5.95958174e-03 
 2.44061907e+02  1.19678420e+01 -6.13360467e-03 
 2.51188643e+02  1.19678420e+01 -6.31270917e-03 
 2.58523484e+02  1.19678420e+01 -6.49704361e-03 
 2.66072506e+02  1.19678420e+01 -6.68676071e-03 
 2.73841963e+02  1.19678420e+01 -6.88201766e-03 
 2.81838293e+02  1.19678420e+01 -7.08297621e-03 
 2.90068120e+02  1.19678421e+01 -7.28980286e-03 
 2.98538262e+02  1.19678421e+01 -7.50266895e-03 
 3.07255737e+02  1.19678421e+01 -7.72175085e-03 
 3.16227766e+02  1.19678421e+01 -7.94723005e-03 
 3.25461783e+02  1.19678421e+01 -8.17929337e-03 
 3.34965439e+02  1.19678421e+01 -8.41813306e-03 
 3.44746607e+02  1.19678421e+01 -8.66394700e-03 
 3.54813389e+02  1.19678421e+01 -8.91693883e-03 
 3.65174127e+02  1.19678421e+01 -9.17731816e-03 
 3.75837404e+02  1.19678421e+01 -9.44530071e-03 
 3.86812055e+02  1.19678421e+01 -9.72110849e-03 
 3.98107171e+02  1.19678421e+01 -1.00049700e-02 
 4.09732110e+02  1.19678421e+01 -1.02971204e-02 
 4.21696503e+02  1.19678421e+01 -1.05978018e-02 
 4.34010264e+02  1.19678422e+01 -1.09072632e-02 
 4.46683592e+02  1.19678422e+01 -1.12257611e-02 
 4.59726989e+02  1.19678422e+01 -1.15535593e-02 
 4.73151259e+02  1.19678422e+01 -1.18909293e-02 
 4.86967525e+02  1.19678422e+01 -1.22381507e-02 
 5.01187234e+02  1.19678422e+01 -1.25955112e-02 
 5.15822165e+02  1.19678422e+01 -1.29633069e-02 
 5.30884444e+02  1.19678422e+01 -1.33418423e-02 
 5.46386550e+02  1.19678423e+01 -1.37314312e-02 
 5.62341325e+02  1.19678423e+01 -1.41323963e-02 
 5.78761988e+02  1.19678423e+01 -1.45450697e-02 
 5.95662144e+02  1.19678423e+01 -1.49697935e-02 
 6.13055792e+02  1.19678423e+01 -1.54069195e-02 
 6.30957344e+02  1.19678424e+01 -1.58568097e-02 
 6.49381632e+02  1.19678424e+01 -1.63198370e-02 
 6.68343918e+02  1.19678424e+01 -1.67963849e-02 
 6.87859912e+02  1.19678424e+01 -1.72868483e-02 
 7.07945784e+02  1.19678425e+01 -1.77916335e-02 
 7.28618175e+02  1.19678425e+01 -1.83111587e-02 
 7.49894209e+02  1.19678425e+01 -1.88458544e-02 
 7.71791516e+02  1.19678426e+01 -1.93961634e-02 
 7.94328235e+02  1.19678426e+01 -1.99625417e-02 
 8.17523038e+02  1.19678426e+01 -2.05454587e-02 
 8.41395142e+02  1.19678427e+01 -2.11453971e-02 
 8.65964323e+02  1.19678427e+01 -2.17628540e-02 
 8.91250938e+02  1.19678428e+01 -2.23983411e-02 
 9.17275935e+02  1.19678428e+01 -2.30523847e-02 
 9.44060876e+02  1.19678428e+01 -2.37255267e-02 
 9.71627952e+02  1.19678429e+01 -2.44183249e-02 
 1.00000000e+03  1.19678430e+01 -2.51313532e-02 
 1.02920053e+03  1.19678430e+01 -2.58652023e-02 
 1.05925373e+03  1.19678431e+01 -2.66204802e-02 
 1.09018449e+03  1.19678431e+01 -2.73978127e-02 
 1.12201845e+03  1.19678432e+01 -2.81978437e-02 
 1.15478198e+03  1.19678433e+01 -2.90212361e-02 
 1.18850223e+03  1.19678434e+01 -2.98686720e-02 
 1.22320712e+03  1.19678434e+01 -3.07408536e-02 
 1.25892541e+03  1.19678435e+01 -3.16385033e-02 
 1.29568670e+03  1.19678436e+01 -3.25623650e-02 
 1.33352143e+03  1.19678437e+01 -3.35132040e-02 
 1.37246096e+03  1.19678438e+01 -3.44918080e-02 
 1.41253754e+03  1.19678439e+01 -3.54989879e-02 
 1.45378439e+03  1.19678440e+01 -3.65355780e-02 
 1.49623566e+03  1.19678442e+01 -3.76024372e-02 
 1.53992653e+03  1.19678443e+01 -3.87004494e-02 
 1.58489319e+03  1.19678444e+01 -3.98305242e-02 
 1.63117291e+03  1.19678446e+01 -4.09935979e-02 
 1.67880402e+03  1.19678447e+01 -4.21906340e-02 
 1.72782598e+03  1.19678449e+01 -4.34226244e-02 
 1.77827941e+03  1.19678451e+01 -4.46905897e-02 
 1.83020611e+03  1.19678453e+01 -4.59955805e-02 
 1.88364909e+03  1.19678455e+01 -4.73386778e-02 
 1.93865264e+03  1.19678457e+01 -4.87209945e-02 
 1.99526231e+03  1.19678459e+01 -5.01436757e-02 
 2.05352503e+03  1.19678461e+01 -5.16079002e-02 
 2.11348904e+03  1.19678464e+01 -5.31148811e-02 
 2.17520403e+03  1.19678466e+01 -5.46658669e-02 
 2.23872114e+03  1.19678469e+01 -5.62621426e-02 
 2.30409298e+03  1.19678472e+01 -5.79050307e-02 
 2.37137371e+03  1.19678475e+01 -5.95958924e-02 
 2.44061907e+03  1.19678478e+01 -6.13361285e-02 
 2.51188643e+03  1.19678482e+01 -6.31271808e-02 
 2.58523484e+03  1.19678485e+01 -6.49705333e-02 
 2.66072506e+03  1.19678489e+01 -6.68677131e-02 
 2.73841963e+03  1.19678493e+01 -6.88202921e-02 
 2.81838293e+03  1.19678498e+01 -7.08298880e-02 
 2.90068120e+03  1.19678502e+01 -7.28981658e-02 
 2.98538262e+03  1.19678507e+01 -7.50268392e-02 
 3.07255737e+03  1.19678512e+01 -7.72176717e-02 
 3.16227766e+03  1.19678518e+01 -7.94724784e-02 
 3.25461783e+03  1.19678524e+01 -8.17931277e-02 
 3.34965439e+03  1.19678530e+01 -8.41815420e-02 
 3.44746607e+03  1.19678536e+01 -8.66397005e-02 
 3.54813389e+03  1.19678543e+01 -8.91696396e-02 
 3.65174127e+03  1.19678551e+01 -9.17734556e-02 
 3.75837404e+03  1.19678558e+01 -9.44533057e-02 
 3.86812055e+03  1.19678567e+01 -9.72114104e-02 
 3.98107171e+03  1.19678575e+01 -1.00050055e-01 
 4.09732110e+03  1.19678584e+01 -1.02971591e-01 
 4.21696503e+03  1.19678594e+01 -1.05978440e-01 
 4.34010264e+03  1.19678605e+01 -1.09073092e-01 
 4.46683592e+03  1.19678615e+01 -1.12258112e-01 
 4.59726989e+03  1.19678627e+01 -1.15536139e-01 
 4.73151259e+03  1.19678639e+01 -1.18909889e-01 
 4.86967525e+03  1.19678652e+01 -1.22382157e-01 
 5.01187234e+03  1.19678666e+01 -1.25955821e-01 
 5.15822165e+03  1.19678681e+01 -1.29633841e-01 
 5.30884444e+03  1.19678696e+01 -1.33419265e-01 
 5.46386550e+03  1.19678713e+01 -1.37315229e-01 
 5.62341325e+03  1.19678730e+01 -1.41324963e-01 
 5.78761988e+03  1.19678748e+01 -1.45451788e-01 
 5.95662144e+03  1.19678768e+01 -1.49699124e-01 
 6.13055792e+03  1.19678788e+01 -1.54070491e-01 
 6.30957344e+03  1.19678810e+01 -1.58569510e-01 
 6.49381632e+03  1.19678833e+01 -1.63199910e-01 
 6.68343918e+03  1.19678858e+01 -1.67965529e-01 
 6.87859912e+03  1.19678884e+01 -1.72870314e-01 
 7.07945784e+03  1.19678911e+01 -1.77918331e-01 
 7.28618175e+03  1.19678941e+01 -1.83113763e-01 
 7.49894209e+03  1.19678971e+01 -1.88460916e-01 
 7.71791516e+03  1.19679004e+01 -1.93964220e-01 
 7.94328235e+03  1.19679039e+01 -1.99628237e-01 
 8.17523038e+03  1.19679075e+01 -2.05457660e-01 
 8.41395142e+03  1.19679114e+01 -2.11457321e-01 
 8.65964323e+03  1.19679155e+01 -2.17632193e-01 
 8.91250938e+03  1.19679199e+01 -2.23987393e-01 
 9.17275935e+03  1.19679245e+01 -2.30528188e-01 
 9.44060876e+03  1.19679294e+01 -2.37260000e-01 
 9.71627952e+03  1.19679346e+01 -2.44188409e-01 
 1.00000000e+04  1.19679401e+01 -2.51319157e-01 
 1.02920053e+04  1.19679459e+01 -2.58658155e-01 
 1.05925373e+04  1.19679521e+01 -2.66211488e-01 
 1.09018449e+04  1.19679586e+01 -2.73985415e-01 
 1.12201845e+04  1.19679655e+01 -2.81986383e-01 
 1.15478198e+04  1.19679728e+01 -2.90221023e-01 
 1.18850223e+04  1.19679806e+01 -2.98696164e-01 
 1.22320712e+04  1.19679888e+01 -3.07418831e-01 
 1.25892541e+04  1.19679975e+01 -3.16396257e-01 
 1.29568670e+04  1.19680067e+01 -3.25635886e-01 
 1.33352143e+04  1.19680164e+01 -3.35145379e-01 
 1.37246096e+04  1.19680268e+01 -3.44932623e-01 
 1.41253754e+04  1.19680377e+01 -3.55005733e-01 
 1.45378439e+04  1.19680493e+01 -3.65373064e-01 
 1.49623566e+04  1.19680616e+01 -3.76043215e-01 
 1.53992653e+04  1.19680746e+01 -3.87025036e-01 
 1.58489319e+04  1.19680884e+01 -3.98327636e-01 
 1.63117291e+04  1.19681030e+01 -4.09960392e-01 
 1.67880402e+04  1.19681185e+01 -4.21932956e-01 
 1.72782598e+04  1.19681349e+01 -4.34255260e-01 
 1.77827941e+04  1.19681522e+01 -4.46937530e-01 
 1.83020611e+04  1.19681706e+01 -4.59990290e-01 
 1.88364909e+04  1.19681901e+01 -4.73424373e-01 
 1.93865264e+04  1.19682107e+01 -4.87250931e-01 
 1.99526231e+04  1.19682325e+01 -5.01481439e-01 
 2.05352503e+04  1.19682557e+01 -5.16127714e-01 
 2.11348904e+04  1.19682802e+01 -5.31201916e-01 
 2.17520403e+04  1.19683062e+01 -5.46716564e-01 
 2.23872114e+04  1.19683337e+01 -5.62684542e-01 
 2.30409298e+04  1.19683628e+01 -5.79119115e-01 
 2.37137371e+04  1.19683936e+01 -5.96033937e-01 
 2.44061907e+04  1.19684263e+01 -6.13443063e-01 
 2.51188643e+04  1.19684609e+01 -6.31360961e-01 
 2.58523484e+04  1.19684976e+01 -6.49802526e-01 
 2.66072506e+04  1.19685365e+01 -6.68783090e-01 
 2.73841963e+04  1.19685776e+01 -6.88318436e-01 
 2.81838293e+04  1.19686212e+01 -7.08424812e-01 
 2.90068120e+04  1.19686673e+01 -7.29118948e-01 
 2.98538262e+04  1.19687162e+01 -7.50418063e-01 
 3.07255737e+04  1.19687680e+01 -7.72339885e-01 
 3.16227766e+04  1.19688229e+01 -7.94902669e-01 
 3.25461783e+04  1.19688810e+01 -8.18125203e-01 
 3.34965439e+04  1.19689425e+01 -8.42026836e-01 
 3.44746607e+04  1.19690077e+01 -8.66627487e-01 
 3.54813389e+04  1.19690768e+01 -8.91947665e-01 
 3.65174127e+04  1.19691499e+01 -9.18008485e-01 
 3.75837404e+04  1.19692274e+01 -9.44831691e-01 
 3.86812055e+04  1.19693094e+01 -9.72439670e-01 
 3.98107171e+04  1.19693963e+01 -1.00085548e+00 
 4.09732110e+04  1.19694884e+01 -1.03010285e+00 
 4.21696503e+04  1.19695859e+01 -1.06020623e+00 
 4.34010264e+04  1.19696892e+01 -1.09119080e+00 
 4.46683592e+04  1.19697986e+01 -1.12308247e+00 
 4.59726989e+04  1.19699144e+01 -1.15590795e+00 
 4.73151259e+04  1.19700372e+01 -1.18969474e+00 
 4.86967525e+04  1.19701671e+01 -1.22447116e+00 
 5.01187234e+04  1.19703048e+01 -1.26026638e+00 
 5.15822165e+04  1.19704506e+01 -1.29711045e+00 
 5.30884444e+04  1.19706051e+01 -1.33503432e+00 
 5.46386550e+04  1.19707687e+01 -1.37406987e+00 
 5.62341325e+04  1.19709419e+01 -1.41424996e+00 
 5.78761988e+04  1.19711255e+01 -1.45560843e+00 
 5.95662144e+04  1.19713198e+01 -1.49818014e+00 
 6.13055792e+04  1.19715257e+01 -1.54200103e+00 
 6.30957344e+04  1.19717437e+01 -1.58710811e+00 
 6.49381632e+04  1.19719746e+01 -1.63353955e+00 
 6.68343918e+04  1.19722192e+01 -1.68133466e+00 
 6.87859912e+04  1.19724782e+01 -1.73053397e+00 
 7.07945784e+04  1.19727525e+01 -1.78117926e+00 
 7.28618175e+04  1.19730430e+01 -1.83331358e+00 
 7.49894209e+04  1.19733507e+01 -1.88698135e+00 
 7.71791516e+04  1.19736766e+01 -1.94222833e+00 
 7.94328235e+04  1.19740217e+01 -1.99910173e+00 
 8.17523038e+04  1.19743872e+01 -2.05765024e+00 
 8.41395142e+04  1.19747742e+01 -2.11792405e+00 
 8.65964323e+04  1.19751841e+01 -2.17997497e+00 
 8.91250938e+04  1.19756182e+01 -2.24385643e+00 
 9.17275935e+04  1.19760778e+01 -2.30962355e+00 
 9.44060876e+04  1.19765646e+01 -2.37733324e+00 
 9.71627952e+04  1.19770800e+01 -2.44704420e+00 
 1.00000000e+05  1.19776259e+01 -2.51881707e+00 
 1.02920053e+05  1.19782038e+01 -2.59271440e+00 
 1.05925373e+05  1.19788158e+01 -2.66880084e+00 
 1.09018449e+05  1.19794639e+01 -2.74714311e+00 
 1.12201845e+05  1.19801500e+01 -2.82781017e+00 
 1.15478198e+05  1.19808765e+01 -2.91087325e+00 
 1.18850223e+05  1.19816457e+01 -2.99640596e+00 
 1.22320712e+05  1.19824602e+01 -3.08448441e+00 
 1.25892541e+05  1.19833224e+01 -3.17518727e+00 
 1.29568670e+05  1.19842353e+01 -3.26859592e+00 
 1.33352143e+05  1.19852017e+01 -3.36479451e+00 
 1.37246096e+05  1.19862247e+01 -3.46387015e+00 
 1.41253754e+05  1.19873077e+01 -3.56591298e+00 
 1.45378439e+05  1.19884541e+01 -3.67101632e+00 
 1.49623566e+05  1.19896676e+01 -3.77927685e+00 
 1.53992653e+05  1.19909519e+01 -3.89079469e+00 
 1.58489319e+05  1.19923114e+01 -4.00567362e+00 
 1.63117291e+05  1.19937501e+01 -4.12402124e+00 
 1.67880402e+05  1.19952728e+01 -4.24594912e+00 
 1.72782598e+05  1.19968841e+01 -4.37157305e+00 
 1.77827941e+05  1.19985891e+01 -4.50101319e+00 
 1.83020611e+05  1.20003933e+01 -4.63439430e+00 
 1.88364909e+05  1.20023022e+01 -4.77184603e+00 
 1.93865264e+05  1.20043217e+01 -4.91350308e+00 
 1.99526231e+05  1.20064582e+01 -5.05950554e+00 
 2.05352503e+05  1.20087182e+01 -5.20999916e+00 
 2.11348904e+05  1.20111086e+01 -5.36513560e+00 
 2.17520403e+05  1.20136368e+01 -5.52507286e+00 
 2.23872114e+05  1.20163104e+01 -5.68997552e+00 
 2.30409298e+05  1.20191375e+01 -5.86001520e+00 
 2.37137371e+05  1.20221266e+01 -6.03537092e+00 
 2.44061907e+05  1.20252865e+01 -6.21622954e+00 
 2.51188643e+05  1.20286268e+01 -6.40278623e+00 
 2.58523484e+05  1.20321571e+01 -6.59524495e+00 
 2.66072506e+05  1.20358877e+01 -6.79381903e+00 
 2.73841963e+05  1.20398295e+01 -6.99873169e+00 
 2.81838293e+05  1.20439937e+01 -7.21021669e+00 
 2.90068120e+05  1.20483920e+01 -7.42851902e+00 
 2.98538262e+05  1.20530369e+01 -7.65389557e+00 
 3.07255737e+05  1.20579410e+01 -7.88661592e+00 
 3.16227766e+05  1.20631179e+01 -8.12696322e+00 
 3.25461783e+05  1.20685813e+01 -8.37523503e+00 
 3.34965439e+05  1.20743459e+01 -8.63174430e+00 
 3.44746607e+05  1.20804264e+01 -8.89682046e+00 
 3.54813389e+05  1.20868386e+01 -9.17081050e+00 
 3.65174127e+05  1.20935983e+01 -9.45408020e+00 
 3.75837404e+05  1.21007221e+01 -9.74701545e+00 
 3.86812055e+05  1.21082270e+01 -1.00500237e+01 
 3.98107171e+05  1.21161303e+01 -1.03635353e+01 
 4.09732110e+05  1.21244497e+01 -1.06880055e+01 
 4.21696503e+05  1.21332032e+01 -1.10239159e+01 
 4.34010264e+05  1.21424092e+01 -1.13717765e+01 
 4.46683592e+05  1.21520858e+01 -1.17321276e+01 
 4.59726989e+05  1.21622513e+01 -1.21055422e+01 
 4.73151259e+05  1.21729240e+01 -1.24926285e+01 
 4.86967525e+05  1.21841216e+01 -1.28940319e+01 
 5.01187234e+05  1.21958613e+01 -1.33104382e+01 
 5.15822165e+05  1.22081595e+01 -1.37425766e+01 
 5.30884444e+05  1.22210315e+01 -1.41912222e+01 
 5.46386550e+05  1.22344912e+01 -1.46572000e+01 
 5.62341325e+05  1.22485505e+01 -1.51413880e+01 
 5.78761988e+05  1.22632192e+01 -1.56447211e+01 
 5.95662144e+05  1.22785040e+01 -1.61681949e+01 
 6.13055792e+05  1.22944082e+01 -1.67128700e+01 
 6.30957344e+05  1.23109307e+01 -1.72798760e+01 
 6.49381632e+05  1.23280655e+01 -1.78704162e+01 
 6.68343918e+05  1.23458004e+01 -1.84857720e+01 
 6.87859912e+05  1.23641158e+01 -1.91273075e+01 
 7.07945784e+05  1.23829837e+01 -1.97964739e+01 
 7.28618175e+05  1.24023660e+01 -2.04948143e+01 
 7.49894209e+05  1.24222129e+01 -2.12239677e+01 
 7.71791516e+05  1.24424609e+01 -2.19856727e+01 
 7.94328235e+05  1.24630305e+01 -2.27817708e+01 
 8.17523038e+05  1.24838237e+01 -2.36142090e+01 
 8.41395142e+05  1.25047215e+01 -2.44850404e+01 
 8.65964323e+05  1.25255802e+01 -2.53964244e+01 
 8.91250938e+05  1.25462286e+01 -2.63506242e+01 
 9.17275935e+05  1.25664634e+01 -2.73500017e+01 
 9.44060876e+05  1.25860453e+01 -2.83970094e+01 
 9.71627952e+05  1.26046944e+01 -2.94941786e+01 
 1.00000000e+06  1.26220850e+01 -3.06441020e+01 
 1.02920053e+06  1.26378407e+01 -3.18494108e+01 
 1.05925373e+06  1.26515286e+01 -3.31127455e+01 
 1.09018449e+06  1.26626543e+01 -3.44367171e+01 
 1.12201845e+06  1.26706558e+01 -3.58238608e+01 
 1.15478198e+06  1.26748993e+01 -3.72765777e+01 
 1.18850223e+06  1.26746748e+01 -3.87970665e+01 
 1.22320712e+06  1.26691926e+01 -4.03872421e+01 
 1.25892541e+06  1.26575826e+01 -4.20486436e+01 
 1.29568670e+06  1.26388944e+01 -4.37823292e+01 
 1.33352143e+06  1.26121012e+01 -4.55887632e+01 
 1.37246096e+06  1.25761072e+01 -4.74676950e+01 
 1.41253754e+06  1.25297582e+01 -4.94180369e+01 
 1.45378439e+06  1.24718578e+01 -5.14377447e+01 
 1.49623566e+06  1.24011879e+01 -5.35237106e+01 
 1.53992653e+06  1.23165343e+01 -5.56716765e+01 
 1.58489319e+06  1.22167167e+01 -5.78761773e+01 
 1.63117291e+06  1.21006222e+01 -6.01305245e+01 
 1.67880402e+06  1.19672407e+01 -6.24268382e+01 
 1.72782598e+06  1.18157011e+01 -6.47561329e+01 
 1.77827941e+06  1.16453049e+01 -6.71084605e+01 
 1.83020611e+06  1.14555556e+01 -6.94731060e+01 
 1.88364909e+06  1.12461812e+01 -7.18388297e+01 
 1.93865264e+06  1.10171483e+01 -7.41941424e+01 
 1.99526231e+06  1.07686666e+01 -7.65275973e+01 
 2.05352503e+06  1.05011823e+01 -7.88280803e+01 
 2.11348904e+06  1.02153630e+01 -8.10850813e+01 
 2.17520403e+06  9.91207317e+00 -8.32889291e+01 
 2.23872114e+06  9.59234430e+00 -8.54309800e+01 
 2.30409298e+06  9.25733991e+00 -8.75037510e+01 
 2.37137371e+06  8.90831969e+00 -8.95009969e+01 
 2.44061907e+06  8.54660381e+00 -9.14177348e+01 
 2.51188643e+06  8.17353969e+00 -9.32502199e+01 
 2.58523484e+06  7.79047245e+00 -9.49958838e+01 
 2.66072506e+06  7.39871993e+00 -9.66532435e+01 
 2.73841963e+06  6.99955252e+00 -9.82217922e+01 
 2.81838293e+06  6.59417791e+00 -9.97018785e+01 
 2.90068120e+06  6.18373031e+00 -1.01094584e+02 
 2.98538262e+06  5.76926368e+00 -1.02401602e+02 
 3.07255737e+06  5.35174830e+00 -1.03625127e+02 
 3.16227766e+06  4.93207007e+00 -1.04767749e+02 
 3.25461783e+06  4.51103197e+00 -1.05832366e+02 
 3.34965439e+06  4.08935704e+00 -1.06822097e+02 
 3.44746607e+06  3.66769238e+00 -1.07740222e+02 
 3.54813389e+06  3.24661391e+00 -1.08590120e+02 
 3.65174127e+06  2.82663143e+00 -1.09375223e+02 
 3.75837404e+06  2.40819384e+00 -1.10098978e+02 
 3.86812055e+06  1.99169424e+00 -1.10764819e+02 
 3.98107171e+06  1.57747491e+00 -1.11376137e+02 
 4.09732110e+06  1.16583195e+00 -1.11936269e+02 
 4.21696503e+06  7.57019649e-01 -1.12448479e+02 
 4.34010264e+06  3.51254507e-01 -1.12915951e+02 
 4.46683592e+06 -5.12811190e-02 -1.13341781e+02 
 4.59726989e+06 -4.50435688e-01 -1.13728971e+02 
 4.73151259e+06 -8.46085473e-01 -1.14080430e+02 
 4.86967525e+06 -1.23813186e+00 -1.14398967e+02 
 5.01187234e+06 -1.62649892e+00 -1.14687296e+02 
 5.15822165e+06 -2.01113126e+00 -1.14948034e+02 
 5.30884444e+06 -2.39199201e+00 -1.15183701e+02 
 5.46386550e+06 -2.76906113e+00 -1.15396723e+02 
 5.62341325e+06 -3.14233379e+00 -1.15589437e+02 
 5.78761988e+06 -3.51181893e+00 -1.15764084e+02 
 5.95662144e+06 -3.87753800e+00 -1.15922821e+02 
 6.13055792e+06 -4.23952374e+00 -1.16067717e+02 
 6.30957344e+06 -4.59781912e+00 -1.16200757e+02 
 6.49381632e+06 -4.95247634e+00 -1.16323844e+02 
 6.68343918e+06 -5.30355591e+00 -1.16438804e+02 
 6.87859912e+06 -5.65112583e+00 -1.16547383e+02 
 7.07945784e+06 -5.99526079e+00 -1.16651253e+02 
 7.28618175e+06 -6.33604146e+00 -1.16752014e+02 
 7.49894209e+06 -6.67355379e+00 -1.16851195e+02 
 7.71791516e+06 -7.00788842e+00 -1.16950258e+02 
 7.94328235e+06 -7.33914008e+00 -1.17050599e+02 
 8.17523038e+06 -7.66740703e+00 -1.17153551e+02 
 8.41395142e+06 -7.99279060e+00 -1.17260385e+02 
 8.65964323e+06 -8.31539472e+00 -1.17372316e+02 
 8.91250938e+06 -8.63532547e+00 -1.17490501e+02 
 9.17275935e+06 -8.95269070e+00 -1.17616044e+02 
 9.44060876e+06 -9.26759968e+00 -1.17749997e+02 
 9.71627952e+06 -9.58016280e+00 -1.17893365e+02 
 1.00000000e+07 -9.89049122e+00 -1.18047105e+02 
 1.02920053e+07 -1.01986967e+01 -1.18212130e+02 
 1.05925373e+07 -1.05048912e+01 -1.18389313e+02 
 1.09018449e+07 -1.08091869e+01 -1.18579484e+02 
 1.12201845e+07 -1.11116960e+01 -1.18783439e+02 
 1.15478198e+07 -1.14125303e+01 -1.19001936e+02 
 1.18850223e+07 -1.17118013e+01 -1.19235704e+02 
 1.22320712e+07 -1.20096204e+01 -1.19485436e+02 
 1.25892541e+07 -1.23060980e+01 -1.19751800e+02 
 1.29568670e+07 -1.26013444e+01 -1.20035435e+02 
 1.33352143e+07 -1.28954689e+01 -1.20336955e+02 
 1.37246096e+07 -1.31885807e+01 -1.20656949e+02 
 1.41253754e+07 -1.34807879e+01 -1.20995986e+02 
 1.45378439e+07 -1.37721983e+01 -1.21354613e+02 
 1.49623566e+07 -1.40629191e+01 -1.21733358e+02 
 1.53992653e+07 -1.43530569e+01 -1.22132730e+02 
 1.58489319e+07 -1.46427179e+01 -1.22553223e+02 
 1.63117291e+07 -1.49320078e+01 -1.22995313e+02 
 1.67880402e+07 -1.52210321e+01 -1.23459462e+02 
 1.72782598e+07 -1.55098958e+01 -1.23946119e+02 
 1.77827941e+07 -1.57987038e+01 -1.24455716e+02 
 1.83020611e+07 -1.60875610e+01 -1.24988675e+02 
 1.88364909e+07 -1.63765720e+01 -1.25545404e+02 
 1.93865264e+07 -1.66658415e+01 -1.26126299e+02 
 1.99526231e+07 -1.69554745e+01 -1.26731744e+02 
 2.05352503e+07 -1.72455759e+01 -1.27362111e+02 
 2.11348904e+07 -1.75362510e+01 -1.28017760e+02 
 2.17520403e+07 -1.78276052e+01 -1.28699037e+02 
 2.23872114e+07 -1.81197444e+01 -1.29406279e+02 
 2.30409298e+07 -1.84127749e+01 -1.30139807e+02 
 2.37137371e+07 -1.87068034e+01 -1.30899930e+02 
 2.44061907e+07 -1.90019369e+01 -1.31686944e+02 
 2.51188643e+07 -1.92982830e+01 -1.32501129e+02 
 2.58523484e+07 -1.95959497e+01 -1.33342751e+02 
 2.66072506e+07 -1.98950453e+01 -1.34212059e+02 
 2.73841963e+07 -2.01956786e+01 -1.35109288e+02 
 2.81838293e+07 -2.04979585e+01 -1.36034652e+02 
 2.90068120e+07 -2.08019945e+01 -1.36988349e+02 
 2.98538262e+07 -2.11078957e+01 -1.37970557e+02 
 3.07255737e+07 -2.14157716e+01 -1.38981435e+02 
 3.16227766e+07 -2.17257315e+01 -1.40021118e+02 
 3.25461783e+07 -2.20378843e+01 -1.41089722e+02 
 3.34965439e+07 -2.23523384e+01 -1.42187339e+02 
 3.44746607e+07 -2.26692015e+01 -1.43314037e+02 
 3.54813389e+07 -2.29885807e+01 -1.44469860e+02 
 3.65174127e+07 -2.33105815e+01 -1.45654827e+02 
 3.75837404e+07 -2.36353083e+01 -1.46868930e+02 
 3.86812055e+07 -2.39628638e+01 -1.48112136e+02 
 3.98107171e+07 -2.42933486e+01 -1.49384386e+02 
 4.09732110e+07 -2.46268612e+01 -1.50685593e+02 
 4.21696503e+07 -2.49634975e+01 -1.52015642e+02 
 4.34010264e+07 -2.53033504e+01 -1.53374393e+02 
 4.46683592e+07 -2.56465099e+01 -1.54761678e+02 
 4.59726989e+07 -2.59930622e+01 -1.56177302e+02 
 4.73151259e+07 -2.63430899e+01 -1.57621044e+02 
 4.86967525e+07 -2.66966713e+01 -1.59092658e+02 
 5.01187234e+07 -2.70538804e+01 -1.60591873e+02 
 5.15822165e+07 -2.74147865e+01 -1.62118392e+02 
 5.30884444e+07 -2.77794539e+01 -1.63671897e+02 
 5.46386550e+07 -2.81479417e+01 -1.65252045e+02 
 5.62341325e+07 -2.85203036e+01 -1.66858474e+02 
 5.78761988e+07 -2.88965876e+01 -1.68490801e+02 
 5.95662144e+07 -2.92768359e+01 -1.70148624e+02 
 6.13055792e+07 -2.96610848e+01 -1.71831524e+02 
 6.30957344e+07 -3.00493645e+01 -1.73539063e+02 
 6.49381632e+07 -3.04416990e+01 -1.75270790e+02 
 6.68343918e+07 -3.08381060e+01 -1.77026239e+02 
 6.87859912e+07 -3.12385972e+01 -1.78804927e+02 
 7.07945784e+07 -3.16431777e+01 -1.80606364e+02 
 7.28618175e+07 -3.20518468e+01 -1.82430042e+02 
 7.49894209e+07 -3.24645973e+01 -1.84275446e+02 
 7.71791516e+07 -3.28814160e+01 -1.86142046e+02 
 7.94328235e+07 -3.33022838e+01 -1.88029304e+02 
 8.17523038e+07 -3.37271756e+01 -1.89936668e+02 
 8.41395142e+07 -3.41560606e+01 -1.91863578e+02 
 8.65964323e+07 -3.45889026e+01 -1.93809459e+02 
 8.91250938e+07 -3.50256595e+01 -1.95773725e+02 
 9.17275935e+07 -3.54662844e+01 -1.97755777e+02 
 9.44060876e+07 -3.59107252e+01 -1.99755003e+02 
 9.71627952e+07 -3.63589246e+01 -2.01770773e+02 
 1.00000000e+08 -3.68108208e+01 -2.03802445e+02 
 1.02920053e+08 -3.72663474e+01 -2.05849356e+02 
 1.05925373e+08 -3.77254335e+01 -2.07910825e+02 
 1.09018449e+08 -3.81880041e+01 -2.09986152e+02 
 1.12201845e+08 -3.86539800e+01 -2.12074616e+02 
 1.15478198e+08 -3.91232781e+01 -2.14175473e+02 
 1.18850223e+08 -3.95958117e+01 -2.16287953e+02 
 1.22320712e+08 -4.00714905e+01 -2.18411265e+02 
 1.25892541e+08 -4.05502208e+01 -2.20544590e+02 
 1.29568670e+08 -4.10319057e+01 -2.22687085e+02 
 1.33352143e+08 -4.15164452e+01 -2.24837877e+02 
 1.37246096e+08 -4.20037366e+01 -2.26996070e+02 
 1.41253754e+08 -4.24936744e+01 -2.29160739e+02 
 1.45378439e+08 -4.29861508e+01 -2.31330934e+02 
 1.49623566e+08 -4.34810558e+01 -2.33505679e+02 
 1.53992653e+08 -4.39782774e+01 -2.35683974e+02 
 1.58489319e+08 -4.44777019e+01 -2.37864797e+02 
 1.63117291e+08 -4.49792140e+01 -2.40047102e+02 
 1.67880402e+08 -4.54826976e+01 -2.42229828e+02 
 1.72782598e+08 -4.59880355e+01 -2.44411895e+02 
 1.77827941e+08 -4.64951102e+01 -2.46592210e+02 
 1.83020611e+08 -4.70038036e+01 -2.48769670e+02 
 1.88364909e+08 -4.75139983e+01 -2.50943163e+02 
 1.93865264e+08 -4.80255771e+01 -2.53111574e+02 
 1.99526231e+08 -4.85384238e+01 -2.55273789e+02 
 2.05352503e+08 -4.90524233e+01 -2.57428695e+02 
 2.11348904e+08 -4.95674623e+01 -2.59575190e+02 
 2.17520403e+08 -5.00834294e+01 -2.61712181e+02 
 2.23872114e+08 -5.06002155e+01 -2.63838593e+02 
 2.30409298e+08 -5.11177143e+01 -2.65953369e+02 
 2.37137371e+08 -5.16358222e+01 -2.68055478e+02 
 2.44061907e+08 -5.21544391e+01 -2.70143915e+02 
 2.51188643e+08 -5.26734683e+01 -2.72217709e+02 
 2.58523484e+08 -5.31928171e+01 -2.74275921e+02 
 2.66072506e+08 -5.37123966e+01 -2.76317655e+02 
 2.73841963e+08 -5.42321220e+01 -2.78342054e+02 
 2.81838293e+08 -5.47519132e+01 -2.80348306e+02 
 2.90068120e+08 -5.52716941e+01 -2.82335647e+02 
 2.98538262e+08 -5.57913934e+01 -2.84303363e+02 
 3.07255737e+08 -5.63109441e+01 -2.86250792e+02 
 3.16227766e+08 -5.68302841e+01 -2.88177325e+02 
 3.25461783e+08 -5.73493554e+01 -2.90082407e+02 
 3.34965439e+08 -5.78681048e+01 -2.91965540e+02 
 3.44746607e+08 -5.83864832e+01 -2.93826282e+02 
 3.54813389e+08 -5.89044459e+01 -2.95664247e+02 
 3.65174127e+08 -5.94219522e+01 -2.97479107e+02 
 3.75837404e+08 -5.99389654e+01 -2.99270590e+02 
 3.86812055e+08 -6.04554526e+01 -3.01038479e+02 
 3.98107171e+08 -6.09713841e+01 -3.02782615e+02 
 4.09732110e+08 -6.14867340e+01 -3.04502891e+02 
 4.21696503e+08 -6.20014790e+01 -3.06199253e+02 
 4.34010264e+08 -6.25155991e+01 -3.07871700e+02 
 4.46683592e+08 -6.30290766e+01 -3.09520279e+02 
 4.59726989e+08 -6.35418963e+01 -3.11145085e+02 
 4.73151259e+08 -6.40540450e+01 -3.12746263e+02 
 4.86967525e+08 -6.45655116e+01 -3.14323998e+02 
 5.01187234e+08 -6.50762865e+01 -3.15878519e+02 
 5.15822165e+08 -6.55863614e+01 -3.17410095e+02 
 5.30884444e+08 -6.60957294e+01 -3.18919033e+02 
 5.46386550e+08 -6.66043844e+01 -3.20405676e+02 
 5.62341325e+08 -6.71123210e+01 -3.21870400e+02 
 5.78761988e+08 -6.76195346e+01 -3.23313612e+02 
 5.95662144e+08 -6.81260205e+01 -3.24735749e+02 
 6.13055792e+08 -6.86317746e+01 -3.26137274e+02 
 6.30957344e+08 -6.91367924e+01 -3.27518677e+02 
 6.49381632e+08 -6.96410694e+01 -3.28880468e+02 
 6.68343918e+08 -7.01446007e+01 -3.30223179e+02 
 6.87859912e+08 -7.06473808e+01 -3.31547362e+02 
 7.07945784e+08 -7.11494036e+01 -3.32853584e+02 
 7.28618175e+08 -7.16506621e+01 -3.34142429e+02 
 7.49894209e+08 -7.21511485e+01 -3.35414492e+02 
 7.71791516e+08 -7.26508539e+01 -3.36670382e+02 
 7.94328235e+08 -7.31497682e+01 -3.37910717e+02 
 8.17523038e+08 -7.36478801e+01 -3.39136123e+02 
 8.41395142e+08 -7.41451768e+01 -3.40347233e+02 
 8.65964323e+08 -7.46416441e+01 -3.41544687e+02 
 8.91250938e+08 -7.51372664e+01 -3.42729128e+02 
 9.17275935e+08 -7.56320260e+01 -3.43901200e+02 
 9.44060876e+08 -7.61259040e+01 -3.45061552e+02 
 9.71627952e+08 -7.66188795e+01 -3.46210830e+02 
 1.00000000e+09 -7.71109295e+01 -3.47349681e+02 
