 frequency       av              ph             
 1.00000000e+00 -2.94571548e-02 -1.01339288e-05 
 1.02920053e+00 -2.94571548e-02 -1.04298448e-05 
 1.05925373e+00 -2.94571548e-02 -1.07344018e-05 
 1.09018449e+00 -2.94571548e-02 -1.10478520e-05 
 1.12201845e+00 -2.94571548e-02 -1.13704551e-05 
 1.15478198e+00 -2.94571548e-02 -1.17024784e-05 
 1.18850223e+00 -2.94571548e-02 -1.20441969e-05 
 1.22320712e+00 -2.94571548e-02 -1.23958938e-05 
 1.25892541e+00 -2.94571548e-02 -1.27578605e-05 
 1.29568670e+00 -2.94571548e-02 -1.31303967e-05 
 1.33352143e+00 -2.94571548e-02 -1.35138112e-05 
 1.37246096e+00 -2.94571548e-02 -1.39084216e-05 
 1.41253754e+00 -2.94571548e-02 -1.43145549e-05 
 1.45378439e+00 -2.94571548e-02 -1.47325474e-05 
 1.49623566e+00 -2.94571548e-02 -1.51627456e-05 
 1.53992653e+00 -2.94571548e-02 -1.56055057e-05 
 1.58489319e+00 -2.94571548e-02 -1.60611947e-05 
 1.63117291e+00 -2.94571548e-02 -1.65301901e-05 
 1.67880402e+00 -2.94571548e-02 -1.70128803e-05 
 1.72782598e+00 -2.94571548e-02 -1.75096654e-05 
 1.77827941e+00 -2.94571548e-02 -1.80209569e-05 
 1.83020611e+00 -2.94571548e-02 -1.85471783e-05 
 1.88364909e+00 -2.94571548e-02 -1.90887657e-05 
 1.93865264e+00 -2.94571548e-02 -1.96461677e-05 
 1.99526231e+00 -2.94571548e-02 -2.02198462e-05 
 2.05352503e+00 -2.94571548e-02 -2.08102763e-05 
 2.11348904e+00 -2.94571548e-02 -2.14179474e-05 
 2.17520403e+00 -2.94571548e-02 -2.20433627e-05 
 2.23872114e+00 -2.94571548e-02 -2.26870406e-05 
 2.30409298e+00 -2.94571548e-02 -2.33495141e-05 
 2.37137371e+00 -2.94571548e-02 -2.40313322e-05 
 2.44061907e+00 -2.94571548e-02 -2.47330598e-05 
 2.51188643e+00 -2.94571548e-02 -2.54552782e-05 
 2.58523484e+00 -2.94571548e-02 -2.61985857e-05 
 2.66072506e+00 -2.94571548e-02 -2.69635982e-05 
 2.73841963e+00 -2.94571548e-02 -2.77509495e-05 
 2.81838293e+00 -2.94571548e-02 -2.85612919e-05 
 2.90068120e+00 -2.94571548e-02 -2.93952967e-05 
 2.98538262e+00 -2.94571548e-02 -3.02536548e-05 
 3.07255737e+00 -2.94571548e-02 -3.11370775e-05 
 3.16227766e+00 -2.94571548e-02 -3.20462966e-05 
 3.25461783e+00 -2.94571548e-02 -3.29820653e-05 
 3.34965439e+00 -2.94571548e-02 -3.39451590e-05 
 3.44746607e+00 -2.94571548e-02 -3.49363755e-05 
 3.54813389e+00 -2.94571548e-02 -3.59565361e-05 
 3.65174127e+00 -2.94571548e-02 -3.70064859e-05 
 3.75837404e+00 -2.94571548e-02 -3.80870948e-05 
 3.86812055e+00 -2.94571548e-02 -3.91992581e-05 
 3.98107171e+00 -2.94571548e-02 -4.03438971e-05 
 4.09732110e+00 -2.94571548e-02 -4.15219602e-05 
 4.21696503e+00 -2.94571548e-02 -4.27344233e-05 
 4.34010264e+00 -2.94571548e-02 -4.39822910e-05 
 4.46683592e+00 -2.94571548e-02 -4.52665971e-05 
 4.59726989e+00 -2.94571548e-02 -4.65884056e-05 
 4.73151259e+00 -2.94571548e-02 -4.79488116e-05 
 4.86967525e+00 -2.94571548e-02 -4.93489421e-05 
 5.01187234e+00 -2.94571548e-02 -5.07899573e-05 
 5.15822165e+00 -2.94571548e-02 -5.22730508e-05 
 5.30884444e+00 -2.94571548e-02 -5.37994514e-05 
 5.46386550e+00 -2.94571548e-02 -5.53704238e-05 
 5.62341325e+00 -2.94571548e-02 -5.69872693e-05 
 5.78761988e+00 -2.94571548e-02 -5.86513277e-05 
 5.95662144e+00 -2.94571548e-02 -6.03639773e-05 
 6.13055792e+00 -2.94571548e-02 -6.21266373e-05 
 6.30957344e+00 -2.94571548e-02 -6.39407679e-05 
 6.49381632e+00 -2.94571548e-02 -6.58078720e-05 
 6.68343918e+00 -2.94571548e-02 -6.77294965e-05 
 6.87859912e+00 -2.94571548e-02 -6.97072336e-05 
 7.07945784e+00 -2.94571548e-02 -7.17427215e-05 
 7.28618175e+00 -2.94571548e-02 -7.38376468e-05 
 7.49894209e+00 -2.94571548e-02 -7.59937450e-05 
 7.71791516e+00 -2.94571548e-02 -7.82128024e-05 
 7.94328235e+00 -2.94571548e-02 -8.04966575e-05 
 8.17523038e+00 -2.94571548e-02 -8.28472023e-05 
 8.41395142e+00 -2.94571548e-02 -8.52663843e-05 
 8.65964323e+00 -2.94571548e-02 -8.77562077e-05 
 8.91250938e+00 -2.94571548e-02 -9.03187352e-05 
 9.17275935e+00 -2.94571548e-02 -9.29560899e-05 
 9.44060876e+00 -2.94571548e-02 -9.56704568e-05 
 9.71627952e+00 -2.94571548e-02 -9.84640845e-05 
 1.00000000e+01 -2.94571548e-02 -1.01339288e-04 
 1.02920053e+01 -2.94571548e-02 -1.04298448e-04 
 1.05925373e+01 -2.94571548e-02 -1.07344018e-04 
 1.09018449e+01 -2.94571548e-02 -1.10478520e-04 
 1.12201845e+01 -2.94571548e-02 -1.13704551e-04 
 1.15478198e+01 -2.94571547e-02 -1.17024784e-04 
 1.18850223e+01 -2.94571547e-02 -1.20441969e-04 
 1.22320712e+01 -2.94571547e-02 -1.23958938e-04 
 1.25892541e+01 -2.94571547e-02 -1.27578605e-04 
 1.29568670e+01 -2.94571547e-02 -1.31303967e-04 
 1.33352143e+01 -2.94571547e-02 -1.35138112e-04 
 1.37246096e+01 -2.94571547e-02 -1.39084216e-04 
 1.41253754e+01 -2.94571547e-02 -1.43145549e-04 
 1.45378439e+01 -2.94571547e-02 -1.47325474e-04 
 1.49623566e+01 -2.94571547e-02 -1.51627456e-04 
 1.53992653e+01 -2.94571547e-02 -1.56055057e-04 
 1.58489319e+01 -2.94571547e-02 -1.60611947e-04 
 1.63117291e+01 -2.94571547e-02 -1.65301901e-04 
 1.67880402e+01 -2.94571547e-02 -1.70128803e-04 
 1.72782598e+01 -2.94571546e-02 -1.75096654e-04 
 1.77827941e+01 -2.94571546e-02 -1.80209569e-04 
 1.83020611e+01 -2.94571546e-02 -1.85471783e-04 
 1.88364909e+01 -2.94571546e-02 -1.90887657e-04 
 1.93865264e+01 -2.94571546e-02 -1.96461677e-04 
 1.99526231e+01 -2.94571546e-02 -2.02198462e-04 
 2.05352503e+01 -2.94571546e-02 -2.08102763e-04 
 2.11348904e+01 -2.94571545e-02 -2.14179474e-04 
 2.17520403e+01 -2.94571545e-02 -2.20433627e-04 
 2.23872114e+01 -2.94571545e-02 -2.26870406e-04 
 2.30409298e+01 -2.94571545e-02 -2.33495141e-04 
 2.37137371e+01 -2.94571545e-02 -2.40313322e-04 
 2.44061907e+01 -2.94571545e-02 -2.47330598e-04 
 2.51188643e+01 -2.94571544e-02 -2.54552782e-04 
 2.58523484e+01 -2.94571544e-02 -2.61985857e-04 
 2.66072506e+01 -2.94571544e-02 -2.69635982e-04 
 2.73841963e+01 -2.94571544e-02 -2.77509495e-04 
 2.81838293e+01 -2.94571543e-02 -2.85612919e-04 
 2.90068120e+01 -2.94571543e-02 -2.93952967e-04 
 2.98538262e+01 -2.94571543e-02 -3.02536548e-04 
 3.07255737e+01 -2.94571542e-02 -3.11370775e-04 
 3.16227766e+01 -2.94571542e-02 -3.20462966e-04 
 3.25461783e+01 -2.94571542e-02 -3.29820653e-04 
 3.34965439e+01 -2.94571541e-02 -3.39451590e-04 
 3.44746607e+01 -2.94571541e-02 -3.49363756e-04 
 3.54813389e+01 -2.94571540e-02 -3.59565361e-04 
 3.65174127e+01 -2.94571540e-02 -3.70064860e-04 
 3.75837404e+01 -2.94571539e-02 -3.80870949e-04 
 3.86812055e+01 -2.94571539e-02 -3.91992581e-04 
 3.98107171e+01 -2.94571538e-02 -4.03438971e-04 
 4.09732110e+01 -2.94571538e-02 -4.15219602e-04 
 4.21696503e+01 -2.94571537e-02 -4.27344233e-04 
 4.34010264e+01 -2.94571536e-02 -4.39822910e-04 
 4.46683592e+01 -2.94571536e-02 -4.52665971e-04 
 4.59726989e+01 -2.94571535e-02 -4.65884056e-04 
 4.73151259e+01 -2.94571534e-02 -4.79488116e-04 
 4.86967525e+01 -2.94571533e-02 -4.93489422e-04 
 5.01187234e+01 -2.94571533e-02 -5.07899573e-04 
 5.15822165e+01 -2.94571532e-02 -5.22730508e-04 
 5.30884444e+01 -2.94571531e-02 -5.37994515e-04 
 5.46386550e+01 -2.94571530e-02 -5.53704238e-04 
 5.62341325e+01 -2.94571528e-02 -5.69872694e-04 
 5.78761988e+01 -2.94571527e-02 -5.86513277e-04 
 5.95662144e+01 -2.94571526e-02 -6.03639774e-04 
 6.13055792e+01 -2.94571525e-02 -6.21266373e-04 
 6.30957344e+01 -2.94571523e-02 -6.39407679e-04 
 6.49381632e+01 -2.94571522e-02 -6.58078720e-04 
 6.68343918e+01 -2.94571520e-02 -6.77294966e-04 
 6.87859912e+01 -2.94571519e-02 -6.97072336e-04 
 7.07945784e+01 -2.94571517e-02 -7.17427216e-04 
 7.28618175e+01 -2.94571515e-02 -7.38376469e-04 
 7.49894209e+01 -2.94571513e-02 -7.59937451e-04 
 7.71791516e+01 -2.94571511e-02 -7.82128025e-04 
 7.94328235e+01 -2.94571509e-02 -8.04966576e-04 
 8.17523038e+01 -2.94571506e-02 -8.28472024e-04 
 8.41395142e+01 -2.94571504e-02 -8.52663844e-04 
 8.65964323e+01 -2.94571501e-02 -8.77562078e-04 
 8.91250938e+01 -2.94571498e-02 -9.03187353e-04 
 9.17275935e+01 -2.94571495e-02 -9.29560900e-04 
 9.44060876e+01 -2.94571492e-02 -9.56704569e-04 
 9.71627952e+01 -2.94571489e-02 -9.84640847e-04 
 1.00000000e+02 -2.94571485e-02 -1.01339288e-03 
 1.02920053e+02 -2.94571482e-02 -1.04298449e-03 
 1.05925373e+02 -2.94571478e-02 -1.07344018e-03 
 1.09018449e+02 -2.94571473e-02 -1.10478520e-03 
 1.12201845e+02 -2.94571469e-02 -1.13704551e-03 
 1.15478198e+02 -2.94571464e-02 -1.17024784e-03 
 1.18850223e+02 -2.94571459e-02 -1.20441969e-03 
 1.22320712e+02 -2.94571454e-02 -1.23958938e-03 
 1.25892541e+02 -2.94571449e-02 -1.27578605e-03 
 1.29568670e+02 -2.94571443e-02 -1.31303967e-03 
 1.33352143e+02 -2.94571436e-02 -1.35138112e-03 
 1.37246096e+02 -2.94571430e-02 -1.39084217e-03 
 1.41253754e+02 -2.94571423e-02 -1.43145549e-03 
 1.45378439e+02 -2.94571415e-02 -1.47325475e-03 
 1.49623566e+02 -2.94571407e-02 -1.51627456e-03 
 1.53992653e+02 -2.94571399e-02 -1.56055058e-03 
 1.58489319e+02 -2.94571390e-02 -1.60611948e-03 
 1.63117291e+02 -2.94571381e-02 -1.65301901e-03 
 1.67880402e+02 -2.94571371e-02 -1.70128804e-03 
 1.72782598e+02 -2.94571360e-02 -1.75096655e-03 
 1.77827941e+02 -2.94571349e-02 -1.80209570e-03 
 1.83020611e+02 -2.94571337e-02 -1.85471784e-03 
 1.88364909e+02 -2.94571325e-02 -1.90887658e-03 
 1.93865264e+02 -2.94571312e-02 -1.96461678e-03 
 1.99526231e+02 -2.94571298e-02 -2.02198463e-03 
 2.05352503e+02 -2.94571283e-02 -2.08102765e-03 
 2.11348904e+02 -2.94571267e-02 -2.14179475e-03 
 2.17520403e+02 -2.94571250e-02 -2.20433629e-03 
 2.23872114e+02 -2.94571233e-02 -2.26870407e-03 
 2.30409298e+02 -2.94571214e-02 -2.33495143e-03 
 2.37137371e+02 -2.94571194e-02 -2.40313324e-03 
 2.44061907e+02 -2.94571173e-02 -2.47330600e-03 
 2.51188643e+02 -2.94571151e-02 -2.54552784e-03 
 2.58523484e+02 -2.94571127e-02 -2.61985860e-03 
 2.66072506e+02 -2.94571102e-02 -2.69635985e-03 
 2.73841963e+02 -2.94571076e-02 -2.77509498e-03 
 2.81838293e+02 -2.94571048e-02 -2.85612922e-03 
 2.90068120e+02 -2.94571018e-02 -2.93952970e-03 
 2.98538262e+02 -2.94570987e-02 -3.02536552e-03 
 3.07255737e+02 -2.94570954e-02 -3.11370779e-03 
 3.16227766e+02 -2.94570919e-02 -3.20462970e-03 
 3.25461783e+02 -2.94570881e-02 -3.29820658e-03 
 3.34965439e+02 -2.94570842e-02 -3.39451596e-03 
 3.44746607e+02 -2.94570800e-02 -3.49363762e-03 
 3.54813389e+02 -2.94570755e-02 -3.59565368e-03 
 3.65174127e+02 -2.94570708e-02 -3.70064867e-03 
 3.75837404e+02 -2.94570659e-02 -3.80870957e-03 
 3.86812055e+02 -2.94570606e-02 -3.91992590e-03 
 3.98107171e+02 -2.94570550e-02 -4.03438981e-03 
 4.09732110e+02 -2.94570491e-02 -4.15219612e-03 
 4.21696503e+02 -2.94570428e-02 -4.27344244e-03 
 4.34010264e+02 -2.94570362e-02 -4.39822922e-03 
 4.46683592e+02 -2.94570292e-02 -4.52665984e-03 
 4.59726989e+02 -2.94570217e-02 -4.65884071e-03 
 4.73151259e+02 -2.94570138e-02 -4.79488132e-03 
 4.86967525e+02 -2.94570055e-02 -4.93489439e-03 
 5.01187234e+02 -2.94569966e-02 -5.07899592e-03 
 5.15822165e+02 -2.94569873e-02 -5.22730529e-03 
 5.30884444e+02 -2.94569773e-02 -5.37994537e-03 
 5.46386550e+02 -2.94569668e-02 -5.53704263e-03 
 5.62341325e+02 -2.94569557e-02 -5.69872721e-03 
 5.78761988e+02 -2.94569439e-02 -5.86513306e-03 
 5.95662144e+02 -2.94569314e-02 -6.03639806e-03 
 6.13055792e+02 -2.94569181e-02 -6.21266409e-03 
 6.30957344e+02 -2.94569041e-02 -6.39407717e-03 
 6.49381632e+02 -2.94568892e-02 -6.58078762e-03 
 6.68343918e+02 -2.94568735e-02 -6.77295011e-03 
 6.87859912e+02 -2.94568568e-02 -6.97072386e-03 
 7.07945784e+02 -2.94568392e-02 -7.17427270e-03 
 7.28618175e+02 -2.94568205e-02 -7.38376528e-03 
 7.49894209e+02 -2.94568007e-02 -7.59937515e-03 
 7.71791516e+02 -2.94567797e-02 -7.82128095e-03 
 7.94328235e+02 -2.94567574e-02 -8.04966652e-03 
 8.17523038e+02 -2.94567339e-02 -8.28472108e-03 
 8.41395142e+02 -2.94567090e-02 -8.52663935e-03 
 8.65964323e+02 -2.94566825e-02 -8.77562177e-03 
 8.91250938e+02 -2.94566546e-02 -9.03187461e-03 
 9.17275935e+02 -2.94566249e-02 -9.29561018e-03 
 9.44060876e+02 -2.94565935e-02 -9.56704697e-03 
 9.71627952e+02 -2.94565602e-02 -9.84640987e-03 
 1.00000000e+03 -2.94565250e-02 -1.01339303e-02 
 1.02920053e+03 -2.94564877e-02 -1.04298465e-02 
 1.05925373e+03 -2.94564482e-02 -1.07344036e-02 
 1.09018449e+03 -2.94564063e-02 -1.10478540e-02 
 1.12201845e+03 -2.94563619e-02 -1.13704573e-02 
 1.15478198e+03 -2.94563150e-02 -1.17024808e-02 
 1.18850223e+03 -2.94562652e-02 -1.20441995e-02 
 1.22320712e+03 -2.94562125e-02 -1.23958966e-02 
 1.25892541e+03 -2.94561566e-02 -1.27578635e-02 
 1.29568670e+03 -2.94560975e-02 -1.31304001e-02 
 1.33352143e+03 -2.94560349e-02 -1.35138149e-02 
 1.37246096e+03 -2.94559685e-02 -1.39084256e-02 
 1.41253754e+03 -2.94558982e-02 -1.43145592e-02 
 1.45378439e+03 -2.94558237e-02 -1.47325521e-02 
 1.49623566e+03 -2.94557449e-02 -1.51627507e-02 
 1.53992653e+03 -2.94556613e-02 -1.56055114e-02 
 1.58489319e+03 -2.94555728e-02 -1.60612009e-02 
 1.63117291e+03 -2.94554791e-02 -1.65301968e-02 
 1.67880402e+03 -2.94553798e-02 -1.70128876e-02 
 1.72782598e+03 -2.94552746e-02 -1.75096734e-02 
 1.77827941e+03 -2.94551632e-02 -1.80209655e-02 
 1.83020611e+03 -2.94550452e-02 -1.85471878e-02 
 1.88364909e+03 -2.94549202e-02 -1.90887760e-02 
 1.93865264e+03 -2.94547878e-02 -1.96461790e-02 
 1.99526231e+03 -2.94546475e-02 -2.02198584e-02 
 2.05352503e+03 -2.94544989e-02 -2.08102897e-02 
 2.11348904e+03 -2.94543416e-02 -2.14179619e-02 
 2.17520403e+03 -2.94541749e-02 -2.20433786e-02 
 2.23872114e+03 -2.94539983e-02 -2.26870578e-02 
 2.30409298e+03 -2.94538113e-02 -2.33495329e-02 
 2.37137371e+03 -2.94536131e-02 -2.40313528e-02 
 2.44061907e+03 -2.94534033e-02 -2.47330822e-02 
 2.51188643e+03 -2.94531810e-02 -2.54553026e-02 
 2.58523484e+03 -2.94529455e-02 -2.61986123e-02 
 2.66072506e+03 -2.94526961e-02 -2.69636273e-02 
 2.73841963e+03 -2.94524319e-02 -2.77509812e-02 
 2.81838293e+03 -2.94521521e-02 -2.85613264e-02 
 2.90068120e+03 -2.94518556e-02 -2.93953343e-02 
 2.98538262e+03 -2.94515416e-02 -3.02536958e-02 
 3.07255737e+03 -2.94512090e-02 -3.11371222e-02 
 3.16227766e+03 -2.94508567e-02 -3.20463453e-02 
 3.25461783e+03 -2.94504835e-02 -3.29821184e-02 
 3.34965439e+03 -2.94500882e-02 -3.39452169e-02 
 3.44746607e+03 -2.94496695e-02 -3.49364387e-02 
 3.54813389e+03 -2.94492260e-02 -3.59566050e-02 
 3.65174127e+03 -2.94487562e-02 -3.70065610e-02 
 3.75837404e+03 -2.94482585e-02 -3.80871766e-02 
 3.86812055e+03 -2.94477314e-02 -3.91993473e-02 
 3.98107171e+03 -2.94471730e-02 -4.03439943e-02 
 4.09732110e+03 -2.94465815e-02 -4.15220662e-02 
 4.21696503e+03 -2.94459550e-02 -4.27345388e-02 
 4.34010264e+03 -2.94452914e-02 -4.39824169e-02 
 4.46683592e+03 -2.94445885e-02 -4.52667344e-02 
 4.59726989e+03 -2.94438439e-02 -4.65885553e-02 
 4.73151259e+03 -2.94430551e-02 -4.79489748e-02 
 4.86967525e+03 -2.94422197e-02 -4.93491201e-02 
 5.01187234e+03 -2.94413347e-02 -5.07901512e-02 
 5.15822165e+03 -2.94403973e-02 -5.22732623e-02 
 5.30884444e+03 -2.94394044e-02 -5.37996820e-02 
 5.46386550e+03 -2.94383526e-02 -5.53706751e-02 
 5.62341325e+03 -2.94372385e-02 -5.69875434e-02 
 5.78761988e+03 -2.94360584e-02 -5.86516264e-02 
 5.95662144e+03 -2.94348083e-02 -6.03643030e-02 
 6.13055792e+03 -2.94334842e-02 -6.21269923e-02 
 6.30957344e+03 -2.94320816e-02 -6.39411549e-02 
 6.49381632e+03 -2.94305960e-02 -6.58082940e-02 
 6.68343918e+03 -2.94290223e-02 -6.77299566e-02 
 6.87859912e+03 -2.94273553e-02 -6.97077351e-02 
 7.07945784e+03 -2.94255896e-02 -7.17432683e-02 
 7.28618175e+03 -2.94237192e-02 -7.38382429e-02 
 7.49894209e+03 -2.94217380e-02 -7.59943948e-02 
 7.71791516e+03 -2.94196395e-02 -7.82135108e-02 
 7.94328235e+03 -2.94174166e-02 -8.04974298e-02 
 8.17523038e+03 -2.94150619e-02 -8.28480443e-02 
 8.41395142e+03 -2.94125678e-02 -8.52673022e-02 
 8.65964323e+03 -2.94099258e-02 -8.77572083e-02 
 8.91250938e+03 -2.94071274e-02 -9.03198261e-02 
 9.17275935e+03 -2.94041631e-02 -9.29572792e-02 
 9.44060876e+03 -2.94010231e-02 -9.56717533e-02 
 9.71627952e+03 -2.93976971e-02 -9.84654980e-02 
 1.00000000e+04 -2.93941740e-02 -1.01340829e-01 
 1.02920053e+04 -2.93904422e-02 -1.04300128e-01 
 1.05925373e+04 -2.93864893e-02 -1.07345849e-01 
 1.09018449e+04 -2.93823021e-02 -1.10480516e-01 
 1.12201845e+04 -2.93778668e-02 -1.13706728e-01 
 1.15478198e+04 -2.93731687e-02 -1.17027157e-01 
 1.18850223e+04 -2.93681923e-02 -1.20444556e-01 
 1.22320712e+04 -2.93629210e-02 -1.23961758e-01 
 1.25892541e+04 -2.93573373e-02 -1.27581679e-01 
 1.29568670e+04 -2.93514228e-02 -1.31307319e-01 
 1.33352143e+04 -2.93451578e-02 -1.35141766e-01 
 1.37246096e+04 -2.93385216e-02 -1.39088200e-01 
 1.41253754e+04 -2.93314923e-02 -1.43149891e-01 
 1.45378439e+04 -2.93240464e-02 -1.47330209e-01 
 1.49623566e+04 -2.93161593e-02 -1.51632617e-01 
 1.53992653e+04 -2.93078049e-02 -1.56060684e-01 
 1.58489319e+04 -2.92989554e-02 -1.60618082e-01 
 1.63117291e+04 -2.92895817e-02 -1.65308588e-01 
 1.67880402e+04 -2.92796525e-02 -1.70136094e-01 
 1.72782598e+04 -2.92691350e-02 -1.75104602e-01 
 1.77827941e+04 -2.92579943e-02 -1.80218234e-01 
 1.83020611e+04 -2.92461935e-02 -1.85481230e-01 
 1.88364909e+04 -2.92336935e-02 -1.90897956e-01 
 1.93865264e+04 -2.92204528e-02 -1.96472905e-01 
 1.99526231e+04 -2.92064276e-02 -2.02210702e-01 
 2.05352503e+04 -2.91915714e-02 -2.08116107e-01 
 2.11348904e+04 -2.91758349e-02 -2.14194021e-01 
 2.17520403e+04 -2.91591661e-02 -2.20449486e-01 
 2.23872114e+04 -2.91415096e-02 -2.26887695e-01 
 2.30409298e+04 -2.91228070e-02 -2.33513990e-01 
 2.37137371e+04 -2.91029962e-02 -2.40333871e-01 
 2.44061907e+04 -2.90820116e-02 -2.47352999e-01 
 2.51188643e+04 -2.90597837e-02 -2.54577204e-01 
 2.58523484e+04 -2.90362388e-02 -2.62012482e-01 
 2.66072506e+04 -2.90112988e-02 -2.69665008e-01 
 2.73841963e+04 -2.89848812e-02 -2.77541138e-01 
 2.81838293e+04 -2.89568984e-02 -2.85647416e-01 
 2.90068120e+04 -2.89272576e-02 -2.93990575e-01 
 2.98538262e+04 -2.88958606e-02 -3.02577548e-01 
 3.07255737e+04 -2.88626035e-02 -3.11415472e-01 
 3.16227766e+04 -2.88273759e-02 -3.20511694e-01 
 3.25461783e+04 -2.87900612e-02 -3.29873776e-01 
 3.34965439e+04 -2.87505356e-02 -3.39509504e-01 
 3.44746607e+04 -2.87086684e-02 -3.49426892e-01 
 3.54813389e+04 -2.86643206e-02 -3.59634192e-01 
 3.65174127e+04 -2.86173454e-02 -3.70139898e-01 
 3.75837404e+04 -2.85675872e-02 -3.80952755e-01 
 3.86812055e+04 -2.85148810e-02 -3.92081765e-01 
 3.98107171e+04 -2.84590523e-02 -4.03536198e-01 
 4.09732110e+04 -2.83999161e-02 -4.15325597e-01 
 4.21696503e+04 -2.83372765e-02 -4.27459788e-01 
 4.34010264e+04 -2.82709259e-02 -4.39948887e-01 
 4.46683592e+04 -2.82006446e-02 -4.52803309e-01 
 4.59726989e+04 -2.81261998e-02 -4.66033780e-01 
 4.73151259e+04 -2.80473448e-02 -4.79651343e-01 
 4.86967525e+04 -2.79638184e-02 -4.93667370e-01 
 5.01187234e+04 -2.78753441e-02 -5.08093570e-01 
 5.15822165e+04 -2.77816287e-02 -5.22942002e-01 
 5.30884444e+04 -2.76823618e-02 -5.38225083e-01 
 5.46386550e+04 -2.75772148e-02 -5.53955601e-01 
 5.62341325e+04 -2.74658394e-02 -5.70146727e-01 
 5.78761988e+04 -2.73478668e-02 -5.86812025e-01 
 5.95662144e+04 -2.72229063e-02 -6.03965465e-01 
 6.13055792e+04 -2.70905443e-02 -6.21621439e-01 
 6.30957344e+04 -2.69503424e-02 -6.39794768e-01 
 6.49381632e+04 -2.68018365e-02 -6.58500721e-01 
 6.68343918e+04 -2.66445350e-02 -6.77755027e-01 
 6.87859912e+04 -2.64779172e-02 -6.97573891e-01 
 7.07945784e+04 -2.63014316e-02 -7.17974006e-01 
 7.28618175e+04 -2.61144941e-02 -7.38972575e-01 
 7.49894209e+04 -2.59164861e-02 -7.60587322e-01 
 7.71791516e+04 -2.57067523e-02 -7.82836510e-01 
 7.94328235e+04 -2.54845989e-02 -8.05738961e-01 
 8.17523038e+04 -2.52492908e-02 -8.29314074e-01 
 8.41395142e+04 -2.50000496e-02 -8.53581842e-01 
 8.65964323e+04 -2.47360511e-02 -8.78562874e-01 
 8.91250938e+04 -2.44564221e-02 -9.04278417e-01 
 9.17275935e+04 -2.41602379e-02 -9.30750374e-01 
 9.44060876e+04 -2.38465193e-02 -9.58001329e-01 
 9.71627952e+04 -2.35142293e-02 -9.86054571e-01 
 1.00000000e+05 -2.31622695e-02 -1.01493412e+00 
 1.02920053e+05 -2.27894768e-02 -1.04466474e+00 
 1.05925373e+05 -2.23946196e-02 -1.07527200e+00 
 1.09018449e+05 -2.19763934e-02 -1.10678225e+00 
 1.12201845e+05 -2.15334169e-02 -1.13922270e+00 
 1.15478198e+05 -2.10642274e-02 -1.17262142e+00 
 1.18850223e+05 -2.05672761e-02 -1.20700738e+00 
 1.22320712e+05 -2.00409226e-02 -1.24241049e+00 
 1.25892541e+05 -1.94834301e-02 -1.27886164e+00 
 1.29568670e+05 -1.88929598e-02 -1.31639270e+00 
 1.33352143e+05 -1.82675642e-02 -1.35503663e+00 
 1.37246096e+05 -1.76051816e-02 -1.39482743e+00 
 1.41253754e+05 -1.69036289e-02 -1.43580028e+00 
 1.45378439e+05 -1.61605947e-02 -1.47799149e+00 
 1.49623566e+05 -1.53736320e-02 -1.52143864e+00 
 1.53992653e+05 -1.45401499e-02 -1.56618054e+00 
 1.58489319e+05 -1.36574055e-02 -1.61225737e+00 
 1.63117291e+05 -1.27224953e-02 -1.65971068e+00 
 1.67880402e+05 -1.17323453e-02 -1.70858345e+00 
 1.72782598e+05 -1.06837016e-02 -1.75892019e+00 
 1.77827941e+05 -9.57311989e-03 -1.81076698e+00 
 1.83020611e+05 -8.39695443e-03 -1.86417154e+00 
 1.88364909e+05 -7.15134642e-03 -1.91918332e+00 
 1.93865264e+05 -5.83221175e-03 -1.97585357e+00 
 1.99526231e+05 -4.43522815e-03 -2.03423542e+00 
 2.05352503e+05 -2.95582141e-03 -2.09438398e+00 
 2.11348904e+05 -1.38915109e-03 -2.15635644e+00 
 2.17520403e+05  2.69904690e-04 -2.22021216e+00 
 2.23872114e+05  2.02676534e-03 -2.28601279e+00 
 2.30409298e+05  3.88716454e-03 -2.35382239e+00 
 2.37137371e+05  5.85716816e-03 -2.42370753e+00 
 2.44061907e+05  7.94319290e-03 -2.49573745e+00 
 2.51188643e+05  1.01520261e-02 -2.56998420e+00 
 2.58523484e+05  1.24908463e-02 -2.64652278e+00 
 2.66072506e+05  1.49672453e-02 -2.72543131e+00 
 2.73841963e+05  1.75892512e-02 -2.80679121e+00 
 2.81838293e+05  2.03653521e-02 -2.89068740e+00 
 2.90068120e+05  2.33045218e-02 -2.97720845e+00 
 2.98538262e+05  2.64162463e-02 -3.06644688e+00 
 3.07255737e+05  2.97105516e-02 -3.15849933e+00 
 3.16227766e+05  3.31980332e-02 -3.25346682e+00 
 3.25461783e+05  3.68898863e-02 -3.35145506e+00 
 3.34965439e+05  4.07979380e-02 -3.45257471e+00 
 3.44746607e+05  4.49346810e-02 -3.55694169e+00 
 3.54813389e+05  4.93133080e-02 -3.66467755e+00 
 3.65174127e+05  5.39477487e-02 -3.77590981e+00 
 3.75837404e+05  5.88527072e-02 -3.89077237e+00 
 3.86812055e+05  6.40437016e-02 -4.00940595e+00 
 3.98107171e+05  6.95371051e-02 -4.13195853e+00 
 4.09732110e+05  7.53501879e-02 -4.25858588e+00 
 4.21696503e+05  8.15011612e-02 -4.38945208e+00 
 4.34010264e+05  8.80092223e-02 -4.52473012e+00 
 4.46683592e+05  9.48946011e-02 -4.66460254e+00 
 4.59726989e+05  1.02178607e-01 -4.80926212e+00 
 4.73151259e+05  1.09883678e-01 -4.95891266e+00 
 4.86967525e+05  1.18033431e-01 -5.11376973e+00 
 5.01187234e+05  1.26652707e-01 -5.27406163e+00 
 5.15822165e+05  1.35767628e-01 -5.44003030e+00 
 5.30884444e+05  1.45405640e-01 -5.61193238e+00 
 5.46386550e+05  1.55595570e-01 -5.79004037e+00 
 5.62341325e+05  1.66367664e-01 -5.97464383e+00 
 5.78761988e+05  1.77753644e-01 -6.16605074e+00 
 5.95662144e+05  1.89786743e-01 -6.36458897e+00 
 6.13055792e+05  2.02501752e-01 -6.57060786e+00 
 6.30957344e+05  2.15935051e-01 -6.78447994e+00 
 6.49381632e+05  2.30124640e-01 -7.00660284e+00 
 6.68343918e+05  2.45110164e-01 -7.23740133e+00 
 6.87859912e+05  2.60932921e-01 -7.47732955e+00 
 7.07945784e+05  2.77635867e-01 -7.72687343e+00 
 7.28618175e+05  2.95263604e-01 -7.98655338e+00 
 7.49894209e+05  3.13862348e-01 -8.25692712e+00 
 7.71791516e+05  3.33479880e-01 -8.53859286e+00 
 7.94328235e+05  3.54165473e-01 -8.83219268e+00 
 8.17523038e+05  3.75969786e-01 -9.13841627e+00 
 8.41395142e+05  3.98944726e-01 -9.45800493e+00 
 8.65964323e+05  4.23143269e-01 -9.79175599e+00 
 8.91250938e+05  4.48619226e-01 -1.01405275e+01 
 9.17275935e+05  4.75426958e-01 -1.05052436e+01 
 9.44060876e+05  5.03621017e-01 -1.08868995e+01 
 9.71627952e+05  5.33255706e-01 -1.12865685e+01 
 1.00000000e+06  5.64384549e-01 -1.17054074e+01 
 1.02920053e+06  5.97059635e-01 -1.21446643e+01 
 1.05925373e+06  6.31330847e-01 -1.26056855e+01 
 1.09018449e+06  6.67244925e-01 -1.30899240e+01 
 1.12201845e+06  7.04844350e-01 -1.35989476e+01 
 1.15478198e+06  7.44166022e-01 -1.41344477e+01 
 1.18850223e+06  7.85239688e-01 -1.46982492e+01 
 1.22320712e+06  8.28086087e-01 -1.52923199e+01 
 1.25892541e+06  8.72714771e-01 -1.59187801e+01 
 1.29568670e+06  9.19121535e-01 -1.65799133e+01 
 1.33352143e+06  9.67285424e-01 -1.72781753e+01 
 1.37246096e+06  1.01716524e+00 -1.80162041e+01 
 1.41253754e+06  1.06869547e+00 -1.87968278e+01 
 1.45378439e+06  1.12178163e+00 -1.96230720e+01 
 1.49623566e+06  1.17629482e+00 -2.04981644e+01 
 1.53992653e+06  1.23206560e+00 -2.14255364e+01 
 1.58489319e+06  1.28887697e+00 -2.24088211e+01 
 1.63117291e+06  1.34645647e+00 -2.34518446e+01 
 1.67880402e+06  1.40446746e+00 -2.45586109e+01 
 1.72782598e+06  1.46249940e+00 -2.57332771e+01 
 1.77827941e+06  1.52005748e+00 -2.69801166e+01 
 1.83020611e+06  1.57655154e+00 -2.83034679e+01 
 1.88364909e+06  1.63128472e+00 -2.97076659e+01 
 1.93865264e+06  1.68344228e+00 -3.11969521e+01 
 1.99526231e+06  1.73208105e+00 -3.27753610e+01 
 2.05352503e+06  1.77612072e+00 -3.44465808e+01 
 2.11348904e+06  1.81433771e+00 -3.62137845e+01 
 2.17520403e+06  1.84536325e+00 -3.80794345e+01 
 2.23872114e+06  1.86768715e+00 -4.00450609e+01 
 2.30409298e+06  1.87966904e+00 -4.21110202e+01 
 2.37137371e+06  1.87955875e+00 -4.42762459e+01 
 2.44061907e+06  1.86552724e+00 -4.65380048e+01 
 2.51188643e+06  1.83570896e+00 -4.88916799e+01 
 2.58523484e+06  1.78825553e+00 -5.13306050e+01 
 2.66072506e+06  1.72139928e+00 -5.38459764e+01 
 2.73841963e+06  1.63352364e+00 -5.64268674e+01 
 2.81838293e+06  1.52323604e+00 -5.90603645e+01 
 2.90068120e+06  1.38943732e+00 -6.17318355e+01 
 2.98538262e+06  1.23138130e+00 -6.44253231e+01 
 3.07255737e+06  1.04871848e+00 -6.71240441e+01 
 3.16227766e+06  8.41518840e-01 -6.98109588e+01 
 3.25461783e+06  6.10271291e-01 -7.24693640e+01 
 3.34965439e+06  3.55859595e-01 -7.50834611e+01 
 3.44746607e+06  7.95176444e-02 -7.76388527e+01 
 3.54813389e+06 -2.17231118e-01 -8.01229329e+01 
 3.65174127e+06 -5.32643950e-01 -8.25251507e+01 
 3.75837404e+06 -8.64832314e-01 -8.48371420e+01 
 3.86812055e+06 -1.21183286e+00 -8.70527399e+01 
 3.98107171e+06 -1.57167141e+00 -8.91678816e+01 
 4.09732110e+06 -1.94241693e+00 -9.11804388e+01 
 4.21696503e+06 -2.32222424e+00 -9.30899973e+01 
 4.34010264e+06 -2.70936516e+00 -9.48976090e+01 
 4.46683592e+06 -3.10224917e+00 -9.66055390e+01 
 4.59726989e+06 -3.49943484e+00 -9.82170210e+01 
 4.73151259e+06 -3.89963377e+00 -9.97360326e+01 
 4.86967525e+06 -4.30170889e+00 -1.01167095e+02 
 5.01187234e+06 -4.70466847e+00 -1.02515102e+02 
 5.15822165e+06 -5.10765752e+00 -1.03785178e+02 
 5.30884444e+06 -5.50994733e+00 -1.04982556e+02 
 5.46386550e+06 -5.91092437e+00 -1.06112491e+02 
 5.62341325e+06 -6.31007889e+00 -1.07180181e+02 
 5.78761988e+06 -6.70699390e+00 -1.08190719e+02 
 5.95662144e+06 -7.10133461e+00 -1.09149046e+02 
 6.13055792e+06 -7.49283873e+00 -1.10059926e+02 
 6.30957344e+06 -7.88130749e+00 -1.10927929e+02 
 6.49381632e+06 -8.26659761e+00 -1.11757417e+02 
 6.68343918e+06 -8.64861408e+00 -1.12552537e+02 
 6.87859912e+06 -9.02730374e+00 -1.13317226e+02 
 7.07945784e+06 -9.40264961e+00 -1.14055207e+02 
 7.28618175e+06 -9.77466593e+00 -1.14769995e+02 
 7.49894209e+06 -1.01433938e+01 -1.15464908e+02 
 7.71791516e+06 -1.05088973e+01 -1.16143067e+02 
 7.94328235e+06 -1.08712604e+01 -1.16807408e+02 
 8.17523038e+06 -1.12305837e+01 -1.17460693e+02 
 8.41395142e+06 -1.15869823e+01 -1.18105512e+02 
 8.65964323e+06 -1.19405832e+01 -1.18744297e+02 
 8.91250938e+06 -1.22915240e+01 -1.19379329e+02 
 9.17275935e+06 -1.26399507e+01 -1.20012744e+02 
 9.44060876e+06 -1.29860164e+01 -1.20646543e+02 
 9.71627952e+06 -1.33298804e+01 -1.21282600e+02 
 1.00000000e+07 -1.36717067e+01 -1.21922667e+02 
 1.02920053e+07 -1.40116633e+01 -1.22568380e+02 
 1.05925373e+07 -1.43499214e+01 -1.23221269e+02 
 1.09018449e+07 -1.46866547e+01 -1.23882760e+02 
 1.12201845e+07 -1.50220386e+01 -1.24554182e+02 
 1.15478198e+07 -1.53562500e+01 -1.25236772e+02 
 1.18850223e+07 -1.56894666e+01 -1.25931679e+02 
 1.22320712e+07 -1.60218664e+01 -1.26639969e+02 
 1.25892541e+07 -1.63536278e+01 -1.27362628e+02 
 1.29568670e+07 -1.66849287e+01 -1.28100568e+02 
 1.33352143e+07 -1.70159466e+01 -1.28854626e+02 
 1.37246096e+07 -1.73468582e+01 -1.29625572e+02 
 1.41253754e+07 -1.76778392e+01 -1.30414109e+02 
 1.45378439e+07 -1.80090639e+01 -1.31220874e+02 
 1.49623566e+07 -1.83407053e+01 -1.32046446e+02 
 1.53992653e+07 -1.86729346e+01 -1.32891341e+02 
 1.58489319e+07 -1.90059210e+01 -1.33756019e+02 
 1.63117291e+07 -1.93398317e+01 -1.34640886e+02 
 1.67880402e+07 -1.96748315e+01 -1.35546294e+02 
 1.72782598e+07 -2.00110827e+01 -1.36472540e+02 
 1.77827941e+07 -2.03487445e+01 -1.37419875e+02 
 1.83020611e+07 -2.06879736e+01 -1.38388499e+02 
 1.88364909e+07 -2.10289230e+01 -1.39378565e+02 
 1.93865264e+07 -2.13717423e+01 -1.40390183e+02 
 1.99526231e+07 -2.17165776e+01 -1.41423416e+02 
 2.05352503e+07 -2.20635707e+01 -1.42478287e+02 
 2.11348904e+07 -2.24128594e+01 -1.43554778e+02 
 2.17520403e+07 -2.27645768e+01 -1.44652834e+02 
 2.23872114e+07 -2.31188515e+01 -1.45772362e+02 
 2.30409298e+07 -2.34758071e+01 -1.46913235e+02 
 2.37137371e+07 -2.38355618e+01 -1.48075295e+02 
 2.44061907e+07 -2.41982287e+01 -1.49258352e+02 
 2.51188643e+07 -2.45639151e+01 -1.50462190e+02 
 2.58523484e+07 -2.49327225e+01 -1.51686567e+02 
 2.66072506e+07 -2.53047465e+01 -1.52931217e+02 
 2.73841963e+07 -2.56800766e+01 -1.54195857e+02 
 2.81838293e+07 -2.60587961e+01 -1.55480185e+02 
 2.90068120e+07 -2.64409819e+01 -1.56783883e+02 
 2.98538262e+07 -2.68267047e+01 -1.58106624e+02 
 3.07255737e+07 -2.72160288e+01 -1.59448069e+02 
 3.16227766e+07 -2.76090119e+01 -1.60807875e+02 
 3.25461783e+07 -2.80057056e+01 -1.62185693e+02 
 3.34965439e+07 -2.84061552e+01 -1.63581175e+02 
 3.44746607e+07 -2.88103999e+01 -1.64993974e+02 
 3.54813389e+07 -2.92184728e+01 -1.66423745e+02 
 3.65174127e+07 -2.96304011e+01 -1.67870152e+02 
 3.75837404e+07 -3.00462066e+01 -1.69332864e+02 
 3.86812055e+07 -3.04659056e+01 -1.70811562e+02 
 3.98107171e+07 -3.08895090e+01 -1.72305938e+02 
 4.09732110e+07 -3.13170233e+01 -1.73815695e+02 
 4.21696503e+07 -3.17484498e+01 -1.75340553e+02 
 4.34010264e+07 -3.21837858e+01 -1.76880245e+02 
 4.46683592e+07 -3.26230246e+01 -1.78434519e+02 
 4.59726989e+07 -3.30661556e+01 -1.80003139e+02 
 4.73151259e+07 -3.35131647e+01 -1.81585884e+02 
 4.86967525e+07 -3.39640348e+01 -1.83182549e+02 
 5.01187234e+07 -3.44187458e+01 -1.84792941e+02 
 5.15822165e+07 -3.48772750e+01 -1.86416885e+02 
 5.30884444e+07 -3.53395971e+01 -1.88054214e+02 
 5.46386550e+07 -3.58056849e+01 -1.89704774e+02 
 5.62341325e+07 -3.62755089e+01 -1.91368421e+02 
 5.78761988e+07 -3.67490380e+01 -1.93045018e+02 
 5.95662144e+07 -3.72262390e+01 -1.94734432e+02 
 6.13055792e+07 -3.77070775e+01 -1.96436536e+02 
 6.30957344e+07 -3.81915171e+01 -1.98151203e+02 
 6.49381632e+07 -3.86795203e+01 -1.99878305e+02 
 6.68343918e+07 -3.91710475e+01 -2.01617709e+02 
 6.87859912e+07 -3.96660579e+01 -2.03369279e+02 
 7.07945784e+07 -4.01645088e+01 -2.05132868e+02 
 7.28618175e+07 -4.06663557e+01 -2.06908318e+02 
 7.49894209e+07 -4.11715524e+01 -2.08695458e+02 
 7.71791516e+07 -4.16800503e+01 -2.10494102e+02 
 7.94328235e+07 -4.21917986e+01 -2.12304044e+02 
 8.17523038e+07 -4.27067442e+01 -2.14125059e+02 
 8.41395142e+07 -4.32248311e+01 -2.15956900e+02 
 8.65964323e+07 -4.37460003e+01 -2.17799295e+02 
 8.91250938e+07 -4.42701899e+01 -2.19651947e+02 
 9.17275935e+07 -4.47973345e+01 -2.21514532e+02 
 9.44060876e+07 -4.53273649e+01 -2.23386698e+02 
 9.71627952e+07 -4.58602084e+01 -2.25268063e+02 
 1.00000000e+08 -4.63957879e+01 -2.27158215e+02 
 1.02920053e+08 -4.69340225e+01 -2.29056713e+02 
 1.05925373e+08 -4.74748267e+01 -2.30963084e+02 
 1.09018449e+08 -4.80181105e+01 -2.32876825e+02 
 1.12201845e+08 -4.85637796e+01 -2.34797404e+02 
 1.15478198e+08 -4.91117349e+01 -2.36724256e+02 
 1.18850223e+08 -4.96618729e+01 -2.38656791e+02 
 1.22320712e+08 -5.02140856e+01 -2.40594387e+02 
 1.25892541e+08 -5.07682606e+01 -2.42536399e+02 
 1.29568670e+08 -5.13242812e+01 -2.44482153e+02 
 1.33352143e+08 -5.18820269e+01 -2.46430953e+02 
 1.37246096e+08 -5.24413733e+01 -2.48382082e+02 
 1.41253754e+08 -5.30021927e+01 -2.50334799e+02 
 1.45378439e+08 -5.35643544e+01 -2.52288349e+02 
 1.49623566e+08 -5.41277251e+01 -2.54241958e+02 
 1.53992653e+08 -5.46921693e+01 -2.56194840e+02 
 1.58489319e+08 -5.52575499e+01 -2.58146196e+02 
 1.63117291e+08 -5.58237286e+01 -2.60095220e+02 
 1.67880402e+08 -5.63905667e+01 -2.62041097e+02 
 1.72782598e+08 -5.69579254e+01 -2.63983010e+02 
 1.77827941e+08 -5.75256665e+01 -2.65920141e+02 
 1.83020611e+08 -5.80936533e+01 -2.67851673e+02 
 1.88364909e+08 -5.86617505e+01 -2.69776793e+02 
 1.93865264e+08 -5.92298255e+01 -2.71694694e+02 
 1.99526231e+08 -5.97977485e+01 -2.73604580e+02 
 2.05352503e+08 -6.03653935e+01 -2.75505666e+02 
 2.11348904e+08 -6.09326381e+01 -2.77397184e+02 
 2.17520403e+08 -6.14993649e+01 -2.79278382e+02 
 2.23872114e+08 -6.20654613e+01 -2.81148527e+02 
 2.30409298e+08 -6.26308199e+01 -2.83006912e+02 
 2.37137371e+08 -6.31953395e+01 -2.84852851e+02 
 2.44061907e+08 -6.37589244e+01 -2.86685689e+02 
 2.51188643e+08 -6.43214857e+01 -2.88504799e+02 
 2.58523484e+08 -6.48829408e+01 -2.90309586e+02 
 2.66072506e+08 -6.54432136e+01 -2.92099489e+02 
 2.73841963e+08 -6.60022349e+01 -2.93873982e+02 
 2.81838293e+08 -6.65599423e+01 -2.95632577e+02 
 2.90068120e+08 -6.71162799e+01 -2.97374825e+02 
 2.98538262e+08 -6.76711987e+01 -2.99100317e+02 
 3.07255737e+08 -6.82246561e+01 -3.00808684e+02 
 3.16227766e+08 -6.87766159e+01 -3.02499600e+02 
 3.25461783e+08 -6.93270482e+01 -3.04172784e+02 
 3.34965439e+08 -6.98759289e+01 -3.05827994e+02 
 3.44746607e+08 -7.04232395e+01 -3.07465036e+02 
 3.54813389e+08 -7.09689672e+01 -3.09083758e+02 
 3.65174127e+08 -7.15131038e+01 -3.10684051e+02 
 3.75837404e+08 -7.20556464e+01 -3.12265851e+02 
 3.86812055e+08 -7.25965959e+01 -3.13829138e+02 
 3.98107171e+08 -7.31359576e+01 -3.15373932e+02 
 4.09732110e+08 -7.36737404e+01 -3.16900296e+02 
 4.21696503e+08 -7.42099564e+01 -3.18408334e+02 
 4.34010264e+08 -7.47446207e+01 -3.19898190e+02 
 4.46683592e+08 -7.52777510e+01 -3.21370047e+02 
 4.59726989e+08 -7.58093673e+01 -3.22824124e+02 
 4.73151259e+08 -7.63394915e+01 -3.24260678e+02 
 4.86967525e+08 -7.68681468e+01 -3.25679998e+02 
 5.01187234e+08 -7.73953580e+01 -3.27082409e+02 
 5.15822165e+08 -7.79211507e+01 -3.28468266e+02 
 5.30884444e+08 -7.84455512e+01 -3.29837954e+02 
 5.46386550e+08 -7.89685862e+01 -3.31191888e+02 
 5.62341325e+08 -7.94902826e+01 -3.32530508e+02 
 5.78761988e+08 -8.00106673e+01 -3.33854280e+02 
 5.95662144e+08 -8.05297666e+01 -3.35163694e+02 
 6.13055792e+08 -8.10476066e+01 -3.36459262e+02 
 6.30957344e+08 -8.15642126e+01 -3.37741516e+02 
 6.49381632e+08 -8.20796090e+01 -3.39011009e+02 
 6.68343918e+08 -8.25938193e+01 -3.40268308e+02 
 6.87859912e+08 -8.31068657e+01 -3.41513999e+02 
 7.07945784e+08 -8.36187692e+01 -3.42748682e+02 
 7.28618175e+08 -8.41295493e+01 -3.43972969e+02 
 7.49894209e+08 -8.46392242e+01 -3.45187487e+02 
 7.71791516e+08 -8.51478103e+01 -3.46392869e+02 
 7.94328235e+08 -8.56553222e+01 -3.47589763e+02 
 8.17523038e+08 -8.61617731e+01 -3.48778820e+02 
 8.41395142e+08 -8.66671740e+01 -3.49960701e+02 
 8.65964323e+08 -8.71715341e+01 -3.51136072e+02 
 8.91250938e+08 -8.76748609e+01 -3.52305604e+02 
 9.17275935e+08 -8.81771595e+01 -3.53469972e+02 
 9.44060876e+08 -8.86784334e+01 -3.54629853e+02 
 9.71627952e+08 -8.91786837e+01 -3.55785926e+02 
 1.00000000e+09 -8.96779095e+01 -3.56938871e+02 
