 frequency       av              ph             
 1.00000000e+00  2.38356227e+01 -8.36585501e-05 
 1.02920053e+00  2.38356227e+01 -8.61014238e-05 
 1.05925373e+00  2.38356227e+01 -8.86156308e-05 
 1.09018449e+00  2.38356227e+01 -9.12032539e-05 
 1.12201845e+00  2.38356227e+01 -9.38664370e-05 
 1.15478198e+00  2.38356227e+01 -9.66073865e-05 
 1.18850223e+00  2.38356227e+01 -9.94283731e-05 
 1.22320712e+00  2.38356227e+01 -1.02331734e-04 
 1.25892541e+00  2.38356227e+01 -1.05319875e-04 
 1.29568670e+00  2.38356227e+01 -1.08395270e-04 
 1.33352143e+00  2.38356227e+01 -1.11560469e-04 
 1.37246096e+00  2.38356227e+01 -1.14818094e-04 
 1.41253754e+00  2.38356227e+01 -1.18170843e-04 
 1.45378439e+00  2.38356227e+01 -1.21621494e-04 
 1.49623566e+00  2.38356227e+01 -1.25172906e-04 
 1.53992653e+00  2.38356227e+01 -1.28828020e-04 
 1.58489319e+00  2.38356227e+01 -1.32589866e-04 
 1.63117291e+00  2.38356227e+01 -1.36461560e-04 
 1.67880402e+00  2.38356227e+01 -1.40446310e-04 
 1.72782598e+00  2.38356227e+01 -1.44547416e-04 
 1.77827941e+00  2.38356227e+01 -1.48768277e-04 
 1.83020611e+00  2.38356227e+01 -1.53112389e-04 
 1.88364909e+00  2.38356227e+01 -1.57583352e-04 
 1.93865264e+00  2.38356227e+01 -1.62184869e-04 
 1.99526231e+00  2.38356227e+01 -1.66920752e-04 
 2.05352503e+00  2.38356227e+01 -1.71794926e-04 
 2.11348904e+00  2.38356227e+01 -1.76811429e-04 
 2.17520403e+00  2.38356227e+01 -1.81974416e-04 
 2.23872114e+00  2.38356227e+01 -1.87288164e-04 
 2.30409298e+00  2.38356227e+01 -1.92757078e-04 
 2.37137371e+00  2.38356227e+01 -1.98385686e-04 
 2.44061907e+00  2.38356227e+01 -2.04178652e-04 
 2.51188643e+00  2.38356227e+01 -2.10140777e-04 
 2.58523484e+00  2.38356227e+01 -2.16276998e-04 
 2.66072506e+00  2.38356227e+01 -2.22592401e-04 
 2.73841963e+00  2.38356227e+01 -2.29092216e-04 
 2.81838293e+00  2.38356227e+01 -2.35781830e-04 
 2.90068120e+00  2.38356227e+01 -2.42666783e-04 
 2.98538262e+00  2.38356227e+01 -2.49752781e-04 
 3.07255737e+00  2.38356227e+01 -2.57045694e-04 
 3.16227766e+00  2.38356227e+01 -2.64551564e-04 
 3.25461783e+00  2.38356227e+01 -2.72276609e-04 
 3.34965439e+00  2.38356227e+01 -2.80227230e-04 
 3.44746607e+00  2.38356227e+01 -2.88410012e-04 
 3.54813389e+00  2.38356227e+01 -2.96831737e-04 
 3.65174127e+00  2.38356227e+01 -3.05499380e-04 
 3.75837404e+00  2.38356227e+01 -3.14420123e-04 
 3.86812055e+00  2.38356227e+01 -3.23601356e-04 
 3.98107171e+00  2.38356227e+01 -3.33050687e-04 
 4.09732110e+00  2.38356227e+01 -3.42775942e-04 
 4.21696503e+00  2.38356227e+01 -3.52785180e-04 
 4.34010264e+00  2.38356227e+01 -3.63086694e-04 
 4.46683592e+00  2.38356227e+01 -3.73689017e-04 
 4.59726989e+00  2.38356227e+01 -3.84600933e-04 
 4.73151259e+00  2.38356227e+01 -3.95831483e-04 
 4.86967525e+00  2.38356227e+01 -4.07389971e-04 
 5.01187234e+00  2.38356227e+01 -4.19285973e-04 
 5.15822165e+00  2.38356227e+01 -4.31529344e-04 
 5.30884444e+00  2.38356227e+01 -4.44130229e-04 
 5.46386550e+00  2.38356227e+01 -4.57099065e-04 
 5.62341325e+00  2.38356227e+01 -4.70446599e-04 
 5.78761988e+00  2.38356227e+01 -4.84183888e-04 
 5.95662144e+00  2.38356227e+01 -4.98322313e-04 
 6.13055792e+00  2.38356227e+01 -5.12873587e-04 
 6.30957344e+00  2.38356227e+01 -5.27849766e-04 
 6.49381632e+00  2.38356227e+01 -5.43263257e-04 
 6.68343918e+00  2.38356227e+01 -5.59126831e-04 
 6.87859912e+00  2.38356227e+01 -5.75453629e-04 
 7.07945784e+00  2.38356227e+01 -5.92257178e-04 
 7.28618175e+00  2.38356227e+01 -6.09551400e-04 
 7.49894209e+00  2.38356227e+01 -6.27350623e-04 
 7.71791516e+00  2.38356227e+01 -6.45669591e-04 
 7.94328235e+00  2.38356227e+01 -6.64523484e-04 
 8.17523038e+00  2.38356227e+01 -6.83927920e-04 
 8.41395142e+00  2.38356227e+01 -7.03898976e-04 
 8.65964323e+00  2.38356227e+01 -7.24453197e-04 
 8.91250938e+00  2.38356227e+01 -7.45607612e-04 
 9.17275935e+00  2.38356227e+01 -7.67379748e-04 
 9.44060876e+00  2.38356227e+01 -7.89787641e-04 
 9.71627952e+00  2.38356227e+01 -8.12849856e-04 
 1.00000000e+01  2.38356227e+01 -8.36585501e-04 
 1.02920053e+01  2.38356227e+01 -8.61014238e-04 
 1.05925373e+01  2.38356227e+01 -8.86156308e-04 
 1.09018449e+01  2.38356227e+01 -9.12032539e-04 
 1.12201845e+01  2.38356227e+01 -9.38664370e-04 
 1.15478198e+01  2.38356227e+01 -9.66073865e-04 
 1.18850223e+01  2.38356227e+01 -9.94283731e-04 
 1.22320712e+01  2.38356227e+01 -1.02331734e-03 
 1.25892541e+01  2.38356227e+01 -1.05319875e-03 
 1.29568670e+01  2.38356227e+01 -1.08395270e-03 
 1.33352143e+01  2.38356227e+01 -1.11560469e-03 
 1.37246096e+01  2.38356227e+01 -1.14818094e-03 
 1.41253754e+01  2.38356227e+01 -1.18170843e-03 
 1.45378439e+01  2.38356227e+01 -1.21621494e-03 
 1.49623566e+01  2.38356227e+01 -1.25172906e-03 
 1.53992653e+01  2.38356227e+01 -1.28828020e-03 
 1.58489319e+01  2.38356227e+01 -1.32589866e-03 
 1.63117291e+01  2.38356227e+01 -1.36461560e-03 
 1.67880402e+01  2.38356227e+01 -1.40446310e-03 
 1.72782598e+01  2.38356227e+01 -1.44547416e-03 
 1.77827941e+01  2.38356227e+01 -1.48768277e-03 
 1.83020611e+01  2.38356227e+01 -1.53112389e-03 
 1.88364909e+01  2.38356227e+01 -1.57583352e-03 
 1.93865264e+01  2.38356227e+01 -1.62184869e-03 
 1.99526231e+01  2.38356227e+01 -1.66920752e-03 
 2.05352503e+01  2.38356227e+01 -1.71794926e-03 
 2.11348904e+01  2.38356227e+01 -1.76811429e-03 
 2.17520403e+01  2.38356227e+01 -1.81974416e-03 
 2.23872114e+01  2.38356227e+01 -1.87288164e-03 
 2.30409298e+01  2.38356227e+01 -1.92757078e-03 
 2.37137371e+01  2.38356227e+01 -1.98385686e-03 
 2.44061907e+01  2.38356227e+01 -2.04178652e-03 
 2.51188643e+01  2.38356227e+01 -2.10140777e-03 
 2.58523484e+01  2.38356227e+01 -2.16276998e-03 
 2.66072506e+01  2.38356227e+01 -2.22592401e-03 
 2.73841963e+01  2.38356227e+01 -2.29092216e-03 
 2.81838293e+01  2.38356227e+01 -2.35781830e-03 
 2.90068120e+01  2.38356227e+01 -2.42666783e-03 
 2.98538262e+01  2.38356227e+01 -2.49752781e-03 
 3.07255737e+01  2.38356227e+01 -2.57045694e-03 
 3.16227766e+01  2.38356227e+01 -2.64551564e-03 
 3.25461783e+01  2.38356227e+01 -2.72276609e-03 
 3.34965439e+01  2.38356227e+01 -2.80227230e-03 
 3.44746607e+01  2.38356227e+01 -2.88410012e-03 
 3.54813389e+01  2.38356227e+01 -2.96831737e-03 
 3.65174127e+01  2.38356227e+01 -3.05499380e-03 
 3.75837404e+01  2.38356227e+01 -3.14420123e-03 
 3.86812055e+01  2.38356227e+01 -3.23601356e-03 
 3.98107171e+01  2.38356227e+01 -3.33050687e-03 
 4.09732110e+01  2.38356227e+01 -3.42775942e-03 
 4.21696503e+01  2.38356227e+01 -3.52785180e-03 
 4.34010264e+01  2.38356227e+01 -3.63086694e-03 
 4.46683592e+01  2.38356227e+01 -3.73689017e-03 
 4.59726989e+01  2.38356227e+01 -3.84600933e-03 
 4.73151259e+01  2.38356227e+01 -3.95831483e-03 
 4.86967525e+01  2.38356226e+01 -4.07389971e-03 
 5.01187234e+01  2.38356226e+01 -4.19285973e-03 
 5.15822165e+01  2.38356226e+01 -4.31529344e-03 
 5.30884444e+01  2.38356226e+01 -4.44130229e-03 
 5.46386550e+01  2.38356226e+01 -4.57099065e-03 
 5.62341325e+01  2.38356226e+01 -4.70446599e-03 
 5.78761988e+01  2.38356226e+01 -4.84183888e-03 
 5.95662144e+01  2.38356226e+01 -4.98322313e-03 
 6.13055792e+01  2.38356226e+01 -5.12873587e-03 
 6.30957344e+01  2.38356226e+01 -5.27849766e-03 
 6.49381632e+01  2.38356226e+01 -5.43263257e-03 
 6.68343918e+01  2.38356226e+01 -5.59126831e-03 
 6.87859912e+01  2.38356226e+01 -5.75453629e-03 
 7.07945784e+01  2.38356226e+01 -5.92257179e-03 
 7.28618175e+01  2.38356226e+01 -6.09551400e-03 
 7.49894209e+01  2.38356226e+01 -6.27350623e-03 
 7.71791516e+01  2.38356226e+01 -6.45669592e-03 
 7.94328235e+01  2.38356226e+01 -6.64523484e-03 
 8.17523038e+01  2.38356226e+01 -6.83927920e-03 
 8.41395142e+01  2.38356226e+01 -7.03898976e-03 
 8.65964323e+01  2.38356226e+01 -7.24453197e-03 
 8.91250938e+01  2.38356226e+01 -7.45607613e-03 
 9.17275935e+01  2.38356226e+01 -7.67379748e-03 
 9.44060876e+01  2.38356226e+01 -7.89787641e-03 
 9.71627952e+01  2.38356226e+01 -8.12849857e-03 
 1.00000000e+02  2.38356226e+01 -8.36585501e-03 
 1.02920053e+02  2.38356226e+01 -8.61014239e-03 
 1.05925373e+02  2.38356226e+01 -8.86156309e-03 
 1.09018449e+02  2.38356226e+01 -9.12032540e-03 
 1.12201845e+02  2.38356226e+01 -9.38664371e-03 
 1.15478198e+02  2.38356226e+01 -9.66073865e-03 
 1.18850223e+02  2.38356226e+01 -9.94283732e-03 
 1.22320712e+02  2.38356226e+01 -1.02331734e-02 
 1.25892541e+02  2.38356226e+01 -1.05319875e-02 
 1.29568670e+02  2.38356226e+01 -1.08395271e-02 
 1.33352143e+02  2.38356226e+01 -1.11560470e-02 
 1.37246096e+02  2.38356226e+01 -1.14818094e-02 
 1.41253754e+02  2.38356226e+01 -1.18170843e-02 
 1.45378439e+02  2.38356226e+01 -1.21621494e-02 
 1.49623566e+02  2.38356226e+01 -1.25172906e-02 
 1.53992653e+02  2.38356226e+01 -1.28828021e-02 
 1.58489319e+02  2.38356226e+01 -1.32589867e-02 
 1.63117291e+02  2.38356226e+01 -1.36461561e-02 
 1.67880402e+02  2.38356226e+01 -1.40446310e-02 
 1.72782598e+02  2.38356226e+01 -1.44547417e-02 
 1.77827941e+02  2.38356226e+01 -1.48768277e-02 
 1.83020611e+02  2.38356225e+01 -1.53112389e-02 
 1.88364909e+02  2.38356225e+01 -1.57583352e-02 
 1.93865264e+02  2.38356225e+01 -1.62184869e-02 
 1.99526231e+02  2.38356225e+01 -1.66920753e-02 
 2.05352503e+02  2.38356225e+01 -1.71794927e-02 
 2.11348904e+02  2.38356225e+01 -1.76811429e-02 
 2.17520403e+02  2.38356225e+01 -1.81974416e-02 
 2.23872114e+02  2.38356225e+01 -1.87288165e-02 
 2.30409298e+02  2.38356225e+01 -1.92757078e-02 
 2.37137371e+02  2.38356225e+01 -1.98385686e-02 
 2.44061907e+02  2.38356225e+01 -2.04178653e-02 
 2.51188643e+02  2.38356224e+01 -2.10140778e-02 
 2.58523484e+02  2.38356224e+01 -2.16276999e-02 
 2.66072506e+02  2.38356224e+01 -2.22592401e-02 
 2.73841963e+02  2.38356224e+01 -2.29092217e-02 
 2.81838293e+02  2.38356224e+01 -2.35781831e-02 
 2.90068120e+02  2.38356224e+01 -2.42666784e-02 
 2.98538262e+02  2.38356224e+01 -2.49752783e-02 
 3.07255737e+02  2.38356223e+01 -2.57045696e-02 
 3.16227766e+02  2.38356223e+01 -2.64551565e-02 
 3.25461783e+02  2.38356223e+01 -2.72276611e-02 
 3.34965439e+02  2.38356223e+01 -2.80227231e-02 
 3.44746607e+02  2.38356223e+01 -2.88410014e-02 
 3.54813389e+02  2.38356222e+01 -2.96831739e-02 
 3.65174127e+02  2.38356222e+01 -3.05499382e-02 
 3.75837404e+02  2.38356222e+01 -3.14420125e-02 
 3.86812055e+02  2.38356222e+01 -3.23601359e-02 
 3.98107171e+02  2.38356221e+01 -3.33050690e-02 
 4.09732110e+02  2.38356221e+01 -3.42775945e-02 
 4.21696503e+02  2.38356221e+01 -3.52785184e-02 
 4.34010264e+02  2.38356220e+01 -3.63086697e-02 
 4.46683592e+02  2.38356220e+01 -3.73689021e-02 
 4.59726989e+02  2.38356220e+01 -3.84600937e-02 
 4.73151259e+02  2.38356219e+01 -3.95831488e-02 
 4.86967525e+02  2.38356219e+01 -4.07389976e-02 
 5.01187234e+02  2.38356218e+01 -4.19285979e-02 
 5.15822165e+02  2.38356218e+01 -4.31529351e-02 
 5.30884444e+02  2.38356217e+01 -4.44130235e-02 
 5.46386550e+02  2.38356217e+01 -4.57099073e-02 
 5.62341325e+02  2.38356216e+01 -4.70446607e-02 
 5.78761988e+02  2.38356215e+01 -4.84183897e-02 
 5.95662144e+02  2.38356215e+01 -4.98322322e-02 
 6.13055792e+02  2.38356214e+01 -5.12873597e-02 
 6.30957344e+02  2.38356213e+01 -5.27849778e-02 
 6.49381632e+02  2.38356213e+01 -5.43263270e-02 
 6.68343918e+02  2.38356212e+01 -5.59126845e-02 
 6.87859912e+02  2.38356211e+01 -5.75453644e-02 
 7.07945784e+02  2.38356210e+01 -5.92257195e-02 
 7.28618175e+02  2.38356209e+01 -6.09551418e-02 
 7.49894209e+02  2.38356208e+01 -6.27350642e-02 
 7.71791516e+02  2.38356207e+01 -6.45669613e-02 
 7.94328235e+02  2.38356206e+01 -6.64523507e-02 
 8.17523038e+02  2.38356204e+01 -6.83927945e-02 
 8.41395142e+02  2.38356203e+01 -7.03899003e-02 
 8.65964323e+02  2.38356202e+01 -7.24453227e-02 
 8.91250938e+02  2.38356200e+01 -7.45607645e-02 
 9.17275935e+02  2.38356199e+01 -7.67379783e-02 
 9.44060876e+02  2.38356197e+01 -7.89787680e-02 
 9.71627952e+02  2.38356195e+01 -8.12849899e-02 
 1.00000000e+03  2.38356193e+01 -8.36585547e-02 
 1.02920053e+03  2.38356191e+01 -8.61014289e-02 
 1.05925373e+03  2.38356189e+01 -8.86156363e-02 
 1.09018449e+03  2.38356187e+01 -9.12032599e-02 
 1.12201845e+03  2.38356185e+01 -9.38664436e-02 
 1.15478198e+03  2.38356182e+01 -9.66073936e-02 
 1.18850223e+03  2.38356179e+01 -9.94283809e-02 
 1.22320712e+03  2.38356177e+01 -1.02331742e-01 
 1.25892541e+03  2.38356174e+01 -1.05319884e-01 
 1.29568670e+03  2.38356171e+01 -1.08395281e-01 
 1.33352143e+03  2.38356167e+01 -1.11560480e-01 
 1.37246096e+03  2.38356164e+01 -1.14818106e-01 
 1.41253754e+03  2.38356160e+01 -1.18170856e-01 
 1.45378439e+03  2.38356156e+01 -1.21621508e-01 
 1.49623566e+03  2.38356152e+01 -1.25172921e-01 
 1.53992653e+03  2.38356148e+01 -1.28828037e-01 
 1.58489319e+03  2.38356143e+01 -1.32589885e-01 
 1.63117291e+03  2.38356138e+01 -1.36461581e-01 
 1.67880402e+03  2.38356133e+01 -1.40446332e-01 
 1.72782598e+03  2.38356127e+01 -1.44547440e-01 
 1.77827941e+03  2.38356121e+01 -1.48768303e-01 
 1.83020611e+03  2.38356115e+01 -1.53112418e-01 
 1.88364909e+03  2.38356108e+01 -1.57583383e-01 
 1.93865264e+03  2.38356101e+01 -1.62184902e-01 
 1.99526231e+03  2.38356094e+01 -1.66920789e-01 
 2.05352503e+03  2.38356086e+01 -1.71794966e-01 
 2.11348904e+03  2.38356078e+01 -1.76811472e-01 
 2.17520403e+03  2.38356069e+01 -1.81974463e-01 
 2.23872114e+03  2.38356059e+01 -1.87288216e-01 
 2.30409298e+03  2.38356050e+01 -1.92757134e-01 
 2.37137371e+03  2.38356039e+01 -1.98385748e-01 
 2.44061907e+03  2.38356028e+01 -2.04178720e-01 
 2.51188643e+03  2.38356016e+01 -2.10140850e-01 
 2.58523484e+03  2.38356004e+01 -2.16277078e-01 
 2.66072506e+03  2.38355991e+01 -2.22592488e-01 
 2.73841963e+03  2.38355977e+01 -2.29092311e-01 
 2.81838293e+03  2.38355962e+01 -2.35781933e-01 
 2.90068120e+03  2.38355946e+01 -2.42666896e-01 
 2.98538262e+03  2.38355929e+01 -2.49752905e-01 
 3.07255737e+03  2.38355912e+01 -2.57045829e-01 
 3.16227766e+03  2.38355893e+01 -2.64551711e-01 
 3.25461783e+03  2.38355873e+01 -2.72276769e-01 
 3.34965439e+03  2.38355852e+01 -2.80227404e-01 
 3.44746607e+03  2.38355830e+01 -2.88410202e-01 
 3.54813389e+03  2.38355807e+01 -2.96831944e-01 
 3.65174127e+03  2.38355782e+01 -3.05499606e-01 
 3.75837404e+03  2.38355756e+01 -3.14420369e-01 
 3.86812055e+03  2.38355728e+01 -3.23601625e-01 
 3.98107171e+03  2.38355698e+01 -3.33050979e-01 
 4.09732110e+03  2.38355667e+01 -3.42776261e-01 
 4.21696503e+03  2.38355634e+01 -3.52785528e-01 
 4.34010264e+03  2.38355599e+01 -3.63087073e-01 
 4.46683592e+03  2.38355561e+01 -3.73689430e-01 
 4.59726989e+03  2.38355522e+01 -3.84601383e-01 
 4.73151259e+03  2.38355480e+01 -3.95831974e-01 
 4.86967525e+03  2.38355436e+01 -4.07390506e-01 
 5.01187234e+03  2.38355389e+01 -4.19286556e-01 
 5.15822165e+03  2.38355339e+01 -4.31529980e-01 
 5.30884444e+03  2.38355287e+01 -4.44130922e-01 
 5.46386550e+03  2.38355231e+01 -4.57099821e-01 
 5.62341325e+03  2.38355172e+01 -4.70447423e-01 
 5.78761988e+03  2.38355110e+01 -4.84184786e-01 
 5.95662144e+03  2.38355044e+01 -4.98323292e-01 
 6.13055792e+03  2.38354973e+01 -5.12874654e-01 
 6.30957344e+03  2.38354899e+01 -5.27850930e-01 
 6.49381632e+03  2.38354821e+01 -5.43264526e-01 
 6.68343918e+03  2.38354737e+01 -5.59128214e-01 
 6.87859912e+03  2.38354649e+01 -5.75455137e-01 
 7.07945784e+03  2.38354555e+01 -5.92258823e-01 
 7.28618175e+03  2.38354456e+01 -6.09553193e-01 
 7.49894209e+03  2.38354352e+01 -6.27352576e-01 
 7.71791516e+03  2.38354240e+01 -6.45671722e-01 
 7.94328235e+03  2.38354123e+01 -6.64525806e-01 
 8.17523038e+03  2.38353998e+01 -6.83930452e-01 
 8.41395142e+03  2.38353866e+01 -7.03901736e-01 
 8.65964323e+03  2.38353726e+01 -7.24456206e-01 
 8.91250938e+03  2.38353578e+01 -7.45610892e-01 
 9.17275935e+03  2.38353421e+01 -7.67383323e-01 
 9.44060876e+03  2.38353255e+01 -7.89791539e-01 
 9.71627952e+03  2.38353079e+01 -8.12854106e-01 
 1.00000000e+04  2.38352892e+01 -8.36590133e-01 
 1.02920053e+04  2.38352695e+01 -8.61019289e-01 
 1.05925373e+04  2.38352485e+01 -8.86161814e-01 
 1.09018449e+04  2.38352264e+01 -9.12038541e-01 
 1.12201845e+04  2.38352029e+01 -9.38670913e-01 
 1.15478198e+04  2.38351780e+01 -9.66080998e-01 
 1.18850223e+04  2.38351516e+01 -9.94291507e-01 
 1.22320712e+04  2.38351237e+01 -1.02332582e+00 
 1.25892541e+04  2.38350942e+01 -1.05320799e+00 
 1.29568670e+04  2.38350628e+01 -1.08396278e+00 
 1.33352143e+04  2.38350297e+01 -1.11561568e+00 
 1.37246096e+04  2.38349945e+01 -1.14819291e+00 
 1.41253754e+04  2.38349573e+01 -1.18172148e+00 
 1.45378439e+04  2.38349179e+01 -1.21622917e+00 
 1.49623566e+04  2.38348761e+01 -1.25174457e+00 
 1.53992653e+04  2.38348319e+01 -1.28829711e+00 
 1.58489319e+04  2.38347850e+01 -1.32591710e+00 
 1.63117291e+04  2.38347353e+01 -1.36463570e+00 
 1.67880402e+04  2.38346827e+01 -1.40448500e+00 
 1.72782598e+04  2.38346270e+01 -1.44549804e+00 
 1.77827941e+04  2.38345680e+01 -1.48770880e+00 
 1.83020611e+04  2.38345055e+01 -1.53115226e+00 
 1.88364909e+04  2.38344393e+01 -1.57586445e+00 
 1.93865264e+04  2.38343692e+01 -1.62188240e+00 
 1.99526231e+04  2.38342949e+01 -1.66924428e+00 
 2.05352503e+04  2.38342162e+01 -1.71798933e+00 
 2.11348904e+04  2.38341328e+01 -1.76815796e+00 
 2.17520403e+04  2.38340445e+01 -1.81979176e+00 
 2.23872114e+04  2.38339510e+01 -1.87293354e+00 
 2.30409298e+04  2.38338519e+01 -1.92762734e+00 
 2.37137371e+04  2.38337469e+01 -1.98391852e+00 
 2.44061907e+04  2.38336357e+01 -2.04185373e+00 
 2.51188643e+04  2.38335179e+01 -2.10148103e+00 
 2.58523484e+04  2.38333931e+01 -2.16284984e+00 
 2.66072506e+04  2.38332610e+01 -2.22601105e+00 
 2.73841963e+04  2.38331209e+01 -2.29101704e+00 
 2.81838293e+04  2.38329726e+01 -2.35792171e+00 
 2.90068120e+04  2.38328155e+01 -2.42678055e+00 
 2.98538262e+04  2.38326490e+01 -2.49765067e+00 
 3.07255737e+04  2.38324727e+01 -2.57059085e+00 
 3.16227766e+04  2.38322859e+01 -2.64566159e+00 
 3.25461783e+04  2.38320881e+01 -2.72292516e+00 
 3.34965439e+04  2.38318784e+01 -2.80244567e+00 
 3.44746607e+04  2.38316564e+01 -2.88428908e+00 
 3.54813389e+04  2.38314212e+01 -2.96852330e+00 
 3.65174127e+04  2.38311719e+01 -3.05521824e+00 
 3.75837404e+04  2.38309079e+01 -3.14444583e+00 
 3.86812055e+04  2.38306283e+01 -3.23628013e+00 
 3.98107171e+04  2.38303320e+01 -3.33079736e+00 
 4.09732110e+04  2.38300181e+01 -3.42807599e+00 
 4.21696503e+04  2.38296856e+01 -3.52819678e+00 
 4.34010264e+04  2.38293333e+01 -3.63124286e+00 
 4.46683592e+04  2.38289600e+01 -3.73729980e+00 
 4.59726989e+04  2.38285646e+01 -3.84645568e+00 
 4.73151259e+04  2.38281457e+01 -3.95880118e+00 
 4.86967525e+04  2.38277019e+01 -4.07442963e+00 
 5.01187234e+04  2.38272317e+01 -4.19343710e+00 
 5.15822165e+04  2.38267335e+01 -4.31592249e+00 
 5.30884444e+04  2.38262056e+01 -4.44198761e+00 
 5.46386550e+04  2.38256464e+01 -4.57173726e+00 
 5.62341325e+04  2.38250539e+01 -4.70527932e+00 
 5.78761988e+04  2.38244261e+01 -4.84272486e+00 
 5.95662144e+04  2.38237609e+01 -4.98418820e+00 
 6.13055792e+04  2.38230560e+01 -5.12978705e+00 
 6.30957344e+04  2.38223092e+01 -5.27964256e+00 
 6.49381632e+04  2.38215179e+01 -5.43387949e+00 
 6.68343918e+04  2.38206793e+01 -5.59262625e+00 
 6.87859912e+04  2.38197907e+01 -5.75601504e+00 
 7.07945784e+04  2.38188491e+01 -5.92418198e+00 
 7.28618175e+04  2.38178513e+01 -6.09726721e+00 
 7.49894209e+04  2.38167939e+01 -6.27541500e+00 
 7.71791516e+04  2.38156733e+01 -6.45877389e+00 
 7.94328235e+04  2.38144857e+01 -6.64749683e+00 
 8.17523038e+04  2.38132270e+01 -6.84174127e+00 
 8.41395142e+04  2.38118930e+01 -7.04166935e+00 
 8.65964323e+04  2.38104792e+01 -7.24744801e+00 
 8.91250938e+04  2.38089806e+01 -7.45924912e+00 
 9.17275935e+04  2.38073921e+01 -7.67724968e+00 
 9.44060876e+04  2.38057084e+01 -7.90163192e+00 
 9.71627952e+04  2.38039235e+01 -8.13258351e+00 
 1.00000000e+05  2.38020314e+01 -8.37029766e+00 
 1.02920053e+05  2.38000255e+01 -8.61497336e+00 
 1.05925373e+05  2.37978989e+01 -8.86681551e+00 
 1.09018449e+05  2.37956442e+01 -9.12603508e+00 
 1.12201845e+05  2.37932536e+01 -9.39284936e+00 
 1.15478198e+05  2.37907187e+01 -9.66748209e+00 
 1.18850223e+05  2.37880306e+01 -9.95016366e+00 
 1.22320712e+05  2.37851800e+01 -1.02411314e+01 
 1.25892541e+05  2.37821567e+01 -1.05406295e+01 
 1.29568670e+05  2.37789503e+01 -1.08489097e+01 
 1.33352143e+05  2.37755492e+01 -1.11662310e+01 
 1.37246096e+05  2.37719414e+01 -1.14928604e+01 
 1.41253754e+05  2.37681141e+01 -1.18290724e+01 
 1.45378439e+05  2.37640536e+01 -1.21751499e+01 
 1.49623566e+05  2.37597453e+01 -1.25313844e+01 
 1.53992653e+05  2.37551737e+01 -1.28980756e+01 
 1.58489319e+05  2.37503221e+01 -1.32755324e+01 
 1.63117291e+05  2.37451731e+01 -1.36640726e+01 
 1.67880402e+05  2.37397077e+01 -1.40640233e+01 
 1.72782598e+05  2.37339059e+01 -1.44757215e+01 
 1.77827941e+05  2.37277463e+01 -1.48995136e+01 
 1.83020611e+05  2.37212062e+01 -1.53357564e+01 
 1.88364909e+05  2.37142611e+01 -1.57848166e+01 
 1.93865264e+05  2.37068851e+01 -1.62470719e+01 
 1.99526231e+05  2.36990503e+01 -1.67229101e+01 
 2.05352503e+05  2.36907272e+01 -1.72127305e+01 
 2.11348904e+05  2.36818840e+01 -1.77169430e+01 
 2.17520403e+05  2.36724870e+01 -1.82359691e+01 
 2.23872114e+05  2.36624999e+01 -1.87702415e+01 
 2.30409298e+05  2.36518840e+01 -1.93202043e+01 
 2.37137371e+05  2.36405979e+01 -1.98863134e+01 
 2.44061907e+05  2.36285975e+01 -2.04690359e+01 
 2.51188643e+05  2.36158354e+01 -2.10688509e+01 
 2.58523484e+05  2.36022608e+01 -2.16862484e+01 
 2.66072506e+05  2.35878197e+01 -2.23217300e+01 
 2.73841963e+05  2.35724540e+01 -2.29758082e+01 
 2.81838293e+05  2.35561015e+01 -2.36490061e+01 
 2.90068120e+05  2.35386959e+01 -2.43418568e+01 
 2.98538262e+05  2.35201659e+01 -2.50549032e+01 
 3.07255737e+05  2.35004355e+01 -2.57886968e+01 
 3.16227766e+05  2.34794231e+01 -2.65437970e+01 
 3.25461783e+05  2.34570415e+01 -2.73207697e+01 
 3.34965439e+05  2.34331975e+01 -2.81201863e+01 
 3.44746607e+05  2.34077912e+01 -2.89426220e+01 
 3.54813389e+05  2.33807160e+01 -2.97886534e+01 
 3.65174127e+05  2.33518579e+01 -3.06588571e+01 
 3.75837404e+05  2.33210951e+01 -3.15538064e+01 
 3.86812055e+05  2.32882979e+01 -3.24740688e+01 
 3.98107171e+05  2.32533277e+01 -3.34202024e+01 
 4.09732110e+05  2.32160368e+01 -3.43927521e+01 
 4.21696503e+05  2.31762684e+01 -3.53922454e+01 
 4.34010264e+05  2.31338555e+01 -3.64191870e+01 
 4.46683592e+05  2.30886209e+01 -3.74740540e+01 
 4.59726989e+05  2.30403769e+01 -3.85572893e+01 
 4.73151259e+05  2.29889250e+01 -3.96692952e+01 
 4.86967525e+05  2.29340555e+01 -4.08104260e+01 
 5.01187234e+05  2.28755475e+01 -4.19809797e+01 
 5.15822165e+05  2.28131691e+01 -4.31811900e+01 
 5.30884444e+05  2.27466771e+01 -4.44112162e+01 
 5.46386550e+05  2.26758175e+01 -4.56711341e+01 
 5.62341325e+05  2.26003258e+01 -4.69609257e+01 
 5.78761988e+05  2.25199278e+01 -4.82804678e+01 
 5.95662144e+05  2.24343403e+01 -4.96295219e+01 
 6.13055792e+05  2.23432719e+01 -5.10077228e+01 
 6.30957344e+05  2.22464246e+01 -5.24145677e+01 
 6.49381632e+05  2.21434954e+01 -5.38494057e+01 
 6.68343918e+05  2.20341779e+01 -5.53114279e+01 
 6.87859912e+05  2.19181644e+01 -5.67996584e+01 
 7.07945784e+05  2.17951485e+01 -5.83129464e+01 
 7.28618175e+05  2.16648275e+01 -5.98499601e+01 
 7.49894209e+05  2.15269054e+01 -6.14091825e+01 
 7.71791516e+05  2.13810959e+01 -6.29889092e+01 
 7.94328235e+05  2.12271256e+01 -6.45872493e+01 
 8.17523038e+05  2.10647374e+01 -6.62021282e+01 
 8.41395142e+05  2.08936938e+01 -6.78312946e+01 
 8.65964323e+05  2.07137801e+01 -6.94723295e+01 
 8.91250938e+05  2.05248076e+01 -7.11226596e+01 
 9.17275935e+05  2.03266169e+01 -7.27795724e+01 
 9.44060876e+05  2.01190799e+01 -7.44402357e+01 
 9.71627952e+05  1.99021029e+01 -7.61017186e+01 
 1.00000000e+06  1.96756279e+01 -7.77610155e+01 
 1.02920053e+06  1.94396342e+01 -7.94150714e+01 
 1.05925373e+06  1.91941390e+01 -8.10608088e+01 
 1.09018449e+06  1.89391979e+01 -8.26951545e+01 
 1.12201845e+06  1.86749048e+01 -8.43150675e+01 
 1.15478198e+06  1.84013903e+01 -8.59175649e+01 
 1.18850223e+06  1.81188209e+01 -8.74997475e+01 
 1.22320712e+06  1.78273969e+01 -8.90588230e+01 
 1.25892541e+06  1.75273500e+01 -9.05921268e+01 
 1.29568670e+06  1.72189409e+01 -9.20971409e+01 
 1.33352143e+06  1.69024559e+01 -9.35715088e+01 
 1.37246096e+06  1.65782041e+01 -9.50130484e+01 
 1.41253754e+06  1.62465141e+01 -9.64197604e+01 
 1.45378439e+06  1.59077308e+01 -9.77898353e+01 
 1.49623566e+06  1.55622120e+01 -9.91216561e+01 
 1.53992653e+06  1.52103252e+01 -1.00413799e+02 
 1.58489319e+06  1.48524452e+01 -1.01665032e+02 
 1.63117291e+06  1.44889507e+01 -1.02874309e+02 
 1.67880402e+06  1.41202221e+01 -1.04040768e+02 
 1.72782598e+06  1.37466391e+01 -1.05163719e+02 
 1.77827941e+06  1.33685790e+01 -1.06242641e+02 
 1.83020611e+06  1.29864145e+01 -1.07277167e+02 
 1.88364909e+06  1.26005125e+01 -1.08267080e+02 
 1.93865264e+06  1.22112326e+01 -1.09212300e+02 
 1.99526231e+06  1.18189267e+01 -1.10112877e+02 
 2.05352503e+06  1.14239372e+01 -1.10968976e+02 
 2.11348904e+06  1.10265972e+01 -1.11780874e+02 
 2.17520403e+06  1.06272298e+01 -1.12548948e+02 
 2.23872114e+06  1.02261475e+01 -1.13273666e+02 
 2.30409298e+06  9.82365241e+00 -1.13955580e+02 
 2.37137371e+06  9.42003580e+00 -1.14595320e+02 
 2.44061907e+06  9.01557832e+00 -1.15193584e+02 
 2.51188643e+06  8.61054987e+00 -1.15751135e+02 
 2.58523484e+06  8.20520978e+00 -1.16268796e+02 
 2.66072506e+06  7.79980684e+00 -1.16747442e+02 
 2.73841963e+06  7.39457946e+00 -1.17187996e+02 
 2.81838293e+06  6.98975580e+00 -1.17591427e+02 
 2.90068120e+06  6.58555393e+00 -1.17958746e+02 
 2.98538262e+06  6.18218189e+00 -1.18291000e+02 
 3.07255737e+06  5.77983789e+00 -1.18589274e+02 
 3.16227766e+06  5.37871037e+00 -1.18854681e+02 
 3.25461783e+06  4.97897812e+00 -1.19088366e+02 
 3.34965439e+06  4.58081032e+00 -1.19291502e+02 
 3.44746607e+06  4.18436663e+00 -1.19465283e+02 
 3.54813389e+06  3.78979725e+00 -1.19610930e+02 
 3.65174127e+06  3.39724292e+00 -1.19729679e+02 
 3.75837404e+06  3.00683500e+00 -1.19822789e+02 
 3.86812055e+06  2.61869544e+00 -1.19891530e+02 
 3.98107171e+06  2.23293685e+00 -1.19937187e+02 
 4.09732110e+06  1.84966249e+00 -1.19961057e+02 
 4.21696503e+06  1.46896632e+00 -1.19964444e+02 
 4.34010264e+06  1.09093305e+00 -1.19948658e+02 
 4.46683592e+06  7.15638150e-01 -1.19915012e+02 
 4.59726989e+06  3.43147971e-01 -1.19864820e+02 
 4.73151259e+06 -2.64801982e-02 -1.19799395e+02 
 4.86967525e+06 -3.93198011e-01 -1.19720044e+02 
 5.01187234e+06 -7.56965930e-01 -1.19628068e+02 
 5.15822165e+06 -1.11775307e+00 -1.19524757e+02 
 5.30884444e+06 -1.47553699e+00 -1.19411391e+02 
 5.46386550e+06 -1.83030354e+00 -1.19289232e+02 
 5.62341325e+06 -2.18204653e+00 -1.19159527e+02 
 5.78761988e+06 -2.53076757e+00 -1.19023503e+02 
 5.95662144e+06 -2.87647568e+00 -1.18882364e+02 
 6.13055792e+06 -3.21918705e+00 -1.18737292e+02 
 6.30957344e+06 -3.55892468e+00 -1.18589440e+02 
 6.49381632e+06 -3.89571803e+00 -1.18439937e+02 
 6.68343918e+06 -4.22960264e+00 -1.18289881e+02 
 6.87859912e+06 -4.56061978e+00 -1.18140341e+02 
 7.07945784e+06 -4.88881605e+00 -1.17992353e+02 
 7.28618175e+06 -5.21424296e+00 -1.17846921e+02 
 7.49894209e+06 -5.53695657e+00 -1.17705017e+02 
 7.71791516e+06 -5.85701708e+00 -1.17567578e+02 
 7.94328235e+06 -6.17448842e+00 -1.17435508e+02 
 8.17523038e+06 -6.48943789e+00 -1.17309677e+02 
 8.41395142e+06 -6.80193577e+00 -1.17190922e+02 
 8.65964323e+06 -7.11205496e+00 -1.17080046e+02 
 8.91250938e+06 -7.41987062e+00 -1.16977817e+02 
 9.17275935e+06 -7.72545984e+00 -1.16884974e+02 
 9.44060876e+06 -8.02890131e+00 -1.16802223e+02 
 9.71627952e+06 -8.33027507e+00 -1.16730238e+02 
 1.00000000e+07 -8.62966215e+00 -1.16669665e+02 
 1.02920053e+07 -8.92714438e+00 -1.16621122e+02 
 1.05925373e+07 -9.22280414e+00 -1.16585197e+02 
 1.09018449e+07 -9.51672411e+00 -1.16562454e+02 
 1.12201845e+07 -9.80898713e+00 -1.16553432e+02 
 1.15478198e+07 -1.00996760e+01 -1.16558646e+02 
 1.18850223e+07 -1.03888733e+01 -1.16578588e+02 
 1.22320712e+07 -1.06766613e+01 -1.16613730e+02 
 1.25892541e+07 -1.09631219e+01 -1.16664526e+02 
 1.29568670e+07 -1.12483363e+01 -1.16731409e+02 
 1.33352143e+07 -1.15323854e+01 -1.16814797e+02 
 1.37246096e+07 -1.18153492e+01 -1.16915092e+02 
 1.41253754e+07 -1.20973071e+01 -1.17032684e+02 
 1.45378439e+07 -1.23783377e+01 -1.17167945e+02 
 1.49623566e+07 -1.26585191e+01 -1.17321240e+02 
 1.53992653e+07 -1.29379285e+01 -1.17492922e+02 
 1.58489319e+07 -1.32166423e+01 -1.17683332e+02 
 1.63117291e+07 -1.34947365e+01 -1.17892806e+02 
 1.67880402e+07 -1.37722861e+01 -1.18121668e+02 
 1.72782598e+07 -1.40493658e+01 -1.18370239e+02 
 1.77827941e+07 -1.43260496e+01 -1.18638832e+02 
 1.83020611e+07 -1.46024111e+01 -1.18927753e+02 
 1.88364909e+07 -1.48785232e+01 -1.19237306e+02 
 1.93865264e+07 -1.51544588e+01 -1.19567788e+02 
 1.99526231e+07 -1.54302903e+01 -1.19919494e+02 
 2.05352503e+07 -1.57060898e+01 -1.20292714e+02 
 2.11348904e+07 -1.59819294e+01 -1.20687734e+02 
 2.17520403e+07 -1.62578811e+01 -1.21104838e+02 
 2.23872114e+07 -1.65340168e+01 -1.21544307e+02 
 2.30409298e+07 -1.68104085e+01 -1.22006417e+02 
 2.37137371e+07 -1.70871284e+01 -1.22491442e+02 
 2.44061907e+07 -1.73642488e+01 -1.22999653e+02 
 2.51188643e+07 -1.76418422e+01 -1.23531315e+02 
 2.58523484e+07 -1.79199817e+01 -1.24086692e+02 
 2.66072506e+07 -1.81987404e+01 -1.24666040e+02 
 2.73841963e+07 -1.84781919e+01 -1.25269613e+02 
 2.81838293e+07 -1.87584103e+01 -1.25897656e+02 
 2.90068120e+07 -1.90394700e+01 -1.26550411e+02 
 2.98538262e+07 -1.93214459e+01 -1.27228110e+02 
 3.07255737e+07 -1.96044132e+01 -1.27930979e+02 
 3.16227766e+07 -1.98884477e+01 -1.28659234e+02 
 3.25461783e+07 -2.01736252e+01 -1.29413081e+02 
 3.34965439e+07 -2.04600222e+01 -1.30192716e+02 
 3.44746607e+07 -2.07477151e+01 -1.30998323e+02 
 3.54813389e+07 -2.10367806e+01 -1.31830072e+02 
 3.65174127e+07 -2.13272952e+01 -1.32688121e+02 
 3.75837404e+07 -2.16193356e+01 -1.33572612e+02 
 3.86812055e+07 -2.19129780e+01 -1.34483669e+02 
 3.98107171e+07 -2.22082980e+01 -1.35421402e+02 
 4.09732110e+07 -2.25053710e+01 -1.36385900e+02 
 4.21696503e+07 -2.28042712e+01 -1.37377235e+02 
 4.34010264e+07 -2.31050717e+01 -1.38395455e+02 
 4.46683592e+07 -2.34078444e+01 -1.39440590e+02 
 4.59726989e+07 -2.37126595e+01 -1.40512646e+02 
 4.73151259e+07 -2.40195854e+01 -1.41611607e+02 
 4.86967525e+07 -2.43286880e+01 -1.42737433e+02 
 5.01187234e+07 -2.46400310e+01 -1.43890059e+02 
 5.15822165e+07 -2.49536750e+01 -1.45069397e+02 
 5.30884444e+07 -2.52696775e+01 -1.46275332e+02 
 5.46386550e+07 -2.55880922e+01 -1.47507727e+02 
 5.62341325e+07 -2.59089691e+01 -1.48766417e+02 
 5.78761988e+07 -2.62323539e+01 -1.50051213e+02 
 5.95662144e+07 -2.65582876e+01 -1.51361903e+02 
 6.13055792e+07 -2.68868063e+01 -1.52698248e+02 
 6.30957344e+07 -2.72179407e+01 -1.54059990e+02 
 6.49381632e+07 -2.75517161e+01 -1.55446844e+02 
 6.68343918e+07 -2.78881515e+01 -1.56858506e+02 
 6.87859912e+07 -2.82272603e+01 -1.58294653e+02 
 7.07945784e+07 -2.85690490e+01 -1.59754939e+02 
 7.28618175e+07 -2.89135177e+01 -1.61239004e+02 
 7.49894209e+07 -2.92606599e+01 -1.62746470e+02 
 7.71791516e+07 -2.96104619e+01 -1.64276945e+02 
 7.94328235e+07 -2.99629031e+01 -1.65830022e+02 
 8.17523038e+07 -3.03179562e+01 -1.67405285e+02 
 8.41395142e+07 -3.06755865e+01 -1.69002307e+02 
 8.65964323e+07 -3.10357526e+01 -1.70620651e+02 
 8.91250938e+07 -3.13984063e+01 -1.72259876e+02 
 9.17275935e+07 -3.17634926e+01 -1.73919533e+02 
 9.44060876e+07 -3.21309504e+01 -1.75599170e+02 
 9.71627952e+07 -3.25007122e+01 -1.77298331e+02 
 1.00000000e+08 -3.28727046e+01 -1.79016559e+02 
 1.02920053e+08 -3.32468492e+01 -1.80753395e+02 
 1.05925373e+08 -3.36230622e+01 -1.82508381e+02 
 1.09018449e+08 -3.40012553e+01 -1.84281056e+02 
 1.12201845e+08 -3.43813363e+01 -1.86070962e+02 
 1.15478198e+08 -3.47632093e+01 -1.87877641e+02 
 1.18850223e+08 -3.51467757e+01 -1.89700633e+02 
 1.22320712e+08 -3.55319345e+01 -1.91539481e+02 
 1.25892541e+08 -3.59185828e+01 -1.93393726e+02 
 1.29568670e+08 -3.63066169e+01 -1.95262908e+02 
 1.33352143e+08 -3.66959327e+01 -1.97146564e+02 
 1.37246096e+08 -3.70864263e+01 -1.99044232e+02 
 1.41253754e+08 -3.74779947e+01 -2.00955442e+02 
 1.45378439e+08 -3.78705369e+01 -2.02879722e+02 
 1.49623566e+08 -3.82639539e+01 -2.04816593e+02 
 1.53992653e+08 -3.86581498e+01 -2.06765569e+02 
 1.58489319e+08 -3.90530323e+01 -2.08726156e+02 
 1.63117291e+08 -3.94485135e+01 -2.10697851e+02 
 1.67880402e+08 -3.98445104e+01 -2.12680141e+02 
 1.72782598e+08 -4.02409451e+01 -2.14672500e+02 
 1.77827941e+08 -4.06377461e+01 -2.16674391e+02 
 1.83020611e+08 -4.10348480e+01 -2.18685263e+02 
 1.88364909e+08 -4.14321926e+01 -2.20704554e+02 
 1.93865264e+08 -4.18297287e+01 -2.22731684e+02 
 1.99526231e+08 -4.22274129e+01 -2.24766060e+02 
 2.05352503e+08 -4.26252095e+01 -2.26807076e+02 
 2.11348904e+08 -4.30230910e+01 -2.28854108e+02 
 2.17520403e+08 -4.34210383e+01 -2.30906519e+02 
 2.23872114e+08 -4.38190402e+01 -2.32963658e+02 
 2.30409298e+08 -4.42170941e+01 -2.35024858e+02 
 2.37137371e+08 -4.46152056e+01 -2.37089441e+02 
 2.44061907e+08 -4.50133882e+01 -2.39156713e+02 
 2.51188643e+08 -4.54116634e+01 -2.41225972e+02 
 2.58523484e+08 -4.58100604e+01 -2.43296502e+02 
 2.66072506e+08 -4.62086155e+01 -2.45367579e+02 
 2.73841963e+08 -4.66073718e+01 -2.47438471e+02 
 2.81838293e+08 -4.70063790e+01 -2.49508436e+02 
 2.90068120e+08 -4.74056924e+01 -2.51576729e+02 
 2.98538262e+08 -4.78053726e+01 -2.53642601e+02 
 3.07255737e+08 -4.82054849e+01 -2.55705297e+02 
 3.16227766e+08 -4.86060986e+01 -2.57764065e+02 
 3.25461783e+08 -4.90072862e+01 -2.59818151e+02 
 3.34965439e+08 -4.94091230e+01 -2.61866805e+02 
 3.44746607e+08 -4.98116858e+01 -2.63909279e+02 
 3.54813389e+08 -5.02150528e+01 -2.65944835e+02 
 3.65174127e+08 -5.06193025e+01 -2.67972738e+02 
 3.75837404e+08 -5.10245131e+01 -2.69992268e+02 
 3.86812055e+08 -5.14307617e+01 -2.72002713e+02 
 3.98107171e+08 -5.18381237e+01 -2.74003376e+02 
 4.09732110e+08 -5.22466722e+01 -2.75993577e+02 
 4.21696503e+08 -5.26564771e+01 -2.77972653e+02 
 4.34010264e+08 -5.30676048e+01 -2.79939961e+02 
 4.46683592e+08 -5.34801177e+01 -2.81894878e+02 
 4.59726989e+08 -5.38940734e+01 -2.83836809e+02 
 4.73151259e+08 -5.43095245e+01 -2.85765179e+02 
 4.86967525e+08 -5.47265182e+01 -2.87679446e+02 
 5.01187234e+08 -5.51450961e+01 -2.89579095e+02 
 5.15822165e+08 -5.55652935e+01 -2.91463639e+02 
 5.30884444e+08 -5.59871398e+01 -2.93332629e+02 
 5.46386550e+08 -5.64106579e+01 -2.95185647e+02 
 5.62341325e+08 -5.68358642e+01 -2.97022309e+02 
 5.78761988e+08 -5.72627687e+01 -2.98842271e+02 
 5.95662144e+08 -5.76913749e+01 -3.00645223e+02 
 6.13055792e+08 -5.81216799e+01 -3.02430897e+02 
 6.30957344e+08 -5.85536744e+01 -3.04199061e+02 
 6.49381632e+08 -5.89873430e+01 -3.05949523e+02 
 6.68343918e+08 -5.94226642e+01 -3.07682133e+02 
 6.87859912e+08 -5.98596106e+01 -3.09396778e+02 
 7.07945784e+08 -6.02981494e+01 -3.11093386e+02 
 7.28618175e+08 -6.07382423e+01 -3.12771926e+02 
 7.49894209e+08 -6.11798457e+01 -3.14432404e+02 
 7.71791516e+08 -6.16229114e+01 -3.16074864e+02 
 7.94328235e+08 -6.20673866e+01 -3.17699390e+02 
 8.17523038e+08 -6.25132141e+01 -3.19306100e+02 
 8.41395142e+08 -6.29603325e+01 -3.20895149e+02 
 8.65964323e+08 -6.34086770e+01 -3.22466724e+02 
 8.91250938e+08 -6.38581789e+01 -3.24021047e+02 
 9.17275935e+08 -6.43087665e+01 -3.25558370e+02 
 9.44060876e+08 -6.47603650e+01 -3.27078973e+02 
 9.71627952e+08 -6.52128968e+01 -3.28583164e+02 
 1.00000000e+09 -6.56662817e+01 -3.30071279e+02 
