 frequency       onoise_spectrum inoise_spectrum
 1.00000000e+00  7.51485427e-06  2.35277021e-07 
 1.02329299e+00  7.43793437e-06  2.32868793e-07 
 1.04712855e+00  7.36181332e-06  2.30485575e-07 
 1.07151931e+00  7.28648271e-06  2.28127105e-07 
 1.09647820e+00  7.21193421e-06  2.25793121e-07 
 1.12201845e+00  7.13815958e-06  2.23483365e-07 
 1.14815362e+00  7.06515066e-06  2.21197583e-07 
 1.17489755e+00  6.99289939e-06  2.18935522e-07 
 1.20226443e+00  6.92139781e-06  2.16696931e-07 
 1.23026877e+00  6.85063800e-06  2.14481565e-07 
 1.25892541e+00  6.78061218e-06  2.12289178e-07 
 1.28824955e+00  6.71131260e-06  2.10119529e-07 
 1.31825674e+00  6.64273164e-06  2.07972378e-07 
 1.34896288e+00  6.57486172e-06  2.05847489e-07 
 1.38038426e+00  6.50769538e-06  2.03744627e-07 
 1.41253754e+00  6.44122521e-06  2.01663562e-07 
 1.44543977e+00  6.37544389e-06  1.99604063e-07 
 1.47910839e+00  6.31034418e-06  1.97565904e-07 
 1.51356125e+00  6.24591891e-06  1.95548861e-07 
 1.54881662e+00  6.18216100e-06  1.93552712e-07 
 1.58489319e+00  6.11906344e-06  1.91577237e-07 
 1.62181010e+00  6.05661928e-06  1.89622219e-07 
 1.65958691e+00  5.99482167e-06  1.87687443e-07 
 1.69824365e+00  5.93366381e-06  1.85772697e-07 
 1.73780083e+00  5.87313898e-06  1.83877770e-07 
 1.77827941e+00  5.81324054e-06  1.82002454e-07 
 1.81970086e+00  5.75396192e-06  1.80146543e-07 
 1.86208714e+00  5.69529661e-06  1.78309834e-07 
 1.90546072e+00  5.63723817e-06  1.76492126e-07 
 1.94984460e+00  5.57978023e-06  1.74693218e-07 
 1.99526231e+00  5.52291651e-06  1.72912913e-07 
 2.04173794e+00  5.46664075e-06  1.71151017e-07 
 2.08929613e+00  5.41094681e-06  1.69407337e-07 
 2.13796209e+00  5.35582858e-06  1.67681681e-07 
 2.18776162e+00  5.30128002e-06  1.65973860e-07 
 2.23872114e+00  5.24729517e-06  1.64283688e-07 
 2.29086765e+00  5.19386811e-06  1.62610980e-07 
 2.34422882e+00  5.14099301e-06  1.60955553e-07 
 2.39883292e+00  5.08866408e-06  1.59317225e-07 
 2.45470892e+00  5.03687560e-06  1.57695817e-07 
 2.51188643e+00  4.98562191e-06  1.56091154e-07 
 2.57039578e+00  4.93489742e-06  1.54503058e-07 
 2.63026799e+00  4.88469657e-06  1.52931357e-07 
 2.69153480e+00  4.83501390e-06  1.51375879e-07 
 2.75422870e+00  4.78584398e-06  1.49836454e-07 
 2.81838293e+00  4.73718145e-06  1.48312915e-07 
 2.88403150e+00  4.68902099e-06  1.46805095e-07 
 2.95120923e+00  4.64135737e-06  1.45312829e-07 
 3.01995172e+00  4.59418537e-06  1.43835956e-07 
 3.09029543e+00  4.54749986e-06  1.42374314e-07 
 3.16227766e+00  4.50129577e-06  1.40927744e-07 
 3.23593657e+00  4.45556804e-06  1.39496088e-07 
 3.31131121e+00  4.41031171e-06  1.38079192e-07 
 3.38844156e+00  4.36552186e-06  1.36676899e-07 
 3.46736850e+00  4.32119360e-06  1.35289058e-07 
 3.54813389e+00  4.27732213e-06  1.33915519e-07 
 3.63078055e+00  4.23390266e-06  1.32556131e-07 
 3.71535229e+00  4.19093048e-06  1.31210747e-07 
 3.80189396e+00  4.14840092e-06  1.29879220e-07 
 3.89045145e+00  4.10630936e-06  1.28561407e-07 
 3.98107171e+00  4.06465124e-06  1.27257163e-07 
 4.07380278e+00  4.02342202e-06  1.25966348e-07 
 4.16869383e+00  3.98261724e-06  1.24688821e-07 
 4.26579519e+00  3.94223246e-06  1.23424444e-07 
 4.36515832e+00  3.90226332e-06  1.22173080e-07 
 4.46683592e+00  3.86270547e-06  1.20934592e-07 
 4.57088190e+00  3.82355463e-06  1.19708847e-07 
 4.67735141e+00  3.78480656e-06  1.18495713e-07 
 4.78630092e+00  3.74645705e-06  1.17295056e-07 
 4.89778819e+00  3.70850197e-06  1.16106749e-07 
 5.01187234e+00  3.67093719e-06  1.14930661e-07 
 5.12861384e+00  3.63375866e-06  1.13766666e-07 
 5.24807460e+00  3.59696236e-06  1.12614637e-07 
 5.37031796e+00  3.56054429e-06  1.11474451e-07 
 5.49540874e+00  3.52450054e-06  1.10345984e-07 
 5.62341325e+00  3.48882720e-06  1.09229114e-07 
 5.75439937e+00  3.45352042e-06  1.08123720e-07 
 5.88843655e+00  3.41857638e-06  1.07029683e-07 
 6.02559586e+00  3.38399131e-06  1.05946884e-07 
 6.16595002e+00  3.34976149e-06  1.04875208e-07 
 6.30957344e+00  3.31588321e-06  1.03814538e-07 
 6.45654229e+00  3.28235282e-06  1.02764760e-07 
 6.60693448e+00  3.24916671e-06  1.01725760e-07 
 6.76082975e+00  3.21632130e-06  1.00697428e-07 
 6.91830971e+00  3.18381305e-06  9.96796508e-08 
 7.07945784e+00  3.15163845e-06  9.86723202e-08 
 7.24435960e+00  3.11979405e-06  9.76753273e-08 
 7.41310241e+00  3.08827641e-06  9.66885648e-08 
 7.58577575e+00  3.05708214e-06  9.57119265e-08 
 7.76247117e+00  3.02620789e-06  9.47453073e-08 
 7.94328235e+00  2.99565033e-06  9.37886033e-08 
 8.12830516e+00  2.96540618e-06  9.28417115e-08 
 8.31763771e+00  2.93547219e-06  9.19045303e-08 
 8.51138038e+00  2.90584513e-06  9.09769587e-08 
 8.70963590e+00  2.87652184e-06  9.00588974e-08 
 8.91250938e+00  2.84749915e-06  8.91502475e-08 
 9.12010839e+00  2.81877396e-06  8.82509116e-08 
 9.33254301e+00  2.79034317e-06  8.73607932e-08 
 9.54992586e+00  2.76220375e-06  8.64797966e-08 
 9.77237221e+00  2.73435266e-06  8.56078276e-08 
 1.00000000e+01  2.70678693e-06  8.47447924e-08 
 1.02329299e+01  2.67950359e-06  8.38905987e-08 
 1.04712855e+01  2.65249974e-06  8.30451549e-08 
 1.07151931e+01  2.62577246e-06  8.22083704e-08 
 1.09647820e+01  2.59931891e-06  8.13801555e-08 
 1.12201845e+01  2.57313624e-06  8.05604217e-08 
 1.14815362e+01  2.54722165e-06  7.97490812e-08 
 1.17489755e+01  2.52157238e-06  7.89460471e-08 
 1.20226443e+01  2.49618568e-06  7.81512336e-08 
 1.23026877e+01  2.47105883e-06  7.73645556e-08 
 1.25892541e+01  2.44618915e-06  7.65859292e-08 
 1.28824955e+01  2.42157398e-06  7.58152710e-08 
 1.31825674e+01  2.39721069e-06  7.50524987e-08 
 1.34896288e+01  2.37309668e-06  7.42975309e-08 
 1.38038426e+01  2.34922937e-06  7.35502869e-08 
 1.41253754e+01  2.32560621e-06  7.28106870e-08 
 1.44543977e+01  2.30222469e-06  7.20786523e-08 
 1.47910839e+01  2.27908231e-06  7.13541047e-08 
 1.51356125e+01  2.25617661e-06  7.06369669e-08 
 1.54881662e+01  2.23350513e-06  6.99271624e-08 
 1.58489319e+01  2.21106547e-06  6.92246156e-08 
 1.62181010e+01  2.18885524e-06  6.85292517e-08 
 1.65958691e+01  2.16687206e-06  6.78409966e-08 
 1.69824365e+01  2.14511359e-06  6.71597770e-08 
 1.73780083e+01  2.12357753e-06  6.64855203e-08 
 1.77827941e+01  2.10226158e-06  6.58181549e-08 
 1.81970086e+01  2.08116347e-06  6.51576097e-08 
 1.86208714e+01  2.06028095e-06  6.45038145e-08 
 1.90546072e+01  2.03961182e-06  6.38566998e-08 
 1.94984460e+01  2.01915386e-06  6.32161968e-08 
 1.99526231e+01  1.99890491e-06  6.25822373e-08 
 2.04173794e+01  1.97886282e-06  6.19547542e-08 
 2.08929613e+01  1.95902545e-06  6.13336807e-08 
 2.13796209e+01  1.93939070e-06  6.07189508e-08 
 2.18776162e+01  1.91995649e-06  6.01104995e-08 
 2.23872114e+01  1.90072075e-06  5.95082621e-08 
 2.29086765e+01  1.88168145e-06  5.89121746e-08 
 2.34422882e+01  1.86283657e-06  5.83221740e-08 
 2.39883292e+01  1.84418410e-06  5.77381977e-08 
 2.45470892e+01  1.82572207e-06  5.71601838e-08 
 2.51188643e+01  1.80744853e-06  5.65880710e-08 
 2.57039578e+01  1.78936154e-06  5.60217987e-08 
 2.63026799e+01  1.77145918e-06  5.54613070e-08 
 2.69153480e+01  1.75373956e-06  5.49065366e-08 
 2.75422870e+01  1.73620081e-06  5.43574288e-08 
 2.81838293e+01  1.71884107e-06  5.38139254e-08 
 2.88403150e+01  1.70165850e-06  5.32759690e-08 
 2.95120923e+01  1.68465128e-06  5.27435027e-08 
 3.01995172e+01  1.66781763e-06  5.22164702e-08 
 3.09029543e+01  1.65115575e-06  5.16948159e-08 
 3.16227766e+01  1.63466390e-06  5.11784846e-08 
 3.23593657e+01  1.61834032e-06  5.06674218e-08 
 3.31131121e+01  1.60218330e-06  5.01615735e-08 
 3.38844156e+01  1.58619112e-06  4.96608864e-08 
 3.46736850e+01  1.57036211e-06  4.91653076e-08 
 3.54813389e+01  1.55469460e-06  4.86747848e-08 
 3.63078055e+01  1.53918692e-06  4.81892664e-08 
 3.71535229e+01  1.52383744e-06  4.77087010e-08 
 3.80189396e+01  1.50864456e-06  4.72330382e-08 
 3.89045145e+01  1.49360666e-06  4.67622277e-08 
 3.98107171e+01  1.47872216e-06  4.62962200e-08 
 4.07380278e+01  1.46398950e-06  4.58349660e-08 
 4.16869383e+01  1.44940712e-06  4.53784172e-08 
 4.26579519e+01  1.43497350e-06  4.49265254e-08 
 4.36515832e+01  1.42068710e-06  4.44792432e-08 
 4.46683592e+01  1.40654643e-06  4.40365234e-08 
 4.57088190e+01  1.39255000e-06  4.35983196e-08 
 4.67735141e+01  1.37869634e-06  4.31645856e-08 
 4.78630092e+01  1.36498400e-06  4.27352760e-08 
 4.89778819e+01  1.35141153e-06  4.23103455e-08 
 5.01187234e+01  1.33797750e-06  4.18897496e-08 
 5.12861384e+01  1.32468051e-06  4.14734440e-08 
 5.24807460e+01  1.31151917e-06  4.10613851e-08 
 5.37031796e+01  1.29849208e-06  4.06535296e-08 
 5.49540874e+01  1.28559788e-06  4.02498347e-08 
 5.62341325e+01  1.27283523e-06  3.98502582e-08 
 5.75439937e+01  1.26020277e-06  3.94547580e-08 
 5.88843655e+01  1.24769919e-06  3.90632927e-08 
 6.02559586e+01  1.23532318e-06  3.86758213e-08 
 6.16595002e+01  1.22307344e-06  3.82923032e-08 
 6.30957344e+01  1.21094868e-06  3.79126982e-08 
 6.45654229e+01  1.19894765e-06  3.75369666e-08 
 6.60693448e+01  1.18706907e-06  3.71650690e-08 
 6.76082975e+01  1.17531171e-06  3.67969664e-08 
 6.91830971e+01  1.16367433e-06  3.64326205e-08 
 7.07945784e+01  1.15215573e-06  3.60719930e-08 
 7.24435960e+01  1.14075468e-06  3.57150462e-08 
 7.41310241e+01  1.12947002e-06  3.53617429e-08 
 7.58577575e+01  1.11830054e-06  3.50120460e-08 
 7.76247117e+01  1.10724509e-06  3.46659191e-08 
 7.94328235e+01  1.09630251e-06  3.43233260e-08 
 8.12830516e+01  1.08547166e-06  3.39842309e-08 
 8.31763771e+01  1.07475140e-06  3.36485983e-08 
 8.51138038e+01  1.06414062e-06  3.33163933e-08 
 8.70963590e+01  1.05363822e-06  3.29875812e-08 
 8.91250938e+01  1.04324308e-06  3.26621277e-08 
 9.12010839e+01  1.03295414e-06  3.23399988e-08 
 9.33254301e+01  1.02277031e-06  3.20211609e-08 
 9.54992586e+01  1.01269054e-06  3.17055808e-08 
 9.77237221e+01  1.00271377e-06  3.13932256e-08 
 1.00000000e+02  9.92838969e-07  3.10840627e-08 
 1.02329299e+02  9.83065102e-07  3.07780599e-08 
 1.04712855e+02  9.73391153e-07  3.04751854e-08 
 1.07151931e+02  9.63816114e-07  3.01754076e-08 
 1.09647820e+02  9.54338989e-07  2.98786954e-08 
 1.12201845e+02  9.44958791e-07  2.95850177e-08 
 1.14815362e+02  9.35674544e-07  2.92943441e-08 
 1.17489755e+02  9.26485283e-07  2.90066443e-08 
 1.20226443e+02  9.17390051e-07  2.87218885e-08 
 1.23026877e+02  9.08387902e-07  2.84400469e-08 
 1.25892541e+02  8.99477902e-07  2.81610903e-08 
 1.28824955e+02  8.90659124e-07  2.78849898e-08 
 1.31825674e+02  8.81930651e-07  2.76117165e-08 
 1.34896288e+02  8.73291576e-07  2.73412421e-08 
 1.38038426e+02  8.64741004e-07  2.70735386e-08 
 1.41253754e+02  8.56278044e-07  2.68085781e-08 
 1.44543977e+02  8.47901820e-07  2.65463332e-08 
 1.47910839e+02  8.39611461e-07  2.62867765e-08 
 1.51356125e+02  8.31406108e-07  2.60298812e-08 
 1.54881662e+02  8.23284908e-07  2.57756206e-08 
 1.58489319e+02  8.15247020e-07  2.55239684e-08 
 1.62181010e+02  8.07291610e-07  2.52748984e-08 
 1.65958691e+02  7.99417853e-07  2.50283848e-08 
 1.69824365e+02  7.91624934e-07  2.47844021e-08 
 1.73780083e+02  7.83912043e-07  2.45429250e-08 
 1.77827941e+02  7.76278383e-07  2.43039284e-08 
 1.81970086e+02  7.68723162e-07  2.40673877e-08 
 1.86208714e+02  7.61245598e-07  2.38332782e-08 
 1.90546072e+02  7.53844916e-07  2.36015758e-08 
 1.94984460e+02  7.46520350e-07  2.33722565e-08 
 1.99526231e+02  7.39271143e-07  2.31452965e-08 
 2.04173794e+02  7.32096543e-07  2.29206723e-08 
 2.08929613e+02  7.24995808e-07  2.26983607e-08 
 2.13796209e+02  7.17968204e-07  2.24783388e-08 
 2.18776162e+02  7.11013003e-07  2.22605836e-08 
 2.23872114e+02  7.04129487e-07  2.20450728e-08 
 2.29086765e+02  6.97316943e-07  2.18317840e-08 
 2.34422882e+02  6.90574668e-07  2.16206952e-08 
 2.39883292e+02  6.83901963e-07  2.14117845e-08 
 2.45470892e+02  6.77298140e-07  2.12050304e-08 
 2.51188643e+02  6.70762516e-07  2.10004115e-08 
 2.57039578e+02  6.64294416e-07  2.07979067e-08 
 2.63026799e+02  6.57893172e-07  2.05974950e-08 
 2.69153480e+02  6.51558121e-07  2.03991557e-08 
 2.75422870e+02  6.45288611e-07  2.02028684e-08 
 2.81838293e+02  6.39083993e-07  2.00086127e-08 
 2.88403150e+02  6.32943627e-07  1.98163687e-08 
 2.95120923e+02  6.26866879e-07  1.96261164e-08 
 3.01995172e+02  6.20853122e-07  1.94378363e-08 
 3.09029543e+02  6.14901734e-07  1.92515089e-08 
 3.16227766e+02  6.09012102e-07  1.90671149e-08 
 3.23593657e+02  6.03183618e-07  1.88846354e-08 
 3.31131121e+02  5.97415680e-07  1.87040515e-08 
 3.38844156e+02  5.91707693e-07  1.85253445e-08 
 3.46736850e+02  5.86059068e-07  1.83484961e-08 
 3.54813389e+02  5.80469223e-07  1.81734880e-08 
 3.63078055e+02  5.74937581e-07  1.80003021e-08 
 3.71535229e+02  5.69463571e-07  1.78289206e-08 
 3.80189396e+02  5.64046628e-07  1.76593258e-08 
 3.89045145e+02  5.58686195e-07  1.74915002e-08 
 3.98107171e+02  5.53381717e-07  1.73254264e-08 
 4.07380278e+02  5.48132648e-07  1.71610875e-08 
 4.16869383e+02  5.42938447e-07  1.69984664e-08 
 4.26579519e+02  5.37798578e-07  1.68375463e-08 
 4.36515832e+02  5.32712510e-07  1.66783106e-08 
 4.46683592e+02  5.27679719e-07  1.65207430e-08 
 4.57088190e+02  5.22699687e-07  1.63648271e-08 
 4.67735141e+02  5.17771899e-07  1.62105470e-08 
 4.78630092e+02  5.12895847e-07  1.60578866e-08 
 4.89778819e+02  5.08071028e-07  1.59068303e-08 
 5.01187234e+02  5.03296944e-07  1.57573624e-08 
 5.12861384e+02  4.98573103e-07  1.56094675e-08 
 5.24807460e+02  4.93899018e-07  1.54631304e-08 
 5.37031796e+02  4.89274206e-07  1.53183360e-08 
 5.49540874e+02  4.84698191e-07  1.51750694e-08 
 5.62341325e+02  4.80170498e-07  1.50333156e-08 
 5.75439937e+02  4.75690663e-07  1.48930602e-08 
 5.88843655e+02  4.71258221e-07  1.47542886e-08 
 6.02559586e+02  4.66872715e-07  1.46169866e-08 
 6.16595002e+02  4.62533692e-07  1.44811398e-08 
 6.30957344e+02  4.58240705e-07  1.43467344e-08 
 6.45654229e+02  4.53993309e-07  1.42137563e-08 
 6.60693448e+02  4.49791066e-07  1.40821920e-08 
 6.76082975e+02  4.45633541e-07  1.39520277e-08 
 6.91830971e+02  4.41520305e-07  1.38232500e-08 
 7.07945784e+02  4.37450931e-07  1.36958457e-08 
 7.24435960e+02  4.33425000e-07  1.35698014e-08 
 7.41310241e+02  4.29442094e-07  1.34451043e-08 
 7.58577575e+02  4.25501802e-07  1.33217413e-08 
 7.76247117e+02  4.21603715e-07  1.31996997e-08 
 7.94328235e+02  4.17747429e-07  1.30789668e-08 
 8.12830516e+02  4.13932544e-07  1.29595302e-08 
 8.31763771e+02  4.10158667e-07  1.28413775e-08 
 8.51138038e+02  4.06425403e-07  1.27244964e-08 
 8.70963590e+02  4.02732368e-07  1.26088747e-08 
 8.91250938e+02  3.99079176e-07  1.24945006e-08 
 9.12010839e+02  3.95465449e-07  1.23813620e-08 
 9.33254301e+02  3.91890811e-07  1.22694473e-08 
 9.54992586e+02  3.88354890e-07  1.21587448e-08 
 9.77237221e+02  3.84857318e-07  1.20492430e-08 
 1.00000000e+03  3.81397732e-07  1.19409305e-08 
 1.02329299e+03  3.77975770e-07  1.18337959e-08 
 1.04712855e+03  3.74591076e-07  1.17278283e-08 
 1.07151931e+03  3.71243297e-07  1.16230164e-08 
 1.09647820e+03  3.67932084e-07  1.15193493e-08 
 1.12201845e+03  3.64657090e-07  1.14168163e-08 
 1.14815362e+03  3.61417972e-07  1.13154066e-08 
 1.17489755e+03  3.58214393e-07  1.12151095e-08 
 1.20226443e+03  3.55046016e-07  1.11159146e-08 
 1.23026877e+03  3.51912509e-07  1.10178116e-08 
 1.25892541e+03  3.48813543e-07  1.09207899e-08 
 1.28824955e+03  3.45748793e-07  1.08248396e-08 
 1.31825674e+03  3.42717937e-07  1.07299505e-08 
 1.34896288e+03  3.39720655e-07  1.06361127e-08 
 1.38038426e+03  3.36756631e-07  1.05433161e-08 
 1.41253754e+03  3.33825553e-07  1.04515511e-08 
 1.44543977e+03  3.30927111e-07  1.03608080e-08 
 1.47910839e+03  3.28060999e-07  1.02710771e-08 
 1.51356125e+03  3.25226913e-07  1.01823490e-08 
 1.54881662e+03  3.22424552e-07  1.00946142e-08 
 1.58489319e+03  3.19653619e-07  1.00078635e-08 
 1.62181010e+03  3.16913820e-07  9.92208760e-09 
 1.65958691e+03  3.14204861e-07  9.83727738e-09 
 1.69824365e+03  3.11526455e-07  9.75342381e-09 
 1.73780083e+03  3.08878316e-07  9.67051792e-09 
 1.77827941e+03  3.06260159e-07  9.58855085e-09 
 1.81970086e+03  3.03671705e-07  9.50751382e-09 
 1.86208714e+03  3.01112675e-07  9.42739813e-09 
 1.90546072e+03  2.98582794e-07  9.34819516e-09 
 1.94984460e+03  2.96081789e-07  9.26989639e-09 
 1.99526231e+03  2.93609390e-07  9.19249336e-09 
 2.04173794e+03  2.91165330e-07  9.11597769e-09 
 2.08929613e+03  2.88749344e-07  9.04034111e-09 
 2.13796209e+03  2.86361169e-07  8.96557539e-09 
 2.18776162e+03  2.84000545e-07  8.89167241e-09 
 2.23872114e+03  2.81667214e-07  8.81862409e-09 
 2.29086765e+03  2.79360922e-07  8.74642245e-09 
 2.34422882e+03  2.77081415e-07  8.67505958e-09 
 2.39883292e+03  2.74828442e-07  8.60452765e-09 
 2.45470892e+03  2.72601756e-07  8.53481888e-09 
 2.51188643e+03  2.70401110e-07  8.46592558e-09 
 2.57039578e+03  2.68226260e-07  8.39784012e-09 
 2.63026799e+03  2.66076965e-07  8.33055495e-09 
 2.69153480e+03  2.63952986e-07  8.26406257e-09 
 2.75422870e+03  2.61854084e-07  8.19835557e-09 
 2.81838293e+03  2.59780025e-07  8.13342658e-09 
 2.88403150e+03  2.57730575e-07  8.06926831e-09 
 2.95120923e+03  2.55705504e-07  8.00587354e-09 
 3.01995172e+03  2.53704582e-07  7.94323510e-09 
 3.09029543e+03  2.51727581e-07  7.88134590e-09 
 3.16227766e+03  2.49774277e-07  7.82019888e-09 
 3.23593657e+03  2.47844447e-07  7.75978707e-09 
 3.31131121e+03  2.45937868e-07  7.70010354e-09 
 3.38844156e+03  2.44054321e-07  7.64114144e-09 
 3.46736850e+03  2.42193589e-07  7.58289396e-09 
 3.54813389e+03  2.40355456e-07  7.52535436e-09 
 3.63078055e+03  2.38539706e-07  7.46851593e-09 
 3.71535229e+03  2.36746129e-07  7.41237205e-09 
 3.80189396e+03  2.34974513e-07  7.35691613e-09 
 3.89045145e+03  2.33224648e-07  7.30214165e-09 
 3.98107171e+03  2.31496329e-07  7.24804212e-09 
 4.07380278e+03  2.29789348e-07  7.19461114e-09 
 4.16869383e+03  2.28103502e-07  7.14184231e-09 
 4.26579519e+03  2.26438589e-07  7.08972933e-09 
 4.36515832e+03  2.24794407e-07  7.03826592e-09 
 4.46683592e+03  2.23170756e-07  6.98744586e-09 
 4.57088190e+03  2.21567440e-07  6.93726297e-09 
 4.67735141e+03  2.19984261e-07  6.88771112e-09 
 4.78630092e+03  2.18421024e-07  6.83878424e-09 
 4.89778819e+03  2.16877537e-07  6.79047629e-09 
 5.01187234e+03  2.15353606e-07  6.74278128e-09 
 5.12861384e+03  2.13849042e-07  6.69569327e-09 
 5.24807460e+03  2.12363654e-07  6.64920635e-09 
 5.37031796e+03  2.10897255e-07  6.60331468e-09 
 5.49540874e+03  2.09449658e-07  6.55801244e-09 
 5.62341325e+03  2.08020677e-07  6.51329385e-09 
 5.75439937e+03  2.06610130e-07  6.46915319e-09 
 5.88843655e+03  2.05217832e-07  6.42558477e-09 
 6.02559586e+03  2.03843602e-07  6.38258294e-09 
 6.16595002e+03  2.02487260e-07  6.34014209e-09 
 6.30957344e+03  2.01148626e-07  6.29825665e-09 
 6.45654229e+03  1.99827524e-07  6.25692110e-09 
 6.60693448e+03  1.98523775e-07  6.21612994e-09 
 6.76082975e+03  1.97237204e-07  6.17587772e-09 
 6.91830971e+03  1.95967638e-07  6.13615902e-09 
 7.07945784e+03  1.94714901e-07  6.09696846e-09 
 7.24435960e+03  1.93478822e-07  6.05830070e-09 
 7.41310241e+03  1.92259231e-07  6.02015043e-09 
 7.58577575e+03  1.91055955e-07  5.98251239e-09 
 7.76247117e+03  1.89868827e-07  5.94538133e-09 
 7.94328235e+03  1.88697679e-07  5.90875205e-09 
 8.12830516e+03  1.87542342e-07  5.87261938e-09 
 8.31763771e+03  1.86402652e-07  5.83697820e-09 
 8.51138038e+03  1.85278442e-07  5.80182340e-09 
 8.70963590e+03  1.84169550e-07  5.76714992e-09 
 8.91250938e+03  1.83075810e-07  5.73295272e-09 
 9.12010839e+03  1.81997062e-07  5.69922680e-09 
 9.33254301e+03  1.80933144e-07  5.66596720e-09 
 9.54992586e+03  1.79883896e-07  5.63316898e-09 
 9.77237221e+03  1.78849157e-07  5.60082723e-09 
 1.00000000e+04  1.77828769e-07  5.56893708e-09 
 1.02329299e+04  1.76822575e-07  5.53749370e-09 
 1.04712855e+04  1.75830417e-07  5.50649226e-09 
 1.07151931e+04  1.74852140e-07  5.47592799e-09 
 1.09647820e+04  1.73887587e-07  5.44579615e-09 
 1.12201845e+04  1.72936605e-07  5.41609201e-09 
 1.14815362e+04  1.71999039e-07  5.38681089e-09 
 1.17489755e+04  1.71074738e-07  5.35794813e-09 
 1.20226443e+04  1.70163548e-07  5.32949909e-09 
 1.23026877e+04  1.69265319e-07  5.30145920e-09 
 1.25892541e+04  1.68379899e-07  5.27382387e-09 
 1.28824955e+04  1.67507139e-07  5.24658857e-09 
 1.31825674e+04  1.66646890e-07  5.21974879e-09 
 1.34896288e+04  1.65799003e-07  5.19330005e-09 
 1.38038426e+04  1.64963331e-07  5.16723790e-09 
 1.41253754e+04  1.64139726e-07  5.14155793e-09 
 1.44543977e+04  1.63328042e-07  5.11625573e-09 
 1.47910839e+04  1.62528134e-07  5.09132696e-09 
 1.51356125e+04  1.61739856e-07  5.06676728e-09 
 1.54881662e+04  1.60963063e-07  5.04257238e-09 
 1.58489319e+04  1.60197612e-07  5.01873799e-09 
 1.62181010e+04  1.59443361e-07  4.99525987e-09 
 1.65958691e+04  1.58700165e-07  4.97213380e-09 
 1.69824365e+04  1.57967883e-07  4.94935560e-09 
 1.73780083e+04  1.57246374e-07  4.92692111e-09 
 1.77827941e+04  1.56535496e-07  4.90482619e-09 
 1.81970086e+04  1.55835109e-07  4.88306676e-09 
 1.86208714e+04  1.55145073e-07  4.86163874e-09 
 1.90546072e+04  1.54465249e-07  4.84053810e-09 
 1.94984460e+04  1.53795497e-07  4.81976082e-09 
 1.99526231e+04  1.53135679e-07  4.79930292e-09 
 2.04173794e+04  1.52485657e-07  4.77916045e-09 
 2.08929613e+04  1.51845294e-07  4.75932949e-09 
 2.13796209e+04  1.51214451e-07  4.73980615e-09 
 2.18776162e+04  1.50592992e-07  4.72058656e-09 
 2.23872114e+04  1.49980781e-07  4.70166690e-09 
 2.29086765e+04  1.49377680e-07  4.68304335e-09 
 2.34422882e+04  1.48783554e-07  4.66471215e-09 
 2.39883292e+04  1.48198268e-07  4.64666956e-09 
 2.45470892e+04  1.47621685e-07  4.62891185e-09 
 2.51188643e+04  1.47053671e-07  4.61143535e-09 
 2.57039578e+04  1.46494090e-07  4.59423641e-09 
 2.63026799e+04  1.45942807e-07  4.57731141e-09 
 2.69153480e+04  1.45399687e-07  4.56065674e-09 
 2.75422870e+04  1.44864596e-07  4.54426886e-09 
 2.81838293e+04  1.44337398e-07  4.52814423e-09 
 2.88403150e+04  1.43817960e-07  4.51227935e-09 
 2.95120923e+04  1.43306145e-07  4.49667076e-09 
 3.01995172e+04  1.42801819e-07  4.48131501e-09 
 3.09029543e+04  1.42304848e-07  4.46620869e-09 
 3.16227766e+04  1.41815095e-07  4.45134844e-09 
 3.23593657e+04  1.41332425e-07  4.43673091e-09 
 3.31131121e+04  1.40856703e-07  4.42235278e-09 
 3.38844156e+04  1.40387792e-07  4.40821077e-09 
 3.46736850e+04  1.39925557e-07  4.39430163e-09 
 3.54813389e+04  1.39469859e-07  4.38062214e-09 
 3.63078055e+04  1.39020562e-07  4.36716912e-09 
 3.71535229e+04  1.38577528e-07  4.35393939e-09 
 3.80189396e+04  1.38140619e-07  4.34092985e-09 
 3.89045145e+04  1.37709694e-07  4.32813740e-09 
 3.98107171e+04  1.37284614e-07  4.31555897e-09 
 4.07380278e+04  1.36865238e-07  4.30319154e-09 
 4.16869383e+04  1.36451424e-07  4.29103210e-09 
 4.26579519e+04  1.36043030e-07  4.27907769e-09 
 4.36515832e+04  1.35639912e-07  4.26732538e-09 
 4.46683592e+04  1.35241924e-07  4.25577226e-09 
 4.57088190e+04  1.34848921e-07  4.24441547e-09 
 4.67735141e+04  1.34460755e-07  4.23325215e-09 
 4.78630092e+04  1.34077278e-07  4.22227952e-09 
 4.89778819e+04  1.33698339e-07  4.21149479e-09 
 5.01187234e+04  1.33323785e-07  4.20089521e-09 
 5.12861384e+04  1.32953464e-07  4.19047809e-09 
 5.24807460e+04  1.32587219e-07  4.18024073e-09 
 5.37031796e+04  1.32224894e-07  4.17018050e-09 
 5.49540874e+04  1.31866329e-07  4.16029477e-09 
 5.62341325e+04  1.31511362e-07  4.15058098e-09 
 5.75439937e+04  1.31159831e-07  4.14103655e-09 
 5.88843655e+04  1.30811567e-07  4.13165898e-09 
 6.02559586e+04  1.30466404e-07  4.12244578e-09 
 6.16595002e+04  1.30124170e-07  4.11339450e-09 
 6.30957344e+04  1.29784691e-07  4.10450270e-09 
 6.45654229e+04  1.29447790e-07  4.09576801e-09 
 6.60693448e+04  1.29113288e-07  4.08718806e-09 
 6.76082975e+04  1.28781002e-07  4.07876052e-09 
 6.91830971e+04  1.28450746e-07  4.07048310e-09 
 7.07945784e+04  1.28122331e-07  4.06235353e-09 
 7.24435960e+04  1.27795565e-07  4.05436958e-09 
 7.41310241e+04  1.27470250e-07  4.04652905e-09 
 7.58577575e+04  1.27146187e-07  4.03882978e-09 
 7.76247117e+04  1.26823172e-07  4.03126961e-09 
 7.94328235e+04  1.26500998e-07  4.02384646e-09 
 8.12830516e+04  1.26179452e-07  4.01655823e-09 
 8.31763771e+04  1.25858319e-07  4.00940289e-09 
 8.51138038e+04  1.25537379e-07  4.00237843e-09 
 8.70963590e+04  1.25216406e-07  3.99548286e-09 
 8.91250938e+04  1.24895171e-07  3.98871423e-09 
 9.12010839e+04  1.24573442e-07  3.98207063e-09 
 9.33254301e+04  1.24250979e-07  3.97555016e-09 
 9.54992586e+04  1.23927540e-07  3.96915097e-09 
 9.77237221e+04  1.23602876e-07  3.96287122e-09 
 1.00000000e+05  1.23276736e-07  3.95670913e-09 
 1.02329299e+05  1.22948861e-07  3.95066292e-09 
 1.04712855e+05  1.22618989e-07  3.94473086e-09 
 1.07151931e+05  1.22286854e-07  3.93891124e-09 
 1.09647820e+05  1.21952183e-07  3.93320239e-09 
 1.12201845e+05  1.21614699e-07  3.92760266e-09 
 1.14815362e+05  1.21274121e-07  3.92211043e-09 
 1.17489755e+05  1.20930162e-07  3.91672411e-09 
 1.20226443e+05  1.20582533e-07  3.91144216e-09 
 1.23026877e+05  1.20230938e-07  3.90626303e-09 
 1.25892541e+05  1.19875078e-07  3.90118524e-09 
 1.28824955e+05  1.19514650e-07  3.89620730e-09 
 1.31825674e+05  1.19149346e-07  3.89132778e-09 
 1.34896288e+05  1.18778857e-07  3.88654527e-09 
 1.38038426e+05  1.18402870e-07  3.88185837e-09 
 1.41253754e+05  1.18021068e-07  3.87726574e-09 
 1.44543977e+05  1.17633132e-07  3.87276603e-09 
 1.47910839e+05  1.17238743e-07  3.86835795e-09 
 1.51356125e+05  1.16837579e-07  3.86404022e-09 
 1.54881662e+05  1.16429317e-07  3.85981160e-09 
 1.58489319e+05  1.16013635e-07  3.85567085e-09 
 1.62181010e+05  1.15590210e-07  3.85161679e-09 
 1.65958691e+05  1.15158721e-07  3.84764824e-09 
 1.69824365e+05  1.14718849e-07  3.84376405e-09 
 1.73780083e+05  1.14270277e-07  3.83996310e-09 
 1.77827941e+05  1.13812693e-07  3.83624429e-09 
 1.81970086e+05  1.13345787e-07  3.83260656e-09 
 1.86208714e+05  1.12869257e-07  3.82904884e-09 
 1.90546072e+05  1.12382806e-07  3.82557010e-09 
 1.94984460e+05  1.11886144e-07  3.82216935e-09 
 1.99526231e+05  1.11378991e-07  3.81884559e-09 
 2.04173794e+05  1.10861075e-07  3.81559786e-09 
 2.08929613e+05  1.10332136e-07  3.81242520e-09 
 2.13796209e+05  1.09791925e-07  3.80932669e-09 
 2.18776162e+05  1.09240206e-07  3.80630143e-09 
 2.23872114e+05  1.08676760e-07  3.80334850e-09 
 2.29086765e+05  1.08101379e-07  3.80046704e-09 
 2.34422882e+05  1.07513875e-07  3.79765619e-09 
 2.39883292e+05  1.06914077e-07  3.79491508e-09 
 2.45470892e+05  1.06301833e-07  3.79224288e-09 
 2.51188643e+05  1.05677011e-07  3.78963877e-09 
 2.57039578e+05  1.05039499e-07  3.78710193e-09 
 2.63026799e+05  1.04389209e-07  3.78463156e-09 
 2.69153480e+05  1.03726077e-07  3.78222684e-09 
 2.75422870e+05  1.03050059e-07  3.77988699e-09 
 2.81838293e+05  1.02361141e-07  3.77761122e-09 
 2.88403150e+05  1.01659330e-07  3.77539874e-09 
 2.95120923e+05  1.00944662e-07  3.77324877e-09 
 3.01995172e+05  1.00217199e-07  3.77116053e-09 
 3.09029543e+05  9.94770280e-08  3.76913323e-09 
 3.16227766e+05  9.87242656e-08  3.76716609e-09 
 3.23593657e+05  9.79590542e-08  3.76525831e-09 
 3.31131121e+05  9.71815635e-08  3.76340910e-09 
 3.38844156e+05  9.63919903e-08  3.76161766e-09 
 3.46736850e+05  9.55905575e-08  3.75988318e-09 
 3.54813389e+05  9.47775142e-08  3.75820484e-09 
 3.63078055e+05  9.39531348e-08  3.75658181e-09 
 3.71535229e+05  9.31177179e-08  3.75501326e-09 
 3.80189396e+05  9.22715858e-08  3.75349832e-09 
 3.89045145e+05  9.14150833e-08  3.75203614e-09 
 3.98107171e+05  9.05485763e-08  3.75062583e-09 
 4.07380278e+05  8.96724505e-08  3.74926650e-09 
 4.16869383e+05  8.87871102e-08  3.74795724e-09 
 4.26579519e+05  8.78929767e-08  3.74669713e-09 
 4.36515832e+05  8.69904866e-08  3.74548523e-09 
 4.46683592e+05  8.60800902e-08  3.74432059e-09 
 4.57088190e+05  8.51622501e-08  3.74320222e-09 
 4.67735141e+05  8.42374390e-08  3.74212916e-09 
 4.78630092e+05  8.33061385e-08  3.74110041e-09 
 4.89778819e+05  8.23688368e-08  3.74011495e-09 
 5.01187234e+05  8.14260278e-08  3.73917177e-09 
 5.12861384e+05  8.04782087e-08  3.73826984e-09 
 5.24807460e+05  7.95258788e-08  3.73740812e-09 
 5.37031796e+05  7.85695380e-08  3.73658558e-09 
 5.49540874e+05  7.76096853e-08  3.73580116e-09 
 5.62341325e+05  7.66468171e-08  3.73505383e-09 
 5.75439937e+05  7.56814266e-08  3.73434253e-09 
 5.88843655e+05  7.47140021e-08  3.73366624e-09 
 6.02559586e+05  7.37450262e-08  3.73302392e-09 
 6.16595002e+05  7.27749746e-08  3.73241455e-09 
 6.30957344e+05  7.18043157e-08  3.73183713e-09 
 6.45654229e+05  7.08335094e-08  3.73129067e-09 
 6.60693448e+05  6.98630071e-08  3.73077421e-09 
 6.76082975e+05  6.88932504e-08  3.73028682e-09 
 6.91830971e+05  6.79246713e-08  3.72982757e-09 
 7.07945784e+05  6.69576919e-08  3.72939559e-09 
 7.24435960e+05  6.59927237e-08  3.72899005e-09 
 7.41310241e+05  6.50301679e-08  3.72861013e-09 
 7.58577575e+05  6.40704151e-08  3.72825509e-09 
 7.76247117e+05  6.31138456e-08  3.72792420e-09 
 7.94328235e+05  6.21608288e-08  3.72761682e-09 
 8.12830516e+05  6.12117240e-08  3.72733232e-09 
 8.31763771e+05  6.02668799e-08  3.72707016e-09 
 8.51138038e+05  5.93266352e-08  3.72682984e-09 
 8.70963590e+05  5.83913185e-08  3.72661093e-09 
 8.91250938e+05  5.74612482e-08  3.72641307e-09 
 9.12010839e+05  5.65367332e-08  3.72623594e-09 
 9.33254301e+05  5.56180727e-08  3.72607933e-09 
 9.54992586e+05  5.47055563e-08  3.72594305e-09 
 9.77237221e+05  5.37994641e-08  3.72582702e-09 
 1.00000000e+06  5.29000671e-08  3.72573122e-09 
 1.02329299e+06  5.20076268e-08  3.72565570e-09 
 1.04712855e+06  5.11223955e-08  3.72560059e-09 
 1.07151931e+06  5.02446164e-08  3.72556609e-09 
 1.09647820e+06  4.93745235e-08  3.72555250e-09 
 1.12201845e+06  4.85123413e-08  3.72556016e-09 
 1.14815362e+06  4.76582853e-08  3.72558951e-09 
 1.17489755e+06  4.68125617e-08  3.72564108e-09 
 1.20226443e+06  4.59753672e-08  3.72571546e-09 
 1.23026877e+06  4.51468890e-08  3.72581332e-09 
 1.25892541e+06  4.43273048e-08  3.72593541e-09 
 1.28824955e+06  4.35167828e-08  3.72608257e-09 
 1.31825674e+06  4.27154813e-08  3.72625572e-09 
 1.34896288e+06  4.19235491e-08  3.72645585e-09 
 1.38038426e+06  4.11411247e-08  3.72668403e-09 
 1.41253754e+06  4.03683372e-08  3.72694143e-09 
 1.44543977e+06  3.96053055e-08  3.72722929e-09 
 1.47910839e+06  3.88521385e-08  3.72754892e-09 
 1.51356125e+06  3.81089353e-08  3.72790174e-09 
 1.54881662e+06  3.73757848e-08  3.72828925e-09 
 1.58489319e+06  3.66527661e-08  3.72871301e-09 
 1.62181010e+06  3.59399486e-08  3.72917471e-09 
 1.65958691e+06  3.52373917e-08  3.72967609e-09 
 1.69824365e+06  3.45451453e-08  3.73021900e-09 
 1.73780083e+06  3.38632494e-08  3.73080539e-09 
 1.77827941e+06  3.31917352e-08  3.73143730e-09 
 1.81970086e+06  3.25306241e-08  3.73211685e-09 
 1.86208714e+06  3.18799288e-08  3.73284628e-09 
 1.90546072e+06  3.12396533e-08  3.73362793e-09 
 1.94984460e+06  3.06097928e-08  3.73446424e-09 
 1.99526231e+06  2.99903342e-08  3.73535778e-09 
 2.04173794e+06  2.93812566e-08  3.73631119e-09 
 2.08929613e+06  2.87825310e-08  3.73732728e-09 
 2.13796209e+06  2.81941213e-08  3.73840894e-09 
 2.18776162e+06  2.76159840e-08  3.73955921e-09 
 2.23872114e+06  2.70480688e-08  3.74078124e-09 
 2.29086765e+06  2.64903189e-08  3.74207834e-09 
 2.34422882e+06  2.59426713e-08  3.74345395e-09 
 2.39883292e+06  2.54050572e-08  3.74491164e-09 
 2.45470892e+06  2.48774020e-08  3.74645515e-09 
 2.51188643e+06  2.43596263e-08  3.74808837e-09 
 2.57039578e+06  2.38516454e-08  3.74981537e-09 
 2.63026799e+06  2.33533703e-08  3.75164036e-09 
 2.69153480e+06  2.28647077e-08  3.75356775e-09 
 2.75422870e+06  2.23855601e-08  3.75560213e-09 
 2.81838293e+06  2.19158269e-08  3.75774827e-09 
 2.88403150e+06  2.14554037e-08  3.76001116e-09 
 2.95120923e+06  2.10041833e-08  3.76239598e-09 
 3.01995172e+06  2.05620557e-08  3.76490813e-09 
 3.09029543e+06  2.01289084e-08  3.76755323e-09 
 3.16227766e+06  1.97046268e-08  3.77033714e-09 
 3.23593657e+06  1.92890943e-08  3.77326596e-09 
 3.31131121e+06  1.88821924e-08  3.77634602e-09 
 3.38844156e+06  1.84838014e-08  3.77958394e-09 
 3.46736850e+06  1.80938002e-08  3.78298659e-09 
 3.54813389e+06  1.77120668e-08  3.78656113e-09 
 3.63078055e+06  1.73384780e-08  3.79031499e-09 
 3.71535229e+06  1.69729104e-08  3.79425591e-09 
 3.80189396e+06  1.66152399e-08  3.79839194e-09 
 3.89045145e+06  1.62653420e-08  3.80273146e-09 
 3.98107171e+06  1.59230922e-08  3.80728315e-09 
 4.07380278e+06  1.55883660e-08  3.81205606e-09 
 4.16869383e+06  1.52610389e-08  3.81705959e-09 
 4.26579519e+06  1.49409868e-08  3.82230348e-09 
 4.36515832e+06  1.46280858e-08  3.82779786e-09 
 4.46683592e+06  1.43222127e-08  3.83355324e-09 
 4.57088190e+06  1.40232447e-08  3.83958053e-09 
 4.67735141e+06  1.37310597e-08  3.84589105e-09 
 4.78630092e+06  1.34455364e-08  3.85249652e-09 
 4.89778819e+06  1.31665542e-08  3.85940910e-09 
 5.01187234e+06  1.28939934e-08  3.86664138e-09 
 5.12861384e+06  1.26277354e-08  3.87420641e-09 
 5.24807460e+06  1.23676624e-08  3.88211769e-09 
 5.37031796e+06  1.21136575e-08  3.89038917e-09 
 5.49540874e+06  1.18656052e-08  3.89903531e-09 
 5.62341325e+06  1.16233908e-08  3.90807103e-09 
 5.75439937e+06  1.13869008e-08  3.91751173e-09 
 5.88843655e+06  1.11560227e-08  3.92737335e-09 
 6.02559586e+06  1.09306454e-08  3.93767229e-09 
 6.16595002e+06  1.07106586e-08  3.94842547e-09 
 6.30957344e+06  1.04959533e-08  3.95965036e-09 
 6.45654229e+06  1.02864216e-08  3.97136489e-09 
 6.60693448e+06  1.00819566e-08  3.98358755e-09 
 6.76082975e+06  9.88245276e-09  3.99633733e-09 
 6.91830971e+06  9.68780529e-09  4.00963376e-09 
 7.07945784e+06  9.49791064e-09  4.02349686e-09 
 7.24435960e+06  9.31266626e-09  4.03794718e-09 
 7.41310241e+06  9.13197056e-09  4.05300577e-09 
 7.58577575e+06  8.95572295e-09  4.06869419e-09 
 7.76247117e+06  8.78382376e-09  4.08503448e-09 
 7.94328235e+06  8.61617420e-09  4.10204917e-09 
 8.12830516e+06  8.45267633e-09  4.11976125e-09 
 8.31763771e+06  8.29323305e-09  4.13819416e-09 
 8.51138038e+06  8.13774800e-09  4.15737176e-09 
 8.70963590e+06  7.98612555e-09  4.17731835e-09 
 8.91250938e+06  7.83827075e-09  4.19805858e-09 
 9.12010839e+06  7.69408930e-09  4.21961749e-09 
 9.33254301e+06  7.55348745e-09  4.24202043e-09 
 9.54992586e+06  7.41637201e-09  4.26529306e-09 
 9.77237221e+06  7.28265029e-09  4.28946130e-09 
 1.00000000e+07  7.15223004e-09  4.31455129e-09 
 1.02329299e+07  7.02501939e-09  4.34058936e-09 
 1.04712855e+07  6.90092685e-09  4.36760198e-09 
 1.07151931e+07  6.77986125e-09  4.39561569e-09 
 1.09647820e+07  6.66173168e-09  4.42465709e-09 
 1.12201845e+07  6.54644748e-09  4.45475275e-09 
 1.14815362e+07  6.43391817e-09  4.48592919e-09 
 1.17489755e+07  6.32405348e-09  4.51821275e-09 
 1.20226443e+07  6.21676326e-09  4.55162962e-09 
 1.23026877e+07  6.11195750e-09  4.58620568e-09 
 1.25892541e+07  6.00954628e-09  4.62196651e-09 
 1.28824955e+07  5.90943981e-09  4.65893724e-09 
 1.31825674e+07  5.81154836e-09  4.69714256e-09 
 1.34896288e+07  5.71578233e-09  4.73660654e-09 
 1.38038426e+07  5.62205222e-09  4.77735264e-09 
 1.41253754e+07  5.53026866e-09  4.81940357e-09 
 1.44543977e+07  5.44034245e-09  4.86278123e-09 
 1.47910839e+07  5.35218459e-09  4.90750662e-09 
 1.51356125e+07  5.26570636e-09  4.95359971e-09 
 1.54881662e+07  5.18081936e-09  5.00107943e-09 
 1.58489319e+07  5.09743560e-09  5.04996349e-09 
 1.62181010e+07  5.01546760e-09  5.10026835e-09 
 1.65958691e+07  4.93482849e-09  5.15200908e-09 
 1.69824365e+07  4.85543216e-09  5.20519932e-09 
 1.73780083e+07  4.77719340e-09  5.25985111e-09 
 1.77827941e+07  4.70002805e-09  5.31597489e-09 
 1.81970086e+07  4.62385319e-09  5.37357932e-09 
 1.86208714e+07  4.54858735e-09  5.43267125e-09 
 1.90546072e+07  4.47415072e-09  5.49325560e-09 
 1.94984460e+07  4.40046541e-09  5.55533527e-09 
 1.99526231e+07  4.32745570e-09  5.61891109e-09 
 2.04173794e+07  4.25504830e-09  5.68398172e-09 
 2.08929613e+07  4.18317268e-09  5.75054356e-09 
 2.13796209e+07  4.11176137e-09  5.81859071e-09 
 2.18776162e+07  4.04075023e-09  5.88811487e-09 
 2.23872114e+07  3.97007889e-09  5.95910531e-09 
 2.29086765e+07  3.89969096e-09  6.03154882e-09 
 2.34422882e+07  3.82953447e-09  6.10542966e-09 
 2.39883292e+07  3.75956217e-09  6.18072948e-09 
 2.45470892e+07  3.68973183e-09  6.25742739e-09 
 2.51188643e+07  3.62000659e-09  6.33549984e-09 
 2.57039578e+07  3.55035523e-09  6.41492071e-09 
 2.63026799e+07  3.48075246e-09  6.49566121e-09 
 2.69153480e+07  3.41117911e-09  6.57769002e-09 
 2.75422870e+07  3.34162233e-09  6.66097320e-09 
 2.81838293e+07  3.27207574e-09  6.74547434e-09 
 2.88403150e+07  3.20253949e-09  6.83115454e-09 
 2.95120923e+07  3.13302032e-09  6.91797253e-09 
 3.01995172e+07  3.06353145e-09  7.00588472e-09 
 3.09029543e+07  2.99409253e-09  7.09484536e-09 
 3.16227766e+07  2.92472941e-09  7.18480659e-09 
 3.23593657e+07  2.85547392e-09  7.27571862e-09 
 3.31131121e+07  2.78636351e-09  7.36752988e-09 
 3.38844156e+07  2.71744084e-09  7.46018717e-09 
 3.46736850e+07  2.64875338e-09  7.55363583e-09 
 3.54813389e+07  2.58035280e-09  7.64781999e-09 
 3.63078055e+07  2.51229448e-09  7.74268272e-09 
 3.71535229e+07  2.44463684e-09  7.83816628e-09 
 3.80189396e+07  2.37744071e-09  7.93421237e-09 
 3.89045145e+07  2.31076867e-09  8.03076235e-09 
 3.98107171e+07  2.24468434e-09  8.12775755e-09 
 4.07380278e+07  2.17925177e-09  8.22513947e-09 
 4.16869383e+07  2.11453471e-09  8.32285012e-09 
 4.26579519e+07  2.05059597e-09  8.42083227e-09 
 4.36515832e+07  1.98749689e-09  8.51902974e-09 
 4.46683592e+07  1.92529669e-09  8.61738771e-09 
 4.57088190e+07  1.86405199e-09  8.71585299e-09 
 4.67735141e+07  1.80381637e-09  8.81437432e-09 
 4.78630092e+07  1.74463995e-09  8.91290266e-09 
 4.89778819e+07  1.68656905e-09  9.01139148e-09 
 5.01187234e+07  1.62964593e-09  9.10979701e-09 
 5.12861384e+07  1.57390859e-09  9.20807855e-09 
 5.24807460e+07  1.51939062e-09  9.30619869e-09 
 5.37031796e+07  1.46612111e-09  9.40412359e-09 
 5.49540874e+07  1.41412462e-09  9.50182318e-09 
 5.62341325e+07  1.36342122e-09  9.59927142e-09 
 5.75439937e+07  1.31402656e-09  9.69644647e-09 
 5.88843655e+07  1.26595195e-09  9.79333089e-09 
 6.02559586e+07  1.21920457e-09  9.88991184e-09 
 6.16595002e+07  1.17378757e-09  9.98618118e-09 
 6.30957344e+07  1.12970036e-09  1.00821356e-08 
 6.45654229e+07  1.08693875e-09  1.01777769e-08 
 6.60693448e+07  1.04549527e-09  1.02731119e-08 
 6.76082975e+07  1.00535932e-09  1.03681524e-08 
 6.91830971e+07  9.66517533e-10  1.04629157e-08 
 7.07945784e+07  9.28953933e-10  1.05574243e-08 
 7.24435960e+07  8.92650245e-10  1.06517059e-08 
 7.41310241e+07  8.57586122e-10  1.07457935e-08 
 7.58577575e+07  8.23739392e-10  1.08397256e-08 
 7.76247117e+07  7.91086288e-10  1.09335460e-08 
 7.94328235e+07  7.59601670e-10  1.10273035e-08 
 8.12830516e+07  7.29259241e-10  1.11210524e-08 
 8.31763771e+07  7.00031739e-10  1.12148523e-08 
 8.51138038e+07  6.71891126e-10  1.13087676e-08 
 8.70963590e+07  6.44808761e-10  1.14028680e-08 
 8.91250938e+07  6.18755560e-10  1.14972284e-08 
 9.12010839e+07  5.93702137e-10  1.15919283e-08 
 9.33254301e+07  5.69618945e-10  1.16870522e-08 
 9.54992586e+07  5.46476390e-10  1.17826896e-08 
 9.77237221e+07  5.24244946e-10  1.18789346e-08 
 1.00000000e+08  5.02895248e-10  1.19758858e-08 
 1.02329299e+08  4.82398180e-10  1.20736465e-08 
 1.04712855e+08  4.62724954e-10  1.21723247e-08 
 1.07151931e+08  4.43847172e-10  1.22720325e-08 
 1.09647820e+08  4.25736890e-10  1.23728867e-08 
 1.12201845e+08  4.08366663e-10  1.24750080e-08 
 1.14815362e+08  3.91709593e-10  1.25785216e-08 
 1.17489755e+08  3.75739358e-10  1.26835571e-08 
 1.20226443e+08  3.60430248e-10  1.27902477e-08 
 1.23026877e+08  3.45757182e-10  1.28987313e-08 
 1.25892541e+08  3.31695733e-10  1.30091493e-08 
 1.28824955e+08  3.18222137e-10  1.31216477e-08 
 1.31825674e+08  3.05313306e-10  1.32363759e-08 
 1.34896288e+08  2.92946831e-10  1.33534879e-08 
 1.38038426e+08  2.81100988e-10  1.34731413e-08 
 1.41253754e+08  2.69754733e-10  1.35954977e-08 
 1.44543977e+08  2.58887705e-10  1.37207229e-08 
 1.47910839e+08  2.48480217e-10  1.38489865e-08 
 1.51356125e+08  2.38513249e-10  1.39804621e-08 
 1.54881662e+08  2.28968442e-10  1.41153276e-08 
 1.58489319e+08  2.19828085e-10  1.42537646e-08 
 1.62181010e+08  2.11075106e-10  1.43959590e-08 
 1.65958691e+08  2.02693059e-10  1.45421009e-08 
 1.69824365e+08  1.94666109e-10  1.46923846e-08 
 1.73780083e+08  1.86979020e-10  1.48470085e-08 
 1.77827941e+08  1.79617143e-10  1.50061756e-08 
 1.81970086e+08  1.72566394e-10  1.51700931e-08 
 1.86208714e+08  1.65813247e-10  1.53389730e-08 
 1.90546072e+08  1.59344712e-10  1.55130316e-08 
 1.94984460e+08  1.53148326e-10  1.56924902e-08 
 1.99526231e+08  1.47212130e-10  1.58775748e-08 
 2.04173794e+08  1.41524660e-10  1.60685166e-08 
 2.08929613e+08  1.36074929e-10  1.62655518e-08 
 2.13796209e+08  1.30852410e-10  1.64689221e-08 
 2.18776162e+08  1.25847025e-10  1.66788745e-08 
 2.23872114e+08  1.21049123e-10  1.68956619e-08 
 2.29086765e+08  1.16449475e-10  1.71195430e-08 
 2.34422882e+08  1.12039250e-10  1.73507829e-08 
 2.39883292e+08  1.07810006e-10  1.75896528e-08 
 2.45470892e+08  1.03753676e-10  1.78364310e-08 
 2.51188643e+08  9.98625516e-11  1.80914024e-08 
 2.57039578e+08  9.61292710e-11  1.83548596e-08 
 2.63026799e+08  9.25468062e-11  1.86271025e-08 
 2.69153480e+08  8.91084497e-11  1.89084394e-08 
 2.75422870e+08  8.58078021e-11  1.91991869e-08 
 2.81838293e+08  8.26387597e-11  1.94996703e-08 
 2.88403150e+08  7.95955028e-11  1.98102246e-08 
 2.95120923e+08  7.66724844e-11  2.01311942e-08 
 3.01995172e+08  7.38644180e-11  2.04629341e-08 
 3.09029543e+08  7.11662679e-11  2.08058100e-08 
 3.16227766e+08  6.85732373e-11  2.11601992e-08 
 3.23593657e+08  6.60807591e-11  2.15264909e-08 
 3.31131121e+08  6.36844849e-11  2.19050872e-08 
 3.38844156e+08  6.13802758e-11  2.22964033e-08 
 3.46736850e+08  5.91641929e-11  2.27008687e-08 
 3.54813389e+08  5.70324879e-11  2.31189278e-08 
 3.63078055e+08  5.49815945e-11  2.35510404e-08 
 3.71535229e+08  5.30081196e-11  2.39976830e-08 
 3.80189396e+08  5.11088353e-11  2.44593493e-08 
 3.89045145e+08  4.92806706e-11  2.49365515e-08 
 3.98107171e+08  4.75207036e-11  2.54298206e-08 
 4.07380278e+08  4.58261543e-11  2.59397081e-08 
 4.16869383e+08  4.41943774e-11  2.64667865e-08 
 4.26579519e+08  4.26228552e-11  2.70116508e-08 
 4.36515832e+08  4.11091909e-11  2.75749192e-08 
 4.46683592e+08  3.96511024e-11  2.81572345e-08 
 4.57088190e+08  3.82464162e-11  2.87592652e-08 
 4.67735141e+08  3.68930611e-11  2.93817068e-08 
 4.78630092e+08  3.55890633e-11  3.00252829e-08 
 4.89778819e+08  3.43325402e-11  3.06907467e-08 
 5.01187234e+08  3.31216959e-11  3.13788824e-08 
 5.12861384e+08  3.19548160e-11  3.20905061e-08 
 5.24807460e+08  3.08302632e-11  3.28264680e-08 
 5.37031796e+08  2.97464727e-11  3.35876532e-08 
 5.49540874e+08  2.87019478e-11  3.43749832e-08 
 5.62341325e+08  2.76952567e-11  3.51894181e-08 
 5.75439937e+08  2.67250278e-11  3.60319574e-08 
 5.88843655e+08  2.57899471e-11  3.69036418e-08 
 6.02559586e+08  2.48887541e-11  3.78055551e-08 
 6.16595002e+08  2.40202393e-11  3.87388253e-08 
 6.30957344e+08  2.31832410e-11  3.97046269e-08 
 6.45654229e+08  2.23766424e-11  4.07041819e-08 
 6.60693448e+08  2.15993697e-11  4.17387620e-08 
 6.76082975e+08  2.08503890e-11  4.28096900e-08 
 6.91830971e+08  2.01287044e-11  4.39183416e-08 
 7.07945784e+08  1.94333562e-11  4.50661471e-08 
 7.24435960e+08  1.87634186e-11  4.62545931e-08 
 7.41310241e+08  1.81179982e-11  4.74852242e-08 
 7.58577575e+08  1.74962323e-11  4.87596447e-08 
 7.76247117e+08  1.68972875e-11  5.00795201e-08 
 7.94328235e+08  1.63203581e-11  5.14465794e-08 
 8.12830516e+08  1.57646652e-11  5.28626156e-08 
 8.31763771e+08  1.52294553e-11  5.43294885e-08 
 8.51138038e+08  1.47139992e-11  5.58491256e-08 
 8.70963590e+08  1.42175911e-11  5.74235237e-08 
 8.91250938e+08  1.37395477e-11  5.90547505e-08 
 9.12010839e+08  1.32792076e-11  6.07449463e-08 
 9.33254301e+08  1.28359301e-11  6.24963248e-08 
 9.54992586e+08  1.24090947e-11  6.43111751e-08 
 9.77237221e+08  1.19981007e-11  6.61918626e-08 
 1.00000000e+09  1.16023662e-11  6.81408306e-08 
