 v-sweep         id              od              cm             
 8.87500000e-01 -2.50000000e-02 -3.98896851e-01  9.04818220e-01 
 8.87812500e-01 -2.43750000e-02 -3.88950356e-01  9.04818300e-01 
 8.88125000e-01 -2.37500000e-02 -3.79000300e-01  9.04818378e-01 
 8.88437500e-01 -2.31250000e-02 -3.69047110e-01  9.04818454e-01 
 8.88750000e-01 -2.25000000e-02 -3.59091154e-01  9.04818527e-01 
 8.89062500e-01 -2.18750000e-02 -3.49132743e-01  9.04818598e-01 
 8.89375000e-01 -2.12500000e-02 -3.39172147e-01  9.04818666e-01 
 8.89687500e-01 -2.06250000e-02 -3.29209599e-01  9.04818733e-01 
 8.90000000e-01 -2.00000000e-02 -3.19245300e-01  9.04818797e-01 
 8.90312500e-01 -1.93750000e-02 -3.09279427e-01  9.04818859e-01 
 8.90625000e-01 -1.87500000e-02 -2.99312135e-01  9.04818919e-01 
 8.90937500e-01 -1.81250000e-02 -2.89343558e-01  9.04818976e-01 
 8.91250000e-01 -1.75000000e-02 -2.79373819e-01  9.04819032e-01 
 8.91562500e-01 -1.68750000e-02 -2.69403024e-01  9.04819085e-01 
 8.91875000e-01 -1.62500000e-02 -2.59431267e-01  9.04819136e-01 
 8.92187500e-01 -1.56250000e-02 -2.49458634e-01  9.04819186e-01 
 8.92500000e-01 -1.50000000e-02 -2.39485201e-01  9.04819233e-01 
 8.92812500e-01 -1.43750000e-02 -2.29511037e-01  9.04819278e-01 
 8.93125000e-01 -1.37500000e-02 -2.19536205e-01  9.04819321e-01 
 8.93437500e-01 -1.31250000e-02 -2.09560760e-01  9.04819362e-01 
 8.93750000e-01 -1.25000000e-02 -1.99584755e-01  9.04819402e-01 
 8.94062500e-01 -1.18750000e-02 -1.89608237e-01  9.04819439e-01 
 8.94375000e-01 -1.12500000e-02 -1.79631249e-01  9.04819474e-01 
 8.94687500e-01 -1.06250000e-02 -1.69653830e-01  9.04819507e-01 
 8.95000000e-01 -1.00000000e-02 -1.59676017e-01  9.04819539e-01 
 8.95312500e-01 -9.37500000e-03 -1.49697845e-01  9.04819568e-01 
 8.95625000e-01 -8.75000000e-03 -1.39719346e-01  9.04819595e-01 
 8.95937500e-01 -8.12500000e-03 -1.29740548e-01  9.04819621e-01 
 8.96250000e-01 -7.50000000e-03 -1.19761480e-01  9.04819645e-01 
 8.96562500e-01 -6.87500000e-03 -1.09782167e-01  9.04819666e-01 
 8.96875000e-01 -6.25000000e-03 -9.98026355e-02  9.04819686e-01 
 8.97187500e-01 -5.62500000e-03 -8.98229085e-02  9.04819704e-01 
 8.97500000e-01 -5.00000000e-03 -7.98430079e-02  9.04819720e-01 
 8.97812500e-01 -4.37500000e-03 -6.98629555e-02  9.04819734e-01 
 8.98125000e-01 -3.75000000e-03 -5.98827719e-02  9.04819746e-01 
 8.98437500e-01 -3.12500000e-03 -4.99024773e-02  9.04819757e-01 
 8.98750000e-01 -2.50000000e-03 -3.99220907e-02  9.04819765e-01 
 8.99062500e-01 -1.87500000e-03 -2.99416312e-02  9.04819772e-01 
 8.99375000e-01 -1.25000000e-03 -1.99611176e-02  9.04819776e-01 
 8.99687500e-01 -6.25000000e-04 -9.98056782e-03  9.04819779e-01 
 9.00000000e-01  3.99680289e-15  9.64964775e-11  9.04819780e-01 
 9.00312500e-01  6.25000000e-04  9.98056778e-03  9.04819779e-01 
 9.00625000e-01  1.25000000e-03  1.99611177e-02  9.04819776e-01 
 9.00937500e-01  1.87500000e-03  2.99416313e-02  9.04819772e-01 
 9.01250000e-01  2.50000000e-03  3.99220906e-02  9.04819765e-01 
 9.01562500e-01  3.12500000e-03  4.99024773e-02  9.04819757e-01 
 9.01875000e-01  3.75000000e-03  5.98827718e-02  9.04819746e-01 
 9.02187500e-01  4.37500000e-03  6.98629555e-02  9.04819734e-01 
 9.02500000e-01  5.00000000e-03  7.98430078e-02  9.04819720e-01 
 9.02812500e-01  5.62500000e-03  8.98229084e-02  9.04819704e-01 
 9.03125000e-01  6.25000000e-03  9.98026358e-02  9.04819686e-01 
 9.03437500e-01  6.87500000e-03  1.09782167e-01  9.04819666e-01 
 9.03750000e-01  7.50000000e-03  1.19761479e-01  9.04819645e-01 
 9.04062500e-01  8.12500000e-03  1.29740548e-01  9.04819621e-01 
 9.04375000e-01  8.75000000e-03  1.39719346e-01  9.04819595e-01 
 9.04687500e-01  9.37500000e-03  1.49697845e-01  9.04819568e-01 
 9.05000000e-01  1.00000000e-02  1.59676017e-01  9.04819539e-01 
 9.05312500e-01  1.06250000e-02  1.69653830e-01  9.04819507e-01 
 9.05625000e-01  1.12500000e-02  1.79631249e-01  9.04819474e-01 
 9.05937500e-01  1.18750000e-02  1.89608237e-01  9.04819439e-01 
 9.06250000e-01  1.25000000e-02  1.99584755e-01  9.04819402e-01 
 9.06562500e-01  1.31250000e-02  2.09560760e-01  9.04819362e-01 
 9.06875000e-01  1.37500000e-02  2.19536205e-01  9.04819321e-01 
 9.07187500e-01  1.43750000e-02  2.29511037e-01  9.04819278e-01 
 9.07500000e-01  1.50000000e-02  2.39485201e-01  9.04819233e-01 
 9.07812500e-01  1.56250000e-02  2.49458634e-01  9.04819186e-01 
 9.08125000e-01  1.62500000e-02  2.59431267e-01  9.04819136e-01 
 9.08437500e-01  1.68750000e-02  2.69403024e-01  9.04819085e-01 
 9.08750000e-01  1.75000000e-02  2.79373819e-01  9.04819032e-01 
 9.09062500e-01  1.81250000e-02  2.89343559e-01  9.04818976e-01 
 9.09375000e-01  1.87500000e-02  2.99312134e-01  9.04818919e-01 
 9.09687500e-01  1.93750000e-02  3.09279427e-01  9.04818859e-01 
 9.10000000e-01  2.00000000e-02  3.19245300e-01  9.04818797e-01 
 9.10312500e-01  2.06250000e-02  3.29209599e-01  9.04818733e-01 
 9.10625000e-01  2.12500000e-02  3.39172147e-01  9.04818666e-01 
 9.10937500e-01  2.18750000e-02  3.49132743e-01  9.04818598e-01 
 9.11250000e-01  2.25000000e-02  3.59091154e-01  9.04818527e-01 
 9.11562500e-01  2.31250000e-02  3.69047110e-01  9.04818454e-01 
 9.11875000e-01  2.37500000e-02  3.79000299e-01  9.04818378e-01 
 9.12187500e-01  2.43750000e-02  3.88950357e-01  9.04818300e-01 
 9.12500000e-01  2.50000000e-02  3.98896852e-01  9.04818220e-01 
