 frequency       av              ph             
 1.00000000e+00  1.20006266e+01 -8.98680911e-06 
 1.02920053e+00  1.20006266e+01 -9.24922867e-06 
 1.05925373e+00  1.20006266e+01 -9.51931103e-06 
 1.09018449e+00  1.20006266e+01 -9.79727993e-06 
 1.12201845e+00  1.20006266e+01 -1.00833657e-05 
 1.15478198e+00  1.20006266e+01 -1.03778053e-05 
 1.18850223e+00  1.20006266e+01 -1.06808426e-05 
 1.22320712e+00  1.20006266e+01 -1.09927289e-05 
 1.25892541e+00  1.20006266e+01 -1.13137224e-05 
 1.29568670e+00  1.20006266e+01 -1.16440890e-05 
 1.33352143e+00  1.20006266e+01 -1.19841026e-05 
 1.37246096e+00  1.20006266e+01 -1.23340447e-05 
 1.41253754e+00  1.20006266e+01 -1.26942053e-05 
 1.45378439e+00  1.20006266e+01 -1.30648828e-05 
 1.49623566e+00  1.20006266e+01 -1.34463842e-05 
 1.53992653e+00  1.20006266e+01 -1.38390257e-05 
 1.58489319e+00  1.20006266e+01 -1.42431326e-05 
 1.63117291e+00  1.20006266e+01 -1.46590396e-05 
 1.67880402e+00  1.20006266e+01 -1.50870912e-05 
 1.72782598e+00  1.20006266e+01 -1.55276423e-05 
 1.77827941e+00  1.20006266e+01 -1.59810576e-05 
 1.83020611e+00  1.20006266e+01 -1.64477129e-05 
 1.88364909e+00  1.20006266e+01 -1.69279948e-05 
 1.93865264e+00  1.20006266e+01 -1.74223012e-05 
 1.99526231e+00  1.20006266e+01 -1.79310415e-05 
 2.05352503e+00  1.20006266e+01 -1.84546374e-05 
 2.11348904e+00  1.20006266e+01 -1.89935226e-05 
 2.17520403e+00  1.20006266e+01 -1.95481434e-05 
 2.23872114e+00  1.20006266e+01 -2.01189595e-05 
 2.30409298e+00  1.20006266e+01 -2.07064437e-05 
 2.37137371e+00  1.20006266e+01 -2.13110828e-05 
 2.44061907e+00  1.20006266e+01 -2.19333777e-05 
 2.51188643e+00  1.20006266e+01 -2.25738439e-05 
 2.58523484e+00  1.20006266e+01 -2.32330120e-05 
 2.66072506e+00  1.20006266e+01 -2.39114282e-05 
 2.73841963e+00  1.20006266e+01 -2.46096545e-05 
 2.81838293e+00  1.20006266e+01 -2.53282694e-05 
 2.90068120e+00  1.20006266e+01 -2.60678682e-05 
 2.98538262e+00  1.20006266e+01 -2.68290637e-05 
 3.07255737e+00  1.20006266e+01 -2.76124865e-05 
 3.16227766e+00  1.20006266e+01 -2.84187857e-05 
 3.25461783e+00  1.20006266e+01 -2.92486292e-05 
 3.34965439e+00  1.20006266e+01 -3.01027046e-05 
 3.44746607e+00  1.20006266e+01 -3.09817194e-05 
 3.54813389e+00  1.20006266e+01 -3.18864020e-05 
 3.65174127e+00  1.20006266e+01 -3.28175017e-05 
 3.75837404e+00  1.20006266e+01 -3.37757901e-05 
 3.86812055e+00  1.20006266e+01 -3.47620610e-05 
 3.98107171e+00  1.20006266e+01 -3.57771315e-05 
 4.09732110e+00  1.20006266e+01 -3.68218426e-05 
 4.21696503e+00  1.20006266e+01 -3.78970598e-05 
 4.34010264e+00  1.20006266e+01 -3.90036739e-05 
 4.46683592e+00  1.20006266e+01 -4.01426017e-05 
 4.59726989e+00  1.20006266e+01 -4.13147869e-05 
 4.73151259e+00  1.20006266e+01 -4.25212004e-05 
 4.86967525e+00  1.20006266e+01 -4.37628419e-05 
 5.01187234e+00  1.20006266e+01 -4.50407400e-05 
 5.15822165e+00  1.20006266e+01 -4.63559533e-05 
 5.30884444e+00  1.20006266e+01 -4.77095716e-05 
 5.46386550e+00  1.20006266e+01 -4.91027162e-05 
 5.62341325e+00  1.20006266e+01 -5.05365414e-05 
 5.78761988e+00  1.20006266e+01 -5.20122351e-05 
 5.95662144e+00  1.20006266e+01 -5.35310198e-05 
 6.13055792e+00  1.20006266e+01 -5.50941538e-05 
 6.30957344e+00  1.20006266e+01 -5.67029321e-05 
 6.49381632e+00  1.20006266e+01 -5.83586876e-05 
 6.68343918e+00  1.20006266e+01 -6.00627921e-05 
 6.87859912e+00  1.20006266e+01 -6.18166573e-05 
 7.07945784e+00  1.20006266e+01 -6.36217362e-05 
 7.28618175e+00  1.20006266e+01 -6.54795245e-05 
 7.49894209e+00  1.20006266e+01 -6.73915611e-05 
 7.71791516e+00  1.20006266e+01 -6.93594302e-05 
 7.94328235e+00  1.20006266e+01 -7.13847621e-05 
 8.17523038e+00  1.20006266e+01 -7.34692348e-05 
 8.41395142e+00  1.20006266e+01 -7.56145752e-05 
 8.65964323e+00  1.20006266e+01 -7.78225607e-05 
 8.91250938e+00  1.20006266e+01 -8.00950205e-05 
 9.17275935e+00  1.20006266e+01 -8.24338373e-05 
 9.44060876e+00  1.20006266e+01 -8.48409488e-05 
 9.71627952e+00  1.20006266e+01 -8.73183493e-05 
 1.00000000e+01  1.20006266e+01 -8.98680911e-05 
 1.02920053e+01  1.20006266e+01 -9.24922867e-05 
 1.05925373e+01  1.20006266e+01 -9.51931103e-05 
 1.09018449e+01  1.20006266e+01 -9.79727993e-05 
 1.12201845e+01  1.20006266e+01 -1.00833657e-04 
 1.15478198e+01  1.20006266e+01 -1.03778053e-04 
 1.18850223e+01  1.20006266e+01 -1.06808426e-04 
 1.22320712e+01  1.20006266e+01 -1.09927289e-04 
 1.25892541e+01  1.20006266e+01 -1.13137224e-04 
 1.29568670e+01  1.20006266e+01 -1.16440890e-04 
 1.33352143e+01  1.20006266e+01 -1.19841026e-04 
 1.37246096e+01  1.20006266e+01 -1.23340447e-04 
 1.41253754e+01  1.20006266e+01 -1.26942053e-04 
 1.45378439e+01  1.20006266e+01 -1.30648828e-04 
 1.49623566e+01  1.20006266e+01 -1.34463842e-04 
 1.53992653e+01  1.20006266e+01 -1.38390257e-04 
 1.58489319e+01  1.20006266e+01 -1.42431326e-04 
 1.63117291e+01  1.20006266e+01 -1.46590396e-04 
 1.67880402e+01  1.20006266e+01 -1.50870912e-04 
 1.72782598e+01  1.20006266e+01 -1.55276423e-04 
 1.77827941e+01  1.20006266e+01 -1.59810576e-04 
 1.83020611e+01  1.20006266e+01 -1.64477129e-04 
 1.88364909e+01  1.20006266e+01 -1.69279948e-04 
 1.93865264e+01  1.20006266e+01 -1.74223012e-04 
 1.99526231e+01  1.20006266e+01 -1.79310415e-04 
 2.05352503e+01  1.20006266e+01 -1.84546374e-04 
 2.11348904e+01  1.20006266e+01 -1.89935226e-04 
 2.17520403e+01  1.20006266e+01 -1.95481434e-04 
 2.23872114e+01  1.20006266e+01 -2.01189595e-04 
 2.30409298e+01  1.20006266e+01 -2.07064437e-04 
 2.37137371e+01  1.20006266e+01 -2.13110828e-04 
 2.44061907e+01  1.20006266e+01 -2.19333777e-04 
 2.51188643e+01  1.20006266e+01 -2.25738439e-04 
 2.58523484e+01  1.20006266e+01 -2.32330120e-04 
 2.66072506e+01  1.20006266e+01 -2.39114282e-04 
 2.73841963e+01  1.20006266e+01 -2.46096545e-04 
 2.81838293e+01  1.20006266e+01 -2.53282694e-04 
 2.90068120e+01  1.20006266e+01 -2.60678682e-04 
 2.98538262e+01  1.20006266e+01 -2.68290637e-04 
 3.07255737e+01  1.20006266e+01 -2.76124865e-04 
 3.16227766e+01  1.20006266e+01 -2.84187857e-04 
 3.25461783e+01  1.20006266e+01 -2.92486292e-04 
 3.34965439e+01  1.20006266e+01 -3.01027046e-04 
 3.44746607e+01  1.20006266e+01 -3.09817194e-04 
 3.54813389e+01  1.20006266e+01 -3.18864020e-04 
 3.65174127e+01  1.20006266e+01 -3.28175017e-04 
 3.75837404e+01  1.20006266e+01 -3.37757901e-04 
 3.86812055e+01  1.20006266e+01 -3.47620610e-04 
 3.98107171e+01  1.20006266e+01 -3.57771315e-04 
 4.09732110e+01  1.20006266e+01 -3.68218426e-04 
 4.21696503e+01  1.20006266e+01 -3.78970598e-04 
 4.34010264e+01  1.20006266e+01 -3.90036739e-04 
 4.46683592e+01  1.20006266e+01 -4.01426017e-04 
 4.59726989e+01  1.20006266e+01 -4.13147869e-04 
 4.73151259e+01  1.20006266e+01 -4.25212004e-04 
 4.86967525e+01  1.20006266e+01 -4.37628419e-04 
 5.01187234e+01  1.20006266e+01 -4.50407400e-04 
 5.15822165e+01  1.20006266e+01 -4.63559533e-04 
 5.30884444e+01  1.20006266e+01 -4.77095716e-04 
 5.46386550e+01  1.20006266e+01 -4.91027162e-04 
 5.62341325e+01  1.20006266e+01 -5.05365414e-04 
 5.78761988e+01  1.20006266e+01 -5.20122351e-04 
 5.95662144e+01  1.20006266e+01 -5.35310198e-04 
 6.13055792e+01  1.20006266e+01 -5.50941538e-04 
 6.30957344e+01  1.20006266e+01 -5.67029321e-04 
 6.49381632e+01  1.20006266e+01 -5.83586876e-04 
 6.68343918e+01  1.20006266e+01 -6.00627920e-04 
 6.87859912e+01  1.20006266e+01 -6.18166572e-04 
 7.07945784e+01  1.20006266e+01 -6.36217362e-04 
 7.28618175e+01  1.20006266e+01 -6.54795244e-04 
 7.49894209e+01  1.20006266e+01 -6.73915611e-04 
 7.71791516e+01  1.20006266e+01 -6.93594302e-04 
 7.94328235e+01  1.20006266e+01 -7.13847621e-04 
 8.17523038e+01  1.20006266e+01 -7.34692348e-04 
 8.41395142e+01  1.20006266e+01 -7.56145752e-04 
 8.65964323e+01  1.20006266e+01 -7.78225606e-04 
 8.91250938e+01  1.20006266e+01 -8.00950204e-04 
 9.17275935e+01  1.20006266e+01 -8.24338373e-04 
 9.44060876e+01  1.20006266e+01 -8.48409488e-04 
 9.71627952e+01  1.20006266e+01 -8.73183492e-04 
 1.00000000e+02  1.20006266e+01 -8.98680910e-04 
 1.02920053e+02  1.20006266e+01 -9.24922866e-04 
 1.05925373e+02  1.20006266e+01 -9.51931102e-04 
 1.09018449e+02  1.20006266e+01 -9.79727992e-04 
 1.12201845e+02  1.20006266e+01 -1.00833657e-03 
 1.15478198e+02  1.20006266e+01 -1.03778052e-03 
 1.18850223e+02  1.20006266e+01 -1.06808426e-03 
 1.22320712e+02  1.20006266e+01 -1.09927289e-03 
 1.25892541e+02  1.20006266e+01 -1.13137223e-03 
 1.29568670e+02  1.20006266e+01 -1.16440890e-03 
 1.33352143e+02  1.20006266e+01 -1.19841025e-03 
 1.37246096e+02  1.20006266e+01 -1.23340446e-03 
 1.41253754e+02  1.20006266e+01 -1.26942053e-03 
 1.45378439e+02  1.20006266e+01 -1.30648827e-03 
 1.49623566e+02  1.20006266e+01 -1.34463842e-03 
 1.53992653e+02  1.20006266e+01 -1.38390257e-03 
 1.58489319e+02  1.20006266e+01 -1.42431325e-03 
 1.63117291e+02  1.20006266e+01 -1.46590395e-03 
 1.67880402e+02  1.20006266e+01 -1.50870912e-03 
 1.72782598e+02  1.20006266e+01 -1.55276422e-03 
 1.77827941e+02  1.20006266e+01 -1.59810576e-03 
 1.83020611e+02  1.20006266e+01 -1.64477129e-03 
 1.88364909e+02  1.20006266e+01 -1.69279947e-03 
 1.93865264e+02  1.20006266e+01 -1.74223011e-03 
 1.99526231e+02  1.20006266e+01 -1.79310415e-03 
 2.05352503e+02  1.20006266e+01 -1.84546373e-03 
 2.11348904e+02  1.20006266e+01 -1.89935225e-03 
 2.17520403e+02  1.20006266e+01 -1.95481434e-03 
 2.23872114e+02  1.20006266e+01 -2.01189594e-03 
 2.30409298e+02  1.20006266e+01 -2.07064437e-03 
 2.37137371e+02  1.20006266e+01 -2.13110827e-03 
 2.44061907e+02  1.20006266e+01 -2.19333776e-03 
 2.51188643e+02  1.20006266e+01 -2.25738437e-03 
 2.58523484e+02  1.20006266e+01 -2.32330119e-03 
 2.66072506e+02  1.20006266e+01 -2.39114281e-03 
 2.73841963e+02  1.20006266e+01 -2.46096544e-03 
 2.81838293e+02  1.20006266e+01 -2.53282692e-03 
 2.90068120e+02  1.20006266e+01 -2.60678680e-03 
 2.98538262e+02  1.20006266e+01 -2.68290635e-03 
 3.07255737e+02  1.20006266e+01 -2.76124863e-03 
 3.16227766e+02  1.20006266e+01 -2.84187855e-03 
 3.25461783e+02  1.20006266e+01 -2.92486290e-03 
 3.34965439e+02  1.20006266e+01 -3.01027043e-03 
 3.44746607e+02  1.20006266e+01 -3.09817191e-03 
 3.54813389e+02  1.20006266e+01 -3.18864017e-03 
 3.65174127e+02  1.20006266e+01 -3.28175014e-03 
 3.75837404e+02  1.20006266e+01 -3.37757897e-03 
 3.86812055e+02  1.20006266e+01 -3.47620605e-03 
 3.98107171e+02  1.20006266e+01 -3.57771310e-03 
 4.09732110e+02  1.20006266e+01 -3.68218421e-03 
 4.21696503e+02  1.20006266e+01 -3.78970592e-03 
 4.34010264e+02  1.20006266e+01 -3.90036733e-03 
 4.46683592e+02  1.20006266e+01 -4.01426011e-03 
 4.59726989e+02  1.20006266e+01 -4.13147862e-03 
 4.73151259e+02  1.20006266e+01 -4.25211997e-03 
 4.86967525e+02  1.20006266e+01 -4.37628411e-03 
 5.01187234e+02  1.20006266e+01 -4.50407391e-03 
 5.15822165e+02  1.20006265e+01 -4.63559523e-03 
 5.30884444e+02  1.20006265e+01 -4.77095705e-03 
 5.46386550e+02  1.20006265e+01 -4.91027151e-03 
 5.62341325e+02  1.20006265e+01 -5.05365401e-03 
 5.78761988e+02  1.20006265e+01 -5.20122337e-03 
 5.95662144e+02  1.20006265e+01 -5.35310182e-03 
 6.13055792e+02  1.20006265e+01 -5.50941521e-03 
 6.30957344e+02  1.20006265e+01 -5.67029303e-03 
 6.49381632e+02  1.20006265e+01 -5.83586856e-03 
 6.68343918e+02  1.20006265e+01 -6.00627899e-03 
 6.87859912e+02  1.20006265e+01 -6.18166549e-03 
 7.07945784e+02  1.20006265e+01 -6.36217337e-03 
 7.28618175e+02  1.20006265e+01 -6.54795217e-03 
 7.49894209e+02  1.20006264e+01 -6.73915581e-03 
 7.71791516e+02  1.20006264e+01 -6.93594269e-03 
 7.94328235e+02  1.20006264e+01 -7.13847585e-03 
 8.17523038e+02  1.20006264e+01 -7.34692309e-03 
 8.41395142e+02  1.20006264e+01 -7.56145709e-03 
 8.65964323e+02  1.20006264e+01 -7.78225560e-03 
 8.91250938e+02  1.20006264e+01 -8.00950154e-03 
 9.17275935e+02  1.20006263e+01 -8.24338317e-03 
 9.44060876e+02  1.20006263e+01 -8.48409427e-03 
 9.71627952e+02  1.20006263e+01 -8.73183426e-03 
 1.00000000e+03  1.20006263e+01 -8.98680838e-03 
 1.02920053e+03  1.20006263e+01 -9.24922788e-03 
 1.05925373e+03  1.20006262e+01 -9.51931016e-03 
 1.09018449e+03  1.20006262e+01 -9.79727899e-03 
 1.12201845e+03  1.20006262e+01 -1.00833646e-02 
 1.15478198e+03  1.20006262e+01 -1.03778041e-02 
 1.18850223e+03  1.20006261e+01 -1.06808414e-02 
 1.22320712e+03  1.20006261e+01 -1.09927276e-02 
 1.25892541e+03  1.20006261e+01 -1.13137209e-02 
 1.29568670e+03  1.20006260e+01 -1.16440874e-02 
 1.33352143e+03  1.20006260e+01 -1.19841008e-02 
 1.37246096e+03  1.20006260e+01 -1.23340428e-02 
 1.41253754e+03  1.20006259e+01 -1.26942032e-02 
 1.45378439e+03  1.20006259e+01 -1.30648805e-02 
 1.49623566e+03  1.20006258e+01 -1.34463818e-02 
 1.53992653e+03  1.20006258e+01 -1.38390231e-02 
 1.58489319e+03  1.20006257e+01 -1.42431297e-02 
 1.63117291e+03  1.20006257e+01 -1.46590364e-02 
 1.67880402e+03  1.20006256e+01 -1.50870878e-02 
 1.72782598e+03  1.20006256e+01 -1.55276385e-02 
 1.77827941e+03  1.20006255e+01 -1.59810535e-02 
 1.83020611e+03  1.20006254e+01 -1.64477085e-02 
 1.88364909e+03  1.20006254e+01 -1.69279900e-02 
 1.93865264e+03  1.20006253e+01 -1.74222959e-02 
 1.99526231e+03  1.20006252e+01 -1.79310358e-02 
 2.05352503e+03  1.20006251e+01 -1.84546311e-02 
 2.11348904e+03  1.20006250e+01 -1.89935157e-02 
 2.17520403e+03  1.20006249e+01 -1.95481360e-02 
 2.23872114e+03  1.20006248e+01 -2.01189514e-02 
 2.30409298e+03  1.20006247e+01 -2.07064349e-02 
 2.37137371e+03  1.20006246e+01 -2.13110732e-02 
 2.44061907e+03  1.20006245e+01 -2.19333671e-02 
 2.51188643e+03  1.20006244e+01 -2.25738324e-02 
 2.58523484e+03  1.20006242e+01 -2.32329995e-02 
 2.66072506e+03  1.20006241e+01 -2.39114145e-02 
 2.73841963e+03  1.20006240e+01 -2.46096396e-02 
 2.81838293e+03  1.20006238e+01 -2.53282532e-02 
 2.90068120e+03  1.20006236e+01 -2.60678505e-02 
 2.98538262e+03  1.20006234e+01 -2.68290444e-02 
 3.07255737e+03  1.20006233e+01 -2.76124655e-02 
 3.16227766e+03  1.20006231e+01 -2.84187628e-02 
 3.25461783e+03  1.20006228e+01 -2.92486042e-02 
 3.34965439e+03  1.20006226e+01 -3.01026774e-02 
 3.44746607e+03  1.20006224e+01 -3.09816897e-02 
 3.54813389e+03  1.20006221e+01 -3.18863696e-02 
 3.65174127e+03  1.20006219e+01 -3.28174664e-02 
 3.75837404e+03  1.20006216e+01 -3.37757516e-02 
 3.86812055e+03  1.20006213e+01 -3.47620190e-02 
 3.98107171e+03  1.20006210e+01 -3.57770857e-02 
 4.09732110e+03  1.20006206e+01 -3.68217927e-02 
 4.21696503e+03  1.20006203e+01 -3.78970054e-02 
 4.34010264e+03  1.20006199e+01 -3.90036146e-02 
 4.46683592e+03  1.20006195e+01 -4.01425371e-02 
 4.59726989e+03  1.20006191e+01 -4.13147164e-02 
 4.73151259e+03  1.20006186e+01 -4.25211237e-02 
 4.86967525e+03  1.20006181e+01 -4.37627582e-02 
 5.01187234e+03  1.20006176e+01 -4.50406487e-02 
 5.15822165e+03  1.20006171e+01 -4.63558538e-02 
 5.30884444e+03  1.20006165e+01 -4.77094631e-02 
 5.46386550e+03  1.20006159e+01 -4.91025980e-02 
 5.62341325e+03  1.20006153e+01 -5.05364125e-02 
 5.78761988e+03  1.20006146e+01 -5.20120946e-02 
 5.95662144e+03  1.20006139e+01 -5.35308666e-02 
 6.13055792e+03  1.20006131e+01 -5.50939868e-02 
 6.30957344e+03  1.20006123e+01 -5.67027500e-02 
 6.49381632e+03  1.20006115e+01 -5.83584891e-02 
 6.68343918e+03  1.20006106e+01 -6.00625757e-02 
 6.87859912e+03  1.20006096e+01 -6.18164213e-02 
 7.07945784e+03  1.20006086e+01 -6.36214790e-02 
 7.28618175e+03  1.20006076e+01 -6.54792441e-02 
 7.49894209e+03  1.20006064e+01 -6.73912554e-02 
 7.71791516e+03  1.20006052e+01 -6.93590970e-02 
 7.94328235e+03  1.20006040e+01 -7.13843988e-02 
 8.17523038e+03  1.20006026e+01 -7.34688388e-02 
 8.41395142e+03  1.20006012e+01 -7.56141434e-02 
 8.65964323e+03  1.20005997e+01 -7.78220900e-02 
 8.91250938e+03  1.20005981e+01 -8.00945073e-02 
 9.17275935e+03  1.20005964e+01 -8.24332779e-02 
 9.44060876e+03  1.20005946e+01 -8.48403389e-02 
 9.71627952e+03  1.20005927e+01 -8.73176843e-02 
 1.00000000e+04  1.20005907e+01 -8.98673662e-02 
 1.02920053e+04  1.20005886e+01 -9.24914965e-02 
 1.05925373e+04  1.20005863e+01 -9.51922487e-02 
 1.09018449e+04  1.20005839e+01 -9.79718601e-02 
 1.12201845e+04  1.20005814e+01 -1.00832633e-01 
 1.15478198e+04  1.20005787e+01 -1.03776936e-01 
 1.18850223e+04  1.20005759e+01 -1.06807210e-01 
 1.22320712e+04  1.20005729e+01 -1.09925962e-01 
 1.25892541e+04  1.20005697e+01 -1.13135777e-01 
 1.29568670e+04  1.20005663e+01 -1.16439313e-01 
 1.33352143e+04  1.20005628e+01 -1.19839307e-01 
 1.37246096e+04  1.20005590e+01 -1.23338573e-01 
 1.41253754e+04  1.20005550e+01 -1.26940010e-01 
 1.45378439e+04  1.20005507e+01 -1.30646600e-01 
 1.49623566e+04  1.20005462e+01 -1.34461414e-01 
 1.53992653e+04  1.20005415e+01 -1.38387610e-01 
 1.58489319e+04  1.20005364e+01 -1.42428440e-01 
 1.63117291e+04  1.20005311e+01 -1.46587250e-01 
 1.67880402e+04  1.20005254e+01 -1.50867483e-01 
 1.72782598e+04  1.20005194e+01 -1.55272684e-01 
 1.77827941e+04  1.20005130e+01 -1.59806500e-01 
 1.83020611e+04  1.20005063e+01 -1.64472685e-01 
 1.88364909e+04  1.20004992e+01 -1.69275103e-01 
 1.93865264e+04  1.20004916e+01 -1.74217730e-01 
 1.99526231e+04  1.20004836e+01 -1.79304658e-01 
 2.05352503e+04  1.20004751e+01 -1.84540097e-01 
 2.11348904e+04  1.20004662e+01 -1.89928382e-01 
 2.17520403e+04  1.20004567e+01 -1.95473974e-01 
 2.23872114e+04  1.20004466e+01 -2.01181462e-01 
 2.30409298e+04  1.20004359e+01 -2.07055571e-01 
 2.37137371e+04  1.20004246e+01 -2.13101162e-01 
 2.44061907e+04  1.20004127e+01 -2.19323239e-01 
 2.51188643e+04  1.20004000e+01 -2.25726951e-01 
 2.58523484e+04  1.20003865e+01 -2.32317596e-01 
 2.66072506e+04  1.20003723e+01 -2.39100629e-01 
 2.73841963e+04  1.20003573e+01 -2.46081661e-01 
 2.81838293e+04  1.20003413e+01 -2.53266467e-01 
 2.90068120e+04  1.20003244e+01 -2.60660992e-01 
 2.98538262e+04  1.20003065e+01 -2.68271352e-01 
 3.07255737e+04  1.20002875e+01 -2.76103841e-01 
 3.16227766e+04  1.20002674e+01 -2.84164936e-01 
 3.25461783e+04  1.20002461e+01 -2.92461305e-01 
 3.34965439e+04  1.20002236e+01 -3.00999805e-01 
 3.44746607e+04  1.20001997e+01 -3.09787497e-01 
 3.54813389e+04  1.20001744e+01 -3.18831644e-01 
 3.65174127e+04  1.20001476e+01 -3.28139722e-01 
 3.75837404e+04  1.20001192e+01 -3.37719423e-01 
 3.86812055e+04  1.20000892e+01 -3.47578662e-01 
 3.98107171e+04  1.20000573e+01 -3.57725585e-01 
 4.09732110e+04  1.20000236e+01 -3.68168572e-01 
 4.21696503e+04  1.19999879e+01 -3.78916249e-01 
 4.34010264e+04  1.19999500e+01 -3.89977489e-01 
 4.46683592e+04  1.19999099e+01 -4.01361425e-01 
 4.59726989e+04  1.19998675e+01 -4.13077452e-01 
 4.73151259e+04  1.19998225e+01 -4.25135238e-01 
 4.86967525e+04  1.19997749e+01 -4.37544730e-01 
 5.01187234e+04  1.19997244e+01 -4.50316165e-01 
 5.15822165e+04  1.19996710e+01 -4.63460071e-01 
 5.30884444e+04  1.19996144e+01 -4.76987286e-01 
 5.46386550e+04  1.19995544e+01 -4.90908956e-01 
 5.62341325e+04  1.19994909e+01 -5.05236550e-01 
 5.78761988e+04  1.19994236e+01 -5.19981867e-01 
 5.95662144e+04  1.19993523e+01 -5.35157047e-01 
 6.13055792e+04  1.19992769e+01 -5.50774579e-01 
 6.30957344e+04  1.19991969e+01 -5.66847309e-01 
 6.49381632e+04  1.19991122e+01 -5.83388454e-01 
 6.68343918e+04  1.19990225e+01 -6.00411609e-01 
 6.87859912e+04  1.19989275e+01 -6.17930759e-01 
 7.07945784e+04  1.19988269e+01 -6.35960290e-01 
 7.28618175e+04  1.19987203e+01 -6.54514996e-01 
 7.49894209e+04  1.19986074e+01 -6.73610098e-01 
 7.71791516e+04  1.19984878e+01 -6.93261247e-01 
 7.94328235e+04  1.19983612e+01 -7.13484543e-01 
 8.17523038e+04  1.19982270e+01 -7.34296540e-01 
 8.41395142e+04  1.19980849e+01 -7.55714265e-01 
 8.65964323e+04  1.19979344e+01 -7.77755225e-01 
 8.91250938e+04  1.19977750e+01 -8.00437424e-01 
 9.17275935e+04  1.19976062e+01 -8.23779373e-01 
 9.44060876e+04  1.19974274e+01 -8.47800105e-01 
 9.71627952e+04  1.19972380e+01 -8.72519186e-01 
 1.00000000e+05  1.19970374e+01 -8.97956734e-01 
 1.02920053e+05  1.19968249e+01 -9.24133426e-01 
 1.05925373e+05  1.19965999e+01 -9.51070519e-01 
 1.09018449e+05  1.19963616e+01 -9.78789859e-01 
 1.12201845e+05  1.19961091e+01 -1.00731390e+00 
 1.15478198e+05  1.19958418e+01 -1.03666571e+00 
 1.18850223e+05  1.19955587e+01 -1.06686900e+00 
 1.22320712e+05  1.19952588e+01 -1.09794814e+00 
 1.25892541e+05  1.19949412e+01 -1.12992814e+00 
 1.29568670e+05  1.19946048e+01 -1.16283471e+00 
 1.33352143e+05  1.19942486e+01 -1.19669426e+00 
 1.37246096e+05  1.19938714e+01 -1.23153391e+00 
 1.41253754e+05  1.19934719e+01 -1.26738150e+00 
 1.45378439e+05  1.19930488e+01 -1.30426561e+00 
 1.49623566e+05  1.19926007e+01 -1.34221561e+00 
 1.53992653e+05  1.19921262e+01 -1.38126160e+00 
 1.58489319e+05  1.19916237e+01 -1.42143450e+00 
 1.63117291e+05  1.19910916e+01 -1.46276603e+00 
 1.67880402e+05  1.19905281e+01 -1.50528874e+00 
 1.72782598e+05  1.19899314e+01 -1.54903598e+00 
 1.77827941e+05  1.19892996e+01 -1.59404198e+00 
 1.83020611e+05  1.19886306e+01 -1.64034183e+00 
 1.88364909e+05  1.19879221e+01 -1.68797148e+00 
 1.93865264e+05  1.19871720e+01 -1.73696778e+00 
 1.99526231e+05  1.19863778e+01 -1.78736848e+00 
 2.05352503e+05  1.19855368e+01 -1.83921223e+00 
 2.11348904e+05  1.19846465e+01 -1.89253861e+00 
 2.17520403e+05  1.19837038e+01 -1.94738812e+00 
 2.23872114e+05  1.19827058e+01 -2.00380221e+00 
 2.30409298e+05  1.19816492e+01 -2.06182324e+00 
 2.37137371e+05  1.19805307e+01 -2.12149455e+00 
 2.44061907e+05  1.19793467e+01 -2.18286042e+00 
 2.51188643e+05  1.19780932e+01 -2.24596605e+00 
 2.58523484e+05  1.19767664e+01 -2.31085762e+00 
 2.66072506e+05  1.19753621e+01 -2.37758222e+00 
 2.73841963e+05  1.19738756e+01 -2.44618790e+00 
 2.81838293e+05  1.19723023e+01 -2.51672362e+00 
 2.90068120e+05  1.19706373e+01 -2.58923922e+00 
 2.98538262e+05  1.19688752e+01 -2.66378547e+00 
 3.07255737e+05  1.19670105e+01 -2.74041398e+00 
 3.16227766e+05  1.19650373e+01 -2.81917720e+00 
 3.25461783e+05  1.19629494e+01 -2.90012839e+00 
 3.34965439e+05  1.19607404e+01 -2.98332158e+00 
 3.44746607e+05  1.19584033e+01 -3.06881152e+00 
 3.54813389e+05  1.19559308e+01 -3.15665362e+00 
 3.65174127e+05  1.19533155e+01 -3.24690393e+00 
 3.75837404e+05  1.19505491e+01 -3.33961904e+00 
 3.86812055e+05  1.19476233e+01 -3.43485599e+00 
 3.98107171e+05  1.19445290e+01 -3.53267226e+00 
 4.09732110e+05  1.19412570e+01 -3.63312559e+00 
 4.21696503e+05  1.19377974e+01 -3.73627393e+00 
 4.34010264e+05  1.19341397e+01 -3.84217531e+00 
 4.46683592e+05  1.19302731e+01 -3.95088772e+00 
 4.59726989e+05  1.19261861e+01 -4.06246896e+00 
 4.73151259e+05  1.19218667e+01 -4.17697650e+00 
 4.86967525e+05  1.19173023e+01 -4.29446728e+00 
 5.01187234e+05  1.19124796e+01 -4.41499756e+00 
 5.15822165e+05  1.19073847e+01 -4.53862271e+00 
 5.30884444e+05  1.19020032e+01 -4.66539698e+00 
 5.46386550e+05  1.18963197e+01 -4.79537326e+00 
 5.62341325e+05  1.18903185e+01 -4.92860285e+00 
 5.78761988e+05  1.18839828e+01 -5.06513514e+00 
 5.95662144e+05  1.18772954e+01 -5.20501734e+00 
 6.13055792e+05  1.18702380e+01 -5.34829413e+00 
 6.30957344e+05  1.18627919e+01 -5.49500737e+00 
 6.49381632e+05  1.18549374e+01 -5.64519564e+00 
 6.68343918e+05  1.18466539e+01 -5.79889392e+00 
 6.87859912e+05  1.18379203e+01 -5.95613314e+00 
 7.07945784e+05  1.18287145e+01 -6.11693972e+00 
 7.28618175e+05  1.18190137e+01 -6.28133511e+00 
 7.49894209e+05  1.18087942e+01 -6.44933531e+00 
 7.71791516e+05  1.17980315e+01 -6.62095029e+00 
 7.94328235e+05  1.17867004e+01 -6.79618350e+00 
 8.17523038e+05  1.17747750e+01 -6.97503126e+00 
 8.41395142e+05  1.17622284e+01 -7.15748217e+00 
 8.65964323e+05  1.17490334e+01 -7.34351648e+00 
 8.91250938e+05  1.17351618e+01 -7.53310547e+00 
 9.17275935e+05  1.17205850e+01 -7.72621080e+00 
 9.44060876e+05  1.17052736e+01 -7.92278383e+00 
 9.71627952e+05  1.16891981e+01 -8.12276495e+00 
 1.00000000e+06  1.16723282e+01 -8.32608289e+00 
 1.02920053e+06  1.16546336e+01 -8.53265408e+00 
 1.05925373e+06  1.16360836e+01 -8.74238194e+00 
 1.09018449e+06  1.16166474e+01 -8.95515628e+00 
 1.12201845e+06  1.15962945e+01 -9.17085263e+00 
 1.15478198e+06  1.15749944e+01 -9.38933165e+00 
 1.18850223e+06  1.15527167e+01 -9.61043861e+00 
 1.22320712e+06  1.15294320e+01 -9.83400287e+00 
 1.25892541e+06  1.15051111e+01 -1.00598374e+01 
 1.29568670e+06  1.14797261e+01 -1.02877387e+01 
 1.33352143e+06  1.14532500e+01 -1.05174859e+01 
 1.37246096e+06  1.14256571e+01 -1.07488413e+01 
 1.41253754e+06  1.13969234e+01 -1.09815501e+01 
 1.45378439e+06  1.13670266e+01 -1.12153402e+01 
 1.49623566e+06  1.13359465e+01 -1.14499226e+01 
 1.53992653e+06  1.13036652e+01 -1.16849921e+01 
 1.58489319e+06  1.12701675e+01 -1.19202272e+01 
 1.63117291e+06  1.12354410e+01 -1.21552915e+01 
 1.67880402e+06  1.11994766e+01 -1.23898341e+01 
 1.72782598e+06  1.11622684e+01 -1.26234911e+01 
 1.77827941e+06  1.11238144e+01 -1.28558865e+01 
 1.83020611e+06  1.10841165e+01 -1.30866343e+01 
 1.88364909e+06  1.10431808e+01 -1.33153395e+01 
 1.93865264e+06  1.10010177e+01 -1.35416007e+01 
 1.99526231e+06  1.09576425e+01 -1.37650121e+01 
 2.05352503e+06  1.09130751e+01 -1.39851655e+01 
 2.11348904e+06  1.08673406e+01 -1.42016531e+01 
 2.17520403e+06  1.08204689e+01 -1.44140703e+01 
 2.23872114e+06  1.07724955e+01 -1.46220181e+01 
 2.30409298e+06  1.07234606e+01 -1.48251065e+01 
 2.37137371e+06  1.06734102e+01 -1.50229573e+01 
 2.44061907e+06  1.06223950e+01 -1.52152071e+01 
 2.51188643e+06  1.05704711e+01 -1.54015106e+01 
 2.58523484e+06  1.05176996e+01 -1.55815437e+01 
 2.66072506e+06  1.04641460e+01 -1.57550065e+01 
 2.73841963e+06  1.04098807e+01 -1.59216261e+01 
 2.81838293e+06  1.03549783e+01 -1.60811597e+01 
 2.90068120e+06  1.02995172e+01 -1.62333971e+01 
 2.98538262e+06  1.02435793e+01 -1.63781632e+01 
 3.07255737e+06  1.01872498e+01 -1.65153204e+01 
 3.16227766e+06  1.01306164e+01 -1.66447700e+01 
 3.25461783e+06  1.00737692e+01 -1.67664543e+01 
 3.34965439e+06  1.00167999e+01 -1.68803580e+01 
 3.44746607e+06  9.95980122e+00 -1.69865086e+01 
 3.54813389e+06  9.90286678e+00 -1.70849775e+01 
 3.65174127e+06  9.84609012e+00 -1.71758799e+01 
 3.75837404e+06  9.78956443e+00 -1.72593748e+01 
 3.86812055e+06  9.73338188e+00 -1.73356645e+01 
 3.98107171e+06  9.67763318e+00 -1.74049935e+01 
 4.09732110e+06  9.62240708e+00 -1.74676475e+01 
 4.21696503e+06  9.56778988e+00 -1.75239518e+01 
 4.34010264e+06  9.51386501e+00 -1.75742693e+01 
 4.46683592e+06  9.46071265e+00 -1.76189985e+01 
 4.59726989e+06  9.40840937e+00 -1.76585713e+01 
 4.73151259e+06  9.35702785e+00 -1.76934502e+01 
 4.86967525e+06  9.30663659e+00 -1.77241259e+01 
 5.01187234e+06  9.25729971e+00 -1.77511143e+01 
 5.15822165e+06  9.20907683e+00 -1.77749537e+01 
 5.30884444e+06  9.16202293e+00 -1.77962019e+01 
 5.46386550e+06  9.11618832e+00 -1.78154334e+01 
 5.62341325e+06  9.07161863e+00 -1.78332367e+01 
 5.78761988e+06  9.02835484e+00 -1.78502109e+01 
 5.95662144e+06  8.98643339e+00 -1.78669641e+01 
 6.13055792e+06  8.94588630e+00 -1.78841099e+01 
 6.30957344e+06  8.90674132e+00 -1.79022656e+01 
 6.49381632e+06  8.86902216e+00 -1.79220501e+01 
 6.68343918e+06  8.83274869e+00 -1.79440815e+01 
 6.87859912e+06  8.79793723e+00 -1.79689761e+01 
 7.07945784e+06  8.76460079e+00 -1.79973462e+01 
 7.28618175e+06  8.73274942e+00 -1.80297991e+01 
 7.49894209e+06  8.70239045e+00 -1.80669362e+01 
 7.71791516e+06  8.67352888e+00 -1.81093521e+01 
 7.94328235e+06  8.64616767e+00 -1.81576339e+01 
 8.17523038e+06  8.62030809e+00 -1.82123611e+01 
 8.41395142e+06  8.59595005e+00 -1.82741055e+01 
 8.65964323e+06  8.57309243e+00 -1.83434311e+01 
 8.91250938e+06  8.55173342e+00 -1.84208945e+01 
 9.17275935e+06  8.53187086e+00 -1.85070456e+01 
 9.44060876e+06  8.51350252e+00 -1.86024281e+01 
 9.71627952e+06  8.49662643e+00 -1.87075806e+01 
 1.00000000e+07  8.48124123e+00 -1.88230373e+01 
 1.02920053e+07  8.46734637e+00 -1.89493297e+01 
 1.05925373e+07  8.45494250e+00 -1.90869878e+01 
 1.09018449e+07  8.44403164e+00 -1.92365414e+01 
 1.12201845e+07  8.43461755e+00 -1.93985223e+01 
 1.15478198e+07  8.42670591e+00 -1.95734657e+01 
 1.18850223e+07  8.42030458e+00 -1.97619125e+01 
 1.22320712e+07  8.41542389e+00 -1.99644110e+01 
 1.25892541e+07  8.41207680e+00 -2.01815199e+01 
 1.29568670e+07  8.41027917e+00 -2.04138099e+01 
 1.33352143e+07  8.41004998e+00 -2.06618672e+01 
 1.37246096e+07  8.41141151e+00 -2.09262954e+01 
 1.41253754e+07  8.41438959e+00 -2.12077190e+01 
 1.45378439e+07  8.41901379e+00 -2.15067868e+01 
 1.49623566e+07  8.42531758e+00 -2.18241745e+01 
 1.53992653e+07  8.43333861e+00 -2.21605893e+01 
 1.58489319e+07  8.44311882e+00 -2.25167733e+01 
 1.63117291e+07  8.45470472e+00 -2.28935077e+01 
 1.67880402e+07  8.46814748e+00 -2.32916182e+01 
 1.72782598e+07  8.48350319e+00 -2.37119791e+01 
 1.77827941e+07  8.50083301e+00 -2.41555196e+01 
 1.83020611e+07  8.52020333e+00 -2.46232295e+01 
 1.88364909e+07  8.54168593e+00 -2.51161660e+01 
 1.93865264e+07  8.56535814e+00 -2.56354609e+01 
 1.99526231e+07  8.59130291e+00 -2.61823291e+01 
 2.05352503e+07  8.61960893e+00 -2.67580773e+01 
 2.11348904e+07  8.65037064e+00 -2.73641141e+01 
 2.17520403e+07  8.68368827e+00 -2.80019612e+01 
 2.23872114e+07  8.71966770e+00 -2.86732659e+01 
 2.30409298e+07  8.75842032e+00 -2.93798149e+01 
 2.37137371e+07  8.80006271e+00 -3.01235500e+01 
 2.44061907e+07  8.84471623e+00 -3.09065855e+01 
 2.51188643e+07  8.89250637e+00 -3.17312276e+01 
 2.58523484e+07  8.94356186e+00 -3.25999967e+01 
 2.66072506e+07  8.99801347e+00 -3.35156516e+01 
 2.73841963e+07  9.05599246e+00 -3.44812170e+01 
 2.81838293e+07  9.11762846e+00 -3.55000149e+01 
 2.90068120e+07  9.18304679e+00 -3.65756984e+01 
 2.98538262e+07  9.25236490e+00 -3.77122901e+01 
 3.07255737e+07  9.32568798e+00 -3.89142248e+01 
 3.16227766e+07  9.40310312e+00 -4.01863959e+01 
 3.25461783e+07  9.48467208e+00 -4.15342065e+01 
 3.34965439e+07  9.57042206e+00 -4.29636240e+01 
 3.44746607e+07  9.66033404e+00 -4.44812384e+01 
 3.54813389e+07  9.75432820e+00 -4.60943216e+01 
 3.65174127e+07  9.85224567e+00 -4.78108870e+01 
 3.75837404e+07  9.95382586e+00 -4.96397442e+01 
 3.86812055e+07  1.00586785e+01 -5.15905435e+01 
 3.98107171e+07  1.01662495e+01 -5.36738034e+01 
 4.09732110e+07  1.02757797e+01 -5.59009063e+01 
 4.21696503e+07  1.03862555e+01 -5.82840491e+01 
 4.34010264e+07  1.04963520e+01 -6.08361244e+01 
 4.46683592e+07  1.06043678e+01 -6.35705050e+01 
 4.59726989e+07  1.07081549e+01 -6.65006962e+01 
 4.73151259e+07  1.08050470e+01 -6.96398148e+01 
 4.86967525e+07  1.08917939e+01 -7.29998551e+01 
 5.01187234e+07  1.09645139e+01 -7.65907085e+01 
 5.15822165e+07  1.10186805e+01 -8.04189251e+01 
 5.30884444e+07  1.10491636e+01 -8.44862534e+01 
 5.46386550e+07  1.10503496e+01 -8.87880587e+01 
 5.62341325e+07  1.10163563e+01 -9.33118130e+01 
 5.78761988e+07  1.09413537e+01 -9.80359382e+01 
 5.95662144e+07  1.08199734e+01 -1.02929341e+02 
 6.13055792e+07  1.06477664e+01 -1.07951950e+02 
 6.30957344e+07  1.04216392e+01 -1.13056433e+02 
 6.49381632e+07  1.01401855e+01 -1.18191006e+02 
 6.68343918e+07  9.80384297e+00 -1.23302980e+02 
 6.87859912e+07  9.41483724e+00 -1.28342465e+02 
 7.07945784e+07  8.97692724e+00 -1.33265594e+02 
 7.28618175e+07  8.49500900e+00 -1.38036794e+02 
 7.49894209e+07  7.97465852e+00 -1.42629885e+02 
 7.71791516e+07  7.42169184e+00 -1.47028063e+02 
 7.94328235e+07  6.84179829e+00 -1.51223031e+02 
 8.17523038e+07  6.24027433e+00 -1.55213623e+02 
 8.41395142e+07  5.62185963e+00 -1.59004220e+02 
 8.65964323e+07  4.99066080e+00 -1.62603218e+02 
 8.91250938e+07  4.35014121e+00 -1.66021672e+02 
 9.17275935e+07  3.70315452e+00 -1.69272189e+02 
 9.44060876e+07  3.05200341e+00 -1.72368078e+02 
 9.71627952e+07  2.39850961e+00 -1.75322730e+02 
 1.00000000e+08  1.74408566e+00 -1.78149190e+02 
 1.02920053e+08  1.08980293e+00 -1.80859885e+02 
 1.05925373e+08  4.36452838e-01 -1.83466455e+02 
 1.09018449e+08 -2.15399950e-01 -1.85979680e+02 
 1.12201845e+08 -8.65372291e-01 -1.88409448e+02 
 1.15478198e+08 -1.51322485e+00 -1.90764775e+02 
 1.18850223e+08 -2.15883100e+00 -1.93053832e+02 
 1.22320712e+08 -2.80215150e+00 -1.95284006e+02 
 1.25892541e+08 -3.44321390e+00 -1.97461948e+02 
 1.29568670e+08 -4.08209599e+00 -1.99593635e+02 
 1.33352143e+08 -4.71891249e+00 -2.01684429e+02 
 1.37246096e+08 -5.35380442e+00 -2.03739132e+02 
 1.41253754e+08 -5.98693055e+00 -2.05762039e+02 
 1.45378439e+08 -6.61846066e+00 -2.07756985e+02 
 1.49623566e+08 -7.24857008e+00 -2.09727390e+02 
 1.53992653e+08 -7.87743543e+00 -2.11676300e+02 
 1.58489319e+08 -8.50523118e+00 -2.13606422e+02 
 1.63117291e+08 -9.13212696e+00 -2.15520158e+02 
 1.67880402e+08 -9.75828538e+00 -2.17419632e+02 
 1.72782598e+08 -1.03838604e+01 -2.19306720e+02 
 1.77827941e+08 -1.10089959e+01 -2.21183071e+02 
 1.83020611e+08 -1.16338248e+01 -2.23050131e+02 
 1.88364909e+08 -1.22584682e+01 -2.24909157e+02 
 1.93865264e+08 -1.28830348e+01 -2.26761244e+02 
 1.99526231e+08 -1.35076206e+01 -2.28607330e+02 
 2.05352503e+08 -1.41323085e+01 -2.30448219e+02 
 2.11348904e+08 -1.47571681e+01 -2.32284588e+02 
 2.17520403e+08 -1.53822560e+01 -2.34117003e+02 
 2.23872114e+08 -1.60076155e+01 -2.35945927e+02 
 2.30409298e+08 -1.66332770e+01 -2.37771732e+02 
 2.37137371e+08 -1.72592579e+01 -2.39594707e+02 
 2.44061907e+08 -1.78855633e+01 -2.41415064e+02 
 2.51188643e+08 -1.85121862e+01 -2.43232948e+02 
 2.58523484e+08 -1.91391077e+01 -2.45048446e+02 
 2.66072506e+08 -1.97662978e+01 -2.46861586e+02 
 2.73841963e+08 -2.03937157e+01 -2.48672350e+02 
 2.81838293e+08 -2.10213105e+01 -2.50480674e+02 
 2.90068120e+08 -2.16490217e+01 -2.52286454e+02 
 2.98538262e+08 -2.22767801e+01 -2.54089553e+02 
 3.07255737e+08 -2.29045081e+01 -2.55889798e+02 
 3.16227766e+08 -2.35321206e+01 -2.57686989e+02 
 3.25461783e+08 -2.41595261e+01 -2.59480901e+02 
 3.34965439e+08 -2.47866266e+01 -2.61271284e+02 
 3.44746607e+08 -2.54133194e+01 -2.63057866e+02 
 3.54813389e+08 -2.60394971e+01 -2.64840358e+02 
 3.65174127e+08 -2.66650488e+01 -2.66618453e+02 
 3.75837404e+08 -2.72898608e+01 -2.68391826e+02 
 3.86812055e+08 -2.79138174e+01 -2.70160140e+02 
 3.98107171e+08 -2.85368015e+01 -2.71923045e+02 
 4.09732110e+08 -2.91586959e+01 -2.73680179e+02 
 4.21696503e+08 -2.97793833e+01 -2.75431168e+02 
 4.34010264e+08 -3.03987478e+01 -2.77175631e+02 
 4.46683592e+08 -3.10166748e+01 -2.78913180e+02 
 4.59726989e+08 -3.16330526e+01 -2.80643418e+02 
 4.73151259e+08 -3.22477721e+01 -2.82365945e+02 
 4.86967525e+08 -3.28607280e+01 -2.84080356e+02 
 5.01187234e+08 -3.34718193e+01 -2.85786246e+02 
 5.15822165e+08 -3.40809495e+01 -2.87483208e+02 
 5.30884444e+08 -3.46880272e+01 -2.89170836e+02 
 5.46386550e+08 -3.52929666e+01 -2.90848727e+02 
 5.62341325e+08 -3.58956878e+01 -2.92516485e+02 
 5.78761988e+08 -3.64961170e+01 -2.94173718e+02 
 5.95662144e+08 -3.70941866e+01 -2.95820046e+02 
 6.13055792e+08 -3.76898358e+01 -2.97455095e+02 
 6.30957344e+08 -3.82830102e+01 -2.99078510e+02 
 6.49381632e+08 -3.88736625e+01 -3.00689945e+02 
 6.68343918e+08 -3.94617516e+01 -3.02289074e+02 
 6.87859912e+08 -4.00472434e+01 -3.03875590e+02 
 7.07945784e+08 -4.06301102e+01 -3.05449206e+02 
 7.28618175e+08 -4.12103307e+01 -3.07009656e+02 
 7.49894209e+08 -4.17878899e+01 -3.08556701e+02 
 7.71791516e+08 -4.23627787e+01 -3.10090125e+02 
 7.94328235e+08 -4.29349937e+01 -3.11609741e+02 
 8.17523038e+08 -4.35045367e+01 -3.13115389e+02 
 8.41395142e+08 -4.40714149e+01 -3.14606940e+02 
 8.65964323e+08 -4.46356398e+01 -3.16084293e+02 
 8.91250938e+08 -4.51972276e+01 -3.17547381e+02 
 9.17275935e+08 -4.57561980e+01 -3.18996167e+02 
 9.44060876e+08 -4.63125745e+01 -3.20430646e+02 
 9.71627952e+08 -4.68663837e+01 -3.21850844e+02 
 1.00000000e+09 -4.74176546e+01 -3.23256822e+02 
