 frequency       lr              li             
 1.00000000e+00  5.19902706e+02 -1.41964365e-01 
 1.02329299e+00  5.19902704e+02 -1.45271139e-01 
 1.04712855e+00  5.19902702e+02 -1.48654938e-01 
 1.07151931e+00  5.19902700e+02 -1.52117556e-01 
 1.09647820e+00  5.19902698e+02 -1.55660828e-01 
 1.12201845e+00  5.19902696e+02 -1.59286634e-01 
 1.14815362e+00  5.19902694e+02 -1.62996895e-01 
 1.17489755e+00  5.19902691e+02 -1.66793580e-01 
 1.20226443e+00  5.19902689e+02 -1.70678701e-01 
 1.23026877e+00  5.19902686e+02 -1.74654318e-01 
 1.25892541e+00  5.19902683e+02 -1.78722538e-01 
 1.28824955e+00  5.19902681e+02 -1.82885520e-01 
 1.31825674e+00  5.19902678e+02 -1.87145470e-01 
 1.34896288e+00  5.19902674e+02 -1.91504647e-01 
 1.38038426e+00  5.19902671e+02 -1.95965362e-01 
 1.41253754e+00  5.19902668e+02 -2.00529980e-01 
 1.44543977e+00  5.19902664e+02 -2.05200922e-01 
 1.47910839e+00  5.19902660e+02 -2.09980664e-01 
 1.51356125e+00  5.19902656e+02 -2.14871740e-01 
 1.54881662e+00  5.19902652e+02 -2.19876744e-01 
 1.58489319e+00  5.19902648e+02 -2.24998330e-01 
 1.62181010e+00  5.19902643e+02 -2.30239212e-01 
 1.65958691e+00  5.19902638e+02 -2.35602170e-01 
 1.69824365e+00  5.19902633e+02 -2.41090047e-01 
 1.73780083e+00  5.19902628e+02 -2.46705753e-01 
 1.77827941e+00  5.19902622e+02 -2.52452266e-01 
 1.81970086e+00  5.19902617e+02 -2.58332632e-01 
 1.86208714e+00  5.19902611e+02 -2.64349969e-01 
 1.90546072e+00  5.19902604e+02 -2.70507467e-01 
 1.94984460e+00  5.19902598e+02 -2.76808392e-01 
 1.99526231e+00  5.19902591e+02 -2.83256084e-01 
 2.04173794e+00  5.19902583e+02 -2.89853962e-01 
 2.08929613e+00  5.19902576e+02 -2.96605523e-01 
 2.13796209e+00  5.19902568e+02 -3.03514349e-01 
 2.18776162e+00  5.19902559e+02 -3.10584101e-01 
 2.23872114e+00  5.19902551e+02 -3.17818529e-01 
 2.29086765e+00  5.19902542e+02 -3.25221468e-01 
 2.34422882e+00  5.19902532e+02 -3.32796843e-01 
 2.39883292e+00  5.19902522e+02 -3.40548670e-01 
 2.45470892e+00  5.19902511e+02 -3.48481061e-01 
 2.51188643e+00  5.19902500e+02 -3.56598220e-01 
 2.57039578e+00  5.19902489e+02 -3.64904452e-01 
 2.63026799e+00  5.19902477e+02 -3.73404160e-01 
 2.69153480e+00  5.19902464e+02 -3.82101850e-01 
 2.75422870e+00  5.19902451e+02 -3.91002136e-01 
 2.81838293e+00  5.19902437e+02 -4.00109735e-01 
 2.88403150e+00  5.19902423e+02 -4.09429477e-01 
 2.95120923e+00  5.19902407e+02 -4.18966302e-01 
 3.01995172e+00  5.19902392e+02 -4.28725268e-01 
 3.09029543e+00  5.19902375e+02 -4.38711548e-01 
 3.16227766e+00  5.19902357e+02 -4.48930438e-01 
 3.23593657e+00  5.19902339e+02 -4.59387355e-01 
 3.31131121e+00  5.19902320e+02 -4.70087844e-01 
 3.38844156e+00  5.19902300e+02 -4.81037578e-01 
 3.46736850e+00  5.19902279e+02 -4.92242362e-01 
 3.54813389e+00  5.19902257e+02 -5.03708139e-01 
 3.63078055e+00  5.19902234e+02 -5.15440986e-01 
 3.71535229e+00  5.19902210e+02 -5.27447124e-01 
 3.80189396e+00  5.19902185e+02 -5.39732920e-01 
 3.89045145e+00  5.19902159e+02 -5.52304887e-01 
 3.98107171e+00  5.19902131e+02 -5.65169690e-01 
 4.07380278e+00  5.19902102e+02 -5.78334151e-01 
 4.16869383e+00  5.19902072e+02 -5.91805249e-01 
 4.26579519e+00  5.19902039e+02 -6.05590127e-01 
 4.36515832e+00  5.19902006e+02 -6.19696093e-01 
 4.46683592e+00  5.19901971e+02 -6.34130627e-01 
 4.57088190e+00  5.19901935e+02 -6.48901381e-01 
 4.67735141e+00  5.19901897e+02 -6.64016188e-01 
 4.78630092e+00  5.19901857e+02 -6.79483059e-01 
 4.89778819e+00  5.19901815e+02 -6.95310197e-01 
 5.01187234e+00  5.19901771e+02 -7.11505992e-01 
 5.12861384e+00  5.19901725e+02 -7.28079032e-01 
 5.24807460e+00  5.19901677e+02 -7.45038102e-01 
 5.37031796e+00  5.19901627e+02 -7.62392195e-01 
 5.49540874e+00  5.19901574e+02 -7.80150512e-01 
 5.62341325e+00  5.19901519e+02 -7.98322467e-01 
 5.75439937e+00  5.19901462e+02 -8.16917695e-01 
 5.88843655e+00  5.19901401e+02 -8.35946056e-01 
 6.02559586e+00  5.19901338e+02 -8.55417637e-01 
 6.16595002e+00  5.19901272e+02 -8.75342762e-01 
 6.30957344e+00  5.19901202e+02 -8.95731994e-01 
 6.45654229e+00  5.19901129e+02 -9.16596145e-01 
 6.60693448e+00  5.19901053e+02 -9.37946274e-01 
 6.76082975e+00  5.19900974e+02 -9.59793703e-01 
 6.91830971e+00  5.19900890e+02 -9.82150012e-01 
 7.07945784e+00  5.19900803e+02 -1.00502706e+00 
 7.24435960e+00  5.19900711e+02 -1.02843696e+00 
 7.41310241e+00  5.19900615e+02 -1.05239214e+00 
 7.58577575e+00  5.19900515e+02 -1.07690530e+00 
 7.76247117e+00  5.19900410e+02 -1.10198942e+00 
 7.94328235e+00  5.19900300e+02 -1.12765781e+00 
 8.12830516e+00  5.19900185e+02 -1.15392408e+00 
 8.31763771e+00  5.19900064e+02 -1.18080215e+00 
 8.51138038e+00  5.19899937e+02 -1.20830627e+00 
 8.70963590e+00  5.19899805e+02 -1.23645103e+00 
 8.91250938e+00  5.19899667e+02 -1.26525134e+00 
 9.12010839e+00  5.19899522e+02 -1.29472246e+00 
 9.33254301e+00  5.19899370e+02 -1.32488004e+00 
 9.54992586e+00  5.19899211e+02 -1.35574004e+00 
 9.77237221e+00  5.19899044e+02 -1.38731884e+00 
 1.00000000e+01  5.19898870e+02 -1.41963317e+00 
 1.02329299e+01  5.19898687e+02 -1.45270017e+00 
 1.04712855e+01  5.19898496e+02 -1.48653736e+00 
 1.07151931e+01  5.19898296e+02 -1.52116267e+00 
 1.09647820e+01  5.19898086e+02 -1.55659447e+00 
 1.12201845e+01  5.19897866e+02 -1.59285155e+00 
 1.14815362e+01  5.19897636e+02 -1.62995310e+00 
 1.17489755e+01  5.19897396e+02 -1.66791882e+00 
 1.20226443e+01  5.19897144e+02 -1.70676881e+00 
 1.23026877e+01  5.19896880e+02 -1.74652368e+00 
 1.25892541e+01  5.19896603e+02 -1.78720449e+00 
 1.28824955e+01  5.19896314e+02 -1.82883281e+00 
 1.31825674e+01  5.19896011e+02 -1.87143071e+00 
 1.34896288e+01  5.19895693e+02 -1.91502076e+00 
 1.38038426e+01  5.19895361e+02 -1.95962607e+00 
 1.41253754e+01  5.19895013e+02 -2.00527029e+00 
 1.44543977e+01  5.19894649e+02 -2.05197760e+00 
 1.47910839e+01  5.19894267e+02 -2.09977275e+00 
 1.51356125e+01  5.19893867e+02 -2.14868109e+00 
 1.54881662e+01  5.19893449e+02 -2.19872854e+00 
 1.58489319e+01  5.19893011e+02 -2.24994161e+00 
 1.62181010e+01  5.19892552e+02 -2.30234745e+00 
 1.65958691e+01  5.19892072e+02 -2.35597383e+00 
 1.69824365e+01  5.19891569e+02 -2.41084918e+00 
 1.73780083e+01  5.19891042e+02 -2.46700258e+00 
 1.77827941e+01  5.19890491e+02 -2.52446377e+00 
 1.81970086e+01  5.19889913e+02 -2.58326322e+00 
 1.86208714e+01  5.19889309e+02 -2.64343207e+00 
 1.90546072e+01  5.19888675e+02 -2.70500222e+00 
 1.94984460e+01  5.19888012e+02 -2.76800629e+00 
 1.99526231e+01  5.19887318e+02 -2.83247766e+00 
 2.04173794e+01  5.19886591e+02 -2.89845048e+00 
 2.08929613e+01  5.19885830e+02 -2.96595973e+00 
 2.13796209e+01  5.19885032e+02 -3.03504115e+00 
 2.18776162e+01  5.19884198e+02 -3.10573136e+00 
 2.23872114e+01  5.19883324e+02 -3.17806780e+00 
 2.29086765e+01  5.19882408e+02 -3.25208878e+00 
 2.34422882e+01  5.19881450e+02 -3.32783353e+00 
 2.39883292e+01  5.19880447e+02 -3.40534215e+00 
 2.45470892e+01  5.19879396e+02 -3.48465572e+00 
 2.51188643e+01  5.19878295e+02 -3.56581624e+00 
 2.57039578e+01  5.19877143e+02 -3.64886668e+00 
 2.63026799e+01  5.19875937e+02 -3.73385105e+00 
 2.69153480e+01  5.19874673e+02 -3.82081432e+00 
 2.75422870e+01  5.19873350e+02 -3.90980258e+00 
 2.81838293e+01  5.19871965e+02 -4.00086292e+00 
 2.88403150e+01  5.19870515e+02 -4.09404357e+00 
 2.95120923e+01  5.19868996e+02 -4.18939386e+00 
 3.01995172e+01  5.19867405e+02 -4.28696427e+00 
 3.09029543e+01  5.19865740e+02 -4.38680645e+00 
 3.16227766e+01  5.19863996e+02 -4.48897324e+00 
 3.23593657e+01  5.19862170e+02 -4.59351873e+00 
 3.31131121e+01  5.19860258e+02 -4.70049824e+00 
 3.38844156e+01  5.19858256e+02 -4.80996840e+00 
 3.46736850e+01  5.19856159e+02 -4.92198711e+00 
 3.54813389e+01  5.19853964e+02 -5.03661366e+00 
 3.63078055e+01  5.19851665e+02 -5.15390868e+00 
 3.71535229e+01  5.19849258e+02 -5.27393423e+00 
 3.80189396e+01  5.19846738e+02 -5.39675377e+00 
 3.89045145e+01  5.19844099e+02 -5.52243229e+00 
 3.98107171e+01  5.19841335e+02 -5.65103623e+00 
 4.07380278e+01  5.19838441e+02 -5.78263360e+00 
 4.16869383e+01  5.19835411e+02 -5.91729395e+00 
 4.26579519e+01  5.19832238e+02 -6.05508848e+00 
 4.36515832e+01  5.19828916e+02 -6.19609003e+00 
 4.46683592e+01  5.19825437e+02 -6.34037309e+00 
 4.57088190e+01  5.19821794e+02 -6.48801390e+00 
 4.67735141e+01  5.19817979e+02 -6.63909046e+00 
 4.78630092e+01  5.19813985e+02 -6.79368256e+00 
 4.89778819e+01  5.19809803e+02 -6.95187184e+00 
 5.01187234e+01  5.19805423e+02 -7.11374182e+00 
 5.12861384e+01  5.19800838e+02 -7.27937796e+00 
 5.24807460e+01  5.19796036e+02 -7.44886766e+00 
 5.37031796e+01  5.19791008e+02 -7.62230038e+00 
 5.49540874e+01  5.19785743e+02 -7.79976758e+00 
 5.62341325e+01  5.19780230e+02 -7.98136289e+00 
 5.75439937e+01  5.19774458e+02 -8.16718204e+00 
 5.88843655e+01  5.19768413e+02 -8.35732300e+00 
 6.02559586e+01  5.19762084e+02 -8.55188595e+00 
 6.16595002e+01  5.19755457e+02 -8.75097342e+00 
 6.30957344e+01  5.19748517e+02 -8.95469026e+00 
 6.45654229e+01  5.19741251e+02 -9.16314373e+00 
 6.60693448e+01  5.19733643e+02 -9.37644355e+00 
 6.76082975e+01  5.19725676e+02 -9.59470195e+00 
 6.91830971e+01  5.19717334e+02 -9.81803374e+00 
 7.07945784e+01  5.19708599e+02 -1.00465563e+01 
 7.24435960e+01  5.19699453e+02 -1.02803898e+01 
 7.41310241e+01  5.19689876e+02 -1.05196571e+01 
 7.58577575e+01  5.19679848e+02 -1.07644837e+01 
 7.76247117e+01  5.19669348e+02 -1.10149983e+01 
 7.94328235e+01  5.19658353e+02 -1.12713321e+01 
 8.12830516e+01  5.19646841e+02 -1.15336198e+01 
 8.31763771e+01  5.19634787e+02 -1.18019986e+01 
 8.51138038e+01  5.19622165e+02 -1.20766092e+01 
 8.70963590e+01  5.19608949e+02 -1.23575954e+01 
 8.91250938e+01  5.19595112e+02 -1.26451041e+01 
 9.12010839e+01  5.19580622e+02 -1.29392857e+01 
 9.33254301e+01  5.19565451e+02 -1.32402939e+01 
 9.54992586e+01  5.19549565e+02 -1.35482859e+01 
 9.77237221e+01  5.19532933e+02 -1.38634223e+01 
 1.00000000e+02  5.19515517e+02 -1.41858675e+01 
 1.02329299e+02  5.19497282e+02 -1.45157895e+01 
 1.04712855e+02  5.19478188e+02 -1.48533599e+01 
 1.07151931e+02  5.19458197e+02 -1.51987544e+01 
 1.09647820e+02  5.19437264e+02 -1.55521523e+01 
 1.12201845e+02  5.19415347e+02 -1.59137372e+01 
 1.14815362e+02  5.19392400e+02 -1.62836966e+01 
 1.17489755e+02  5.19368373e+02 -1.66622220e+01 
 1.20226443e+02  5.19343216e+02 -1.70495095e+01 
 1.23026877e+02  5.19316875e+02 -1.74457590e+01 
 1.25892541e+02  5.19289297e+02 -1.78511752e+01 
 1.28824955e+02  5.19260422e+02 -1.82659671e+01 
 1.31825674e+02  5.19230189e+02 -1.86903482e+01 
 1.34896288e+02  5.19198535e+02 -1.91245368e+01 
 1.38038426e+02  5.19165394e+02 -1.95687557e+01 
 1.41253754e+02  5.19130695e+02 -2.00232327e+01 
 1.44543977e+02  5.19094366e+02 -2.04882004e+01 
 1.47910839e+02  5.19056330e+02 -2.09638962e+01 
 1.51356125e+02  5.19016508e+02 -2.14505628e+01 
 1.54881662e+02  5.18974816e+02 -2.19484479e+01 
 1.58489319e+02  5.18931166e+02 -2.24578046e+01 
 1.62181010e+02  5.18885466e+02 -2.29788909e+01 
 1.65958691e+02  5.18837621e+02 -2.35119706e+01 
 1.69824365e+02  5.18787531e+02 -2.40573128e+01 
 1.73780083e+02  5.18735091e+02 -2.46151920e+01 
 1.77827941e+02  5.18680190e+02 -2.51858886e+01 
 1.81970086e+02  5.18622715e+02 -2.57696884e+01 
 1.86208714e+02  5.18562544e+02 -2.63668832e+01 
 1.90546072e+02  5.18499553e+02 -2.69777704e+01 
 1.94984460e+02  5.18433610e+02 -2.76026537e+01 
 1.99526231e+02  5.18364576e+02 -2.82418422e+01 
 2.04173794e+02  5.18292309e+02 -2.88956516e+01 
 2.08929613e+02  5.18216657e+02 -2.95644034e+01 
 2.13796209e+02  5.18137464e+02 -3.02484252e+01 
 2.18776162e+02  5.18054565e+02 -3.09480508e+01 
 2.23872114e+02  5.17967787e+02 -3.16636206e+01 
 2.29086765e+02  5.17876950e+02 -3.23954808e+01 
 2.34422882e+02  5.17781867e+02 -3.31439842e+01 
 2.39883292e+02  5.17682340e+02 -3.39094897e+01 
 2.45470892e+02  5.17578163e+02 -3.46923628e+01 
 2.51188643e+02  5.17469121e+02 -3.54929752e+01 
 2.57039578e+02  5.17354990e+02 -3.63117050e+01 
 2.63026799e+02  5.17235534e+02 -3.71489366e+01 
 2.69153480e+02  5.17110507e+02 -3.80050608e+01 
 2.75422870e+02  5.16979652e+02 -3.88804747e+01 
 2.81838293e+02  5.16842702e+02 -3.97755814e+01 
 2.88403150e+02  5.16699375e+02 -4.06907904e+01 
 2.95120923e+02  5.16549378e+02 -4.16265172e+01 
 3.01995172e+02  5.16392406e+02 -4.25831834e+01 
 3.09029543e+02  5.16228137e+02 -4.35612164e+01 
 3.16227766e+02  5.16056239e+02 -4.45610494e+01 
 3.23593657e+02  5.15876362e+02 -4.55831210e+01 
 3.31131121e+02  5.15688143e+02 -4.66278756e+01 
 3.38844156e+02  5.15491199e+02 -4.76957625e+01 
 3.46736850e+02  5.15285135e+02 -4.87872361e+01 
 3.54813389e+02  5.15069537e+02 -4.99027557e+01 
 3.63078055e+02  5.14843970e+02 -5.10427848e+01 
 3.71535229e+02  5.14607984e+02 -5.22077912e+01 
 3.80189396e+02  5.14361109e+02 -5.33982465e+01 
 3.89045145e+02  5.14102852e+02 -5.46146256e+01 
 3.98107171e+02  5.13832702e+02 -5.58574065e+01 
 4.07380278e+02  5.13550124e+02 -5.71270697e+01 
 4.16869383e+02  5.13254561e+02 -5.84240977e+01 
 4.26579519e+02  5.12945433e+02 -5.97489745e+01 
 4.36515832e+02  5.12622136e+02 -6.11021847e+01 
 4.46683592e+02  5.12284037e+02 -6.24842133e+01 
 4.57088190e+02  5.11930483e+02 -6.38955448e+01 
 4.67735141e+02  5.11560788e+02 -6.53366621e+01 
 4.78630092e+02  5.11174242e+02 -6.68080465e+01 
 4.89778819e+02  5.10770104e+02 -6.83101754e+01 
 5.01187234e+02  5.10347603e+02 -6.98435227e+01 
 5.12861384e+02  5.09905939e+02 -7.14085572e+01 
 5.24807460e+02  5.09444278e+02 -7.30057413e+01 
 5.37031796e+02  5.08961755e+02 -7.46355297e+01 
 5.49540874e+02  5.08457469e+02 -7.62983688e+01 
 5.62341325e+02  5.07930486e+02 -7.79946943e+01 
 5.75439937e+02  5.07379837e+02 -7.97249307e+01 
 5.88843655e+02  5.06804515e+02 -8.14894889e+01 
 6.02559586e+02  5.06203474e+02 -8.32887648e+01 
 6.16595002e+02  5.05575633e+02 -8.51231379e+01 
 6.30957344e+02  5.04919869e+02 -8.69929685e+01 
 6.45654229e+02  5.04235020e+02 -8.88985962e+01 
 6.60693448e+02  5.03519882e+02 -9.08403378e+01 
 6.76082975e+02  5.02773212e+02 -9.28184850e+01 
 6.91830971e+02  5.01993721e+02 -9.48333013e+01 
 7.07945784e+02  5.01180079e+02 -9.68850206e+01 
 7.24435960e+02  5.00330912e+02 -9.89738431e+01 
 7.41310241e+02  4.99444803e+02 -1.01099934e+02 
 7.58577575e+02  4.98520290e+02 -1.03263419e+02 
 7.76247117e+02  4.97555865e+02 -1.05464382e+02 
 7.94328235e+02  4.96549979e+02 -1.07702862e+02 
 8.12830516e+02  4.95501035e+02 -1.09978850e+02 
 8.31763771e+02  4.94407393e+02 -1.12292283e+02 
 8.51138038e+02  4.93267370e+02 -1.14643043e+02 
 8.70963590e+02  4.92079239e+02 -1.17030952e+02 
 8.91250938e+02  4.90841230e+02 -1.19455769e+02 
 9.12010839e+02  4.89551532e+02 -1.21917184e+02 
 9.33254301e+02  4.88208293e+02 -1.24414815e+02 
 9.54992586e+02  4.86809626e+02 -1.26948203e+02 
 9.77237221e+02  4.85353601e+02 -1.29516809e+02 
 1.00000000e+03  4.83838258e+02 -1.32120006e+02 
 1.02329299e+03  4.82261605e+02 -1.34757080e+02 
 1.04712855e+03  4.80621618e+02 -1.37427218e+02 
 1.07151931e+03  4.78916249e+02 -1.40129509e+02 
 1.09647820e+03  4.77143426e+02 -1.42862936e+02 
 1.12201845e+03  4.75301060e+02 -1.45626376e+02 
 1.14815362e+03  4.73387049e+02 -1.48418586e+02 
 1.17489755e+03  4.71399279e+02 -1.51238208e+02 
 1.20226443e+03  4.69335636e+02 -1.54083758e+02 
 1.23026877e+03  4.67194006e+02 -1.56953625e+02 
 1.25892541e+03  4.64972285e+02 -1.59846065e+02 
 1.28824955e+03  4.62668384e+02 -1.62759196e+02 
 1.31825674e+03  4.60280238e+02 -1.65690997e+02 
 1.34896288e+03  4.57805814e+02 -1.68639302e+02 
 1.38038426e+03  4.55243118e+02 -1.71601798e+02 
 1.41253754e+03  4.52590206e+02 -1.74576022e+02 
 1.44543977e+03  4.49845191e+02 -1.77559360e+02 
 1.47910839e+03  4.47006257e+02 -1.80549041e+02 
 1.51356125e+03  4.44071666e+02 -1.83542141e+02 
 1.54881662e+03  4.41039772e+02 -1.86535581e+02 
 1.58489319e+03  4.37909029e+02 -1.89526125e+02 
 1.62181010e+03  4.34678006e+02 -1.92510387e+02 
 1.65958691e+03  4.31345400e+02 -1.95484825e+02 
 1.69824365e+03  4.27910044e+02 -1.98445750e+02 
 1.73780083e+03  4.24370925e+02 -2.01389329e+02 
 1.77827941e+03  4.20727194e+02 -2.04311587e+02 
 1.81970086e+03  4.16978177e+02 -2.07208419e+02 
 1.86208714e+03  4.13123392e+02 -2.10075590e+02 
 1.90546072e+03  4.09162562e+02 -2.12908751e+02 
 1.94984460e+03  4.05095622e+02 -2.15703441e+02 
 1.99526231e+03  4.00922735e+02 -2.18455106e+02 
 2.04173794e+03  3.96644306e+02 -2.21159106e+02 
 2.08929613e+03  3.92260986e+02 -2.23810728e+02 
 2.13796209e+03  3.87773688e+02 -2.26405206e+02 
 2.18776162e+03  3.83183596e+02 -2.28937732e+02 
 2.23872114e+03  3.78492169e+02 -2.31403473e+02 
 2.29086765e+03  3.73701152e+02 -2.33797593e+02 
 2.34422882e+03  3.68812580e+02 -2.36115270e+02 
 2.39883292e+03  3.63828782e+02 -2.38351714e+02 
 2.45470892e+03  3.58752387e+02 -2.40502193e+02 
 2.51188643e+03  3.53586318e+02 -2.42562048e+02 
 2.57039578e+03  3.48333800e+02 -2.44526719e+02 
 2.63026799e+03  3.42998351e+02 -2.46391769e+02 
 2.69153480e+03  3.37583778e+02 -2.48152902e+02 
 2.75422870e+03  3.32094174e+02 -2.49805986e+02 
 2.81838293e+03  3.26533908e+02 -2.51347080e+02 
 2.88403150e+03  3.20907610e+02 -2.52772449e+02 
 2.95120923e+03  3.15220167e+02 -2.54078591e+02 
 3.01995172e+03  3.09476701e+02 -2.55262253e+02 
 3.09029543e+03  3.03682554e+02 -2.56320453e+02 
 3.16227766e+03  2.97843275e+02 -2.57250495e+02 
 3.23593657e+03  2.91964592e+02 -2.58049989e+02 
 3.31131121e+03  2.86052397e+02 -2.58716863e+02 
 3.38844156e+03  2.80112719e+02 -2.59249376e+02 
 3.46736850e+03  2.74151705e+02 -2.59646131e+02 
 3.54813389e+03  2.68175587e+02 -2.59906082e+02 
 3.63078055e+03  2.62190664e+02 -2.60028542e+02 
 3.71535229e+03  2.56203271e+02 -2.60013187e+02 
 3.80189396e+03  2.50219754e+02 -2.59860057e+02 
 3.89045145e+03  2.44246442e+02 -2.59569557e+02 
 3.98107171e+03  2.38289621e+02 -2.59142453e+02 
 4.07380278e+03  2.32355508e+02 -2.58579871e+02 
 4.16869383e+03  2.26450225e+02 -2.57883285e+02 
 4.26579519e+03  2.20579772e+02 -2.57054509e+02 
 4.36515832e+03  2.14750008e+02 -2.56095687e+02 
 4.46683592e+03  2.08966622e+02 -2.55009278e+02 
 4.57088190e+03  2.03235119e+02 -2.53798043e+02 
 4.67735141e+03  1.97560795e+02 -2.52465025e+02 
 4.78630092e+03  1.91948719e+02 -2.51013535e+02 
 4.89778819e+03  1.86403724e+02 -2.49447128e+02 
 5.01187234e+03  1.80930383e+02 -2.47769585e+02 
 5.12861384e+03  1.75533003e+02 -2.45984894e+02 
 5.24807460e+03  1.70215616e+02 -2.44097221e+02 
 5.37031796e+03  1.64981966e+02 -2.42110898e+02 
 5.49540874e+03  1.59835505e+02 -2.40030392e+02 
 5.62341325e+03  1.54779391e+02 -2.37860284e+02 
 5.75439937e+03  1.49816483e+02 -2.35605252e+02 
 5.88843655e+03  1.44949342e+02 -2.33270044e+02 
 6.02559586e+03  1.40180233e+02 -2.30859457e+02 
 6.16595002e+03  1.35511126e+02 -2.28378318e+02 
 6.30957344e+03  1.30943702e+02 -2.25831465e+02 
 6.45654229e+03  1.26479359e+02 -2.23223726e+02 
 6.60693448e+03  1.22119218e+02 -2.20559900e+02 
 6.76082975e+03  1.17864134e+02 -2.17844745e+02 
 6.91830971e+03  1.13714705e+02 -2.15082957e+02 
 7.07945784e+03  1.09671278e+02 -2.12279158e+02 
 7.24435960e+03  1.05733966e+02 -2.09437884e+02 
 7.41310241e+03  1.01902657e+02 -2.06563570e+02 
 7.58577575e+03  9.81770261e+01 -2.03660542e+02 
 7.76247117e+03  9.45565473e+01 -2.00733005e+02 
 7.94328235e+03  9.10405081e+01 -1.97785037e+02 
 8.12830516e+03  8.76280216e+01 -1.94820582e+02 
 8.31763771e+03  8.43180389e+01 -1.91843441e+02 
 8.51138038e+03  8.11093626e+01 -1.88857270e+02 
 8.70963590e+03  7.80006592e+01 -1.85865577e+02 
 8.91250938e+03  7.49904717e+01 -1.82871716e+02 
 9.12010839e+03  7.20772317e+01 -1.79878886e+02 
 9.33254301e+03  6.92592711e+01 -1.76890134e+02 
 9.54992586e+03  6.65348341e+01 -1.73908348e+02 
 9.77237221e+03  6.39020874e+01 -1.70936263e+02 
 1.00000000e+04  6.13591313e+01 -1.67976462e+02 
 1.02329299e+04  5.89040095e+01 -1.65031373e+02 
 1.04712855e+04  5.65347188e+01 -1.62103276e+02 
 1.07151931e+04  5.42492180e+01 -1.59194305e+02 
 1.09647820e+04  5.20454360e+01 -1.56306450e+02 
 1.12201845e+04  4.99212805e+01 -1.53441560e+02 
 1.14815362e+04  4.78746445e+01 -1.50601351e+02 
 1.17489755e+04  4.59034138e+01 -1.47787405e+02 
 1.20226443e+04  4.40054733e+01 -1.45001177e+02 
 1.23026877e+04  4.21787121e+01 -1.42243999e+02 
 1.25892541e+04  4.04210297e+01 -1.39517086e+02 
 1.28824955e+04  3.87303405e+01 -1.36821539e+02 
 1.31825674e+04  3.71045780e+01 -1.34158351e+02 
 1.34896288e+04  3.55416993e+01 -1.31528408e+02 
 1.38038426e+04  3.40396878e+01 -1.28932503e+02 
 1.41253754e+04  3.25965573e+01 -1.26371329e+02 
 1.44543977e+04  3.12103539e+01 -1.23845493e+02 
 1.47910839e+04  2.98791592e+01 -1.21355516e+02 
 1.51356125e+04  2.86010917e+01 -1.18901839e+02 
 1.54881662e+04  2.73743091e+01 -1.16484828e+02 
 1.58489319e+04  2.61970095e+01 -1.14104776e+02 
 1.62181010e+04  2.50674327e+01 -1.11761911e+02 
 1.65958691e+04  2.39838611e+01 -1.09456397e+02 
 1.69824365e+04  2.29446208e+01 -1.07188339e+02 
 1.73780083e+04  2.19480816e+01 -1.04957787e+02 
 1.77827941e+04  2.09926580e+01 -1.02764739e+02 
 1.81970086e+04  2.00768087e+01 -1.00609146e+02 
 1.86208714e+04  1.91990371e+01 -9.84909140e+01 
 1.90546072e+04  1.83578912e+01 -9.64099083e+01 
 1.94984460e+04  1.75519629e+01 -9.43659555e+01 
 1.99526231e+04  1.67798883e+01 -9.23588473e+01 
 2.04173794e+04  1.60403466e+01 -9.03883428e+01 
 2.08929613e+04  1.53320601e+01 -8.84541718e+01 
 2.13796209e+04  1.46537932e+01 -8.65560366e+01 
 2.18776162e+04  1.40043518e+01 -8.46936150e+01 
 2.23872114e+04  1.33825828e+01 -8.28665624e+01 
 2.29086765e+04  1.27873728e+01 -8.10745135e+01 
 2.34422882e+04  1.22176478e+01 -7.93170852e+01 
 2.39883292e+04  1.16723720e+01 -7.75938776e+01 
 2.45470892e+04  1.11505468e+01 -7.59044764e+01 
 2.51188643e+04  1.06512103e+01 -7.42484544e+01 
 2.57039578e+04  1.01734360e+01 -7.26253729e+01 
 2.63026799e+04  9.71633170e+00 -7.10347834e+01 
 2.69153480e+04  9.27903911e+00 -6.94762289e+01 
 2.75422870e+04  8.86073237e+00 -6.79492453e+01 
 2.81838293e+04  8.46061724e+00 -6.64533624e+01 
 2.88403150e+04  8.07793019e+00 -6.49881051e+01 
 2.95120923e+04  7.71193744e+00 -6.35529945e+01 
 3.01995172e+04  7.36193386e+00 -6.21475488e+01 
 3.09029543e+04  7.02724227e+00 -6.07712843e+01 
 3.16227766e+04  6.70721231e+00 -5.94237160e+01 
 3.23593657e+04  6.40121965e+00 -5.81043586e+01 
 3.31131121e+04  6.10866508e+00 -5.68127271e+01 
 3.38844156e+04  5.82897355e+00 -5.55483376e+01 
 3.46736850e+04  5.56159345e+00 -5.43107076e+01 
 3.54813389e+04  5.30599567e+00 -5.30993567e+01 
 3.63078055e+04  5.06167280e+00 -5.19138073e+01 
 3.71535229e+04  4.82813838e+00 -5.07535847e+01 
 3.80189396e+04  4.60492606e+00 -4.96182178e+01 
 3.89045145e+04  4.39158892e+00 -4.85072394e+01 
 3.98107171e+04  4.18769866e+00 -4.74201863e+01 
 4.07380278e+04  3.99284491e+00 -4.63566000e+01 
 4.16869383e+04  3.80663458e+00 -4.53160269e+01 
 4.26579519e+04  3.62869115e+00 -4.42980182e+01 
 4.36515832e+04  3.45865403e+00 -4.33021306e+01 
 4.46683592e+04  3.29617794e+00 -4.23279259e+01 
 4.57088190e+04  3.14093231e+00 -4.13749720e+01 
 4.67735141e+04  2.99260066e+00 -4.04428422e+01 
 4.78630092e+04  2.85088008e+00 -3.95311159e+01 
 4.89778819e+04  2.71548064e+00 -3.86393786e+01 
 5.01187234e+04  2.58612492e+00 -3.77672215e+01 
 5.12861384e+04  2.46254743e+00 -3.69142425e+01 
 5.24807460e+04  2.34449418e+00 -3.60800454e+01 
 5.37031796e+04  2.23172216e+00 -3.52642403e+01 
 5.49540874e+04  2.12399896e+00 -3.44664439e+01 
 5.62341325e+04  2.02110223e+00 -3.36862789e+01 
 5.75439937e+04  1.92281935e+00 -3.29233745e+01 
 5.88843655e+04  1.82894698e+00 -3.21773663e+01 
 6.02559586e+04  1.73929068e+00 -3.14478961e+01 
 6.16595002e+04  1.65366454e+00 -3.07346122e+01 
 6.30957344e+04  1.57189082e+00 -3.00371690e+01 
 6.45654229e+04  1.49379959e+00 -2.93552274e+01 
 6.60693448e+04  1.41922845e+00 -2.86884543e+01 
 6.76082975e+04  1.34802213e+00 -2.80365230e+01 
 6.91830971e+04  1.28003226e+00 -2.73991126e+01 
 7.07945784e+04  1.21511705e+00 -2.67759088e+01 
 7.24435960e+04  1.15314101e+00 -2.61666028e+01 
 7.41310241e+04  1.09397464e+00 -2.55708920e+01 
 7.58577575e+04  1.03749427e+00 -2.49884797e+01 
 7.76247117e+04  9.83581710e-01 -2.44190751e+01 
 7.94328235e+04  9.32124079e-01 -2.38623930e+01 
 8.12830516e+04  8.83013553e-01 -2.33181538e+01 
 8.31763771e+04  8.36147143e-01 -2.27860839e+01 
 8.51138038e+04  7.91426501e-01 -2.22659147e+01 
 8.70963590e+04  7.48757714e-01 -2.17573836e+01 
 8.91250938e+04  7.08051108e-01 -2.12602330e+01 
 9.12010839e+04  6.69221072e-01 -2.07742106e+01 
 9.33254301e+04  6.32185882e-01 -2.02990696e+01 
 9.54992586e+04  5.96867527e-01 -1.98345680e+01 
 9.77237221e+04  5.63191558e-01 -1.93804690e+01 
 1.00000000e+05  5.31086923e-01 -1.89365409e+01 
 1.02329299e+05  5.00485835e-01 -1.85025566e+01 
 1.04712855e+05  4.71323612e-01 -1.80782941e+01 
 1.07151931e+05  4.43538556e-01 -1.76635358e+01 
 1.09647820e+05  4.17071822e-01 -1.72580692e+01 
 1.12201845e+05  3.91867289e-01 -1.68616858e+01 
 1.14815362e+05  3.67871449e-01 -1.64741821e+01 
 1.17489755e+05  3.45033284e-01 -1.60953587e+01 
 1.20226443e+05  3.23304170e-01 -1.57250207e+01 
 1.23026877e+05  3.02637762e-01 -1.53629771e+01 
 1.25892541e+05  2.82989898e-01 -1.50090416e+01 
 1.28824955e+05  2.64318510e-01 -1.46630317e+01 
 1.31825674e+05  2.46583521e-01 -1.43247688e+01 
 1.34896288e+05  2.29746767e-01 -1.39940786e+01 
 1.38038426e+05  2.13771908e-01 -1.36707903e+01 
 1.41253754e+05  1.98624350e-01 -1.33547371e+01 
 1.44543977e+05  1.84271166e-01 -1.30457561e+01 
 1.47910839e+05  1.70681021e-01 -1.27436877e+01 
 1.51356125e+05  1.57824102e-01 -1.24483761e+01 
 1.54881662e+05  1.45672051e-01 -1.21596691e+01 
 1.58489319e+05  1.34197893e-01 -1.18774178e+01 
 1.62181010e+05  1.23375978e-01 -1.16014768e+01 
 1.65958691e+05  1.13181917e-01 -1.13317040e+01 
 1.69824365e+05  1.03592524e-01 -1.10679606e+01 
 1.73780083e+05  9.45857550e-02 -1.08101110e+01 
 1.77827941e+05  8.61406585e-02 -1.05580227e+01 
 1.81970086e+05  7.82373171e-02 -1.03115664e+01 
 1.86208714e+05  7.08567975e-02 -1.00706157e+01 
 1.90546072e+05  6.39811002e-02 -9.83504733e+00 
 1.94984460e+05  5.75931087e-02 -9.60474080e+00 
 1.99526231e+05  5.16765452e-02 -9.37957855e+00 
 2.04173794e+05  4.62159200e-02 -9.15944584e+00 
 2.08929613e+05  4.11964904e-02 -8.94423065e+00 
 2.13796209e+05  3.66042137e-02 -8.73382369e+00 
 2.18776162e+05  3.24257055e-02 -8.52811829e+00 
 2.23872114e+05  2.86481978e-02 -8.32701040e+00 
 2.29086765e+05  2.52594964e-02 -8.13039851e+00 
 2.34422882e+05  2.22479433e-02 -7.93818358e+00 
 2.39883292e+05  1.96023749e-02 -7.75026904e+00 
 2.45470892e+05  1.73120848e-02 -7.56656069e+00 
 2.51188643e+05  1.53667864e-02 -7.38696668e+00 
 2.57039578e+05  1.37565759e-02 -7.21139744e+00 
 2.63026799e+05  1.24718960e-02 -7.03976563e+00 
 2.69153480e+05  1.15035017e-02 -6.87198611e+00 
 2.75422870e+05  1.08424265e-02 -6.70797588e+00 
 2.81838293e+05  1.04799483e-02 -6.54765398e+00 
 2.88403150e+05  1.04075591e-02 -6.39094154e+00 
 2.95120923e+05  1.06169328e-02 -6.23776162e+00 
 3.01995172e+05  1.10998968e-02 -6.08803924e+00 
 3.09029543e+05  1.18484029e-02 -5.94170126e+00 
 3.16227766e+05  1.28545007e-02 -5.79867640e+00 
 3.23593657e+05  1.41103122e-02 -5.65889512e+00 
 3.31131121e+05  1.56080077e-02 -5.52228959e+00 
 3.38844156e+05  1.73397845e-02 -5.38879366e+00 
 3.46736850e+05  1.92978453e-02 -5.25834277e+00 
 3.54813389e+05  2.14743807e-02 -5.13087391e+00 
 3.63078055e+05  2.38615523e-02 -5.00632558e+00 
 3.71535229e+05  2.64514783e-02 -4.88463770e+00 
 3.80189396e+05  2.92362216e-02 -4.76575158e+00 
 3.89045145e+05  3.22077796e-02 -4.64960989e+00 
 3.98107171e+05  3.53580761e-02 -4.53615654e+00 
 4.07380278e+05  3.86789571e-02 -4.42533668e+00 
 4.16869383e+05  4.21621867e-02 -4.31709663e+00 
 4.26579519e+05  4.57994473e-02 -4.21138384e+00 
 4.36515832e+05  4.95823414e-02 -4.10814682e+00 
 4.46683592e+05  5.35023952e-02 -4.00733509e+00 
 4.57088190e+05  5.75510658e-02 -3.90889916e+00 
 4.67735141e+05  6.17197493e-02 -3.81279046e+00 
 4.78630092e+05  6.59997920e-02 -3.71896128e+00 
 4.89778819e+05  7.03825030e-02 -3.62736478e+00 
 5.01187234e+05  7.48591687e-02 -3.53795491e+00 
 5.12861384e+05  7.94210690e-02 -3.45068636e+00 
 5.24807460e+05  8.40594951e-02 -3.36551457e+00 
 5.37031796e+05  8.87657685e-02 -3.28239566e+00 
 5.49540874e+05  9.35312607e-02 -3.20128641e+00 
 5.62341325e+05  9.83474142e-02 -3.12214424e+00 
 5.75439937e+05  1.03205764e-01 -3.04492718e+00 
 5.88843655e+05  1.08097957e-01 -2.96959384e+00 
 6.02559586e+05  1.13015780e-01 -2.89610341e+00 
 6.16595002e+05  1.17951171e-01 -2.82441563e+00 
 6.30957344e+05  1.22896252e-01 -2.75449078e+00 
 6.45654229e+05  1.27843338e-01 -2.68628966e+00 
 6.60693448e+05  1.32784967e-01 -2.61977360e+00 
 6.76082975e+05  1.37713910e-01 -2.55490444e+00 
 6.91830971e+05  1.42623193e-01 -2.49164453e+00 
 7.07945784e+05  1.47506112e-01 -2.42995672e+00 
 7.24435960e+05  1.52356246e-01 -2.36980439e+00 
 7.41310241e+05  1.57167473e-01 -2.31115141e+00 
 7.58577575e+05  1.61933975e-01 -2.25396217e+00 
 7.76247117e+05  1.66650253e-01 -2.19820156e+00 
 7.94328235e+05  1.71311132e-01 -2.14383502e+00 
 8.12830516e+05  1.75911763e-01 -2.09082849e+00 
 8.31763771e+05  1.80447634e-01 -2.03914845e+00 
 8.51138038e+05  1.84914564e-01 -1.98876194e+00 
 8.70963590e+05  1.89308708e-01 -1.93963650e+00 
 8.91250938e+05  1.93626552e-01 -1.89174028e+00 
 9.12010839e+05  1.97864912e-01 -1.84504194e+00 
 9.33254301e+05  2.02020926e-01 -1.79951074e+00 
 9.54992586e+05  2.06092050e-01 -1.75511649e+00 
 9.77237221e+05  2.10076052e-01 -1.71182958e+00 
 1.00000000e+06  2.13970996e-01 -1.66962099e+00 
 1.02329299e+06  2.17775240e-01 -1.62846227e+00 
 1.04712855e+06  2.21487419e-01 -1.58832557e+00 
 1.07151931e+06  2.25106438e-01 -1.54918362e+00 
 1.09647820e+06  2.28631455e-01 -1.51100974e+00 
 1.12201845e+06  2.32061871e-01 -1.47377784e+00 
 1.14815362e+06  2.35397318e-01 -1.43746243e+00 
 1.17489755e+06  2.38637639e-01 -1.40203859e+00 
 1.20226443e+06  2.41782880e-01 -1.36748198e+00 
 1.23026877e+06  2.44833277e-01 -1.33376886e+00 
 1.25892541e+06  2.47789234e-01 -1.30087604e+00 
 1.28824955e+06  2.50651318e-01 -1.26878092e+00 
 1.31825674e+06  2.53420240e-01 -1.23746145e+00 
 1.34896288e+06  2.56096845e-01 -1.20689613e+00 
 1.38038426e+06  2.58682094e-01 -1.17706402e+00 
 1.41253754e+06  2.61177058e-01 -1.14794471e+00 
 1.44543977e+06  2.63582900e-01 -1.11951832e+00 
 1.47910839e+06  2.65900863e-01 -1.09176549e+00 
 1.51356125e+06  2.68132265e-01 -1.06466736e+00 
 1.54881662e+06  2.70278481e-01 -1.03820559e+00 
 1.58489319e+06  2.72340935e-01 -1.01236229e+00 
 1.62181010e+06  2.74321093e-01 -9.87120092e-01 
 1.65958691e+06  2.76220448e-01 -9.62462052e-01 
 1.69824365e+06  2.78040518e-01 -9.38371699e-01 
 1.73780083e+06  2.79782830e-01 -9.14832994e-01 
 1.77827941e+06  2.81448921e-01 -8.91830331e-01 
 1.81970086e+06  2.83040324e-01 -8.69348516e-01 
 1.86208714e+06  2.84558563e-01 -8.47372761e-01 
 1.90546072e+06  2.86005150e-01 -8.25888667e-01 
 1.94984460e+06  2.87381574e-01 -8.04882217e-01 
 1.99526231e+06  2.88689300e-01 -7.84339759e-01 
 2.04173794e+06  2.89929765e-01 -7.64247997e-01 
 2.08929613e+06  2.91104368e-01 -7.44593978e-01 
 2.13796209e+06  2.92214471e-01 -7.25365080e-01 
 2.18776162e+06  2.93261393e-01 -7.06549003e-01 
 2.23872114e+06  2.94246411e-01 -6.88133753e-01 
 2.29086765e+06  2.95170749e-01 -6.70107632e-01 
 2.34422882e+06  2.96035583e-01 -6.52459231e-01 
 2.39883292e+06  2.96842035e-01 -6.35177413e-01 
 2.45470892e+06  2.97591172e-01 -6.18251306e-01 
 2.51188643e+06  2.98284005e-01 -6.01670291e-01 
 2.57039578e+06  2.98921485e-01 -5.85423993e-01 
 2.63026799e+06  2.99504503e-01 -5.69502269e-01 
 2.69153480e+06  3.00033891e-01 -5.53895197e-01 
 2.75422870e+06  3.00510417e-01 -5.38593070e-01 
 2.81838293e+06  3.00934788e-01 -5.23586383e-01 
 2.88403150e+06  3.01307648e-01 -5.08865824e-01 
 2.95120923e+06  3.01629576e-01 -4.94422265e-01 
 3.01995172e+06  3.01901088e-01 -4.80246755e-01 
 3.09029543e+06  3.02122638e-01 -4.66330506e-01 
 3.16227766e+06  3.02294613e-01 -4.52664887e-01 
 3.23593657e+06  3.02417338e-01 -4.39241418e-01 
 3.31131121e+06  3.02491075e-01 -4.26051755e-01 
 3.38844156e+06  3.02516023e-01 -4.13087687e-01 
 3.46736850e+06  3.02492318e-01 -4.00341125e-01 
 3.54813389e+06  3.02420034e-01 -3.87804094e-01 
 3.63078055e+06  3.02299185e-01 -3.75468726e-01 
 3.71535229e+06  3.02129725e-01 -3.63327251e-01 
 3.80189396e+06  3.01911547e-01 -3.51371989e-01 
 3.89045145e+06  3.01644489e-01 -3.39595341e-01 
 3.98107171e+06  3.01328330e-01 -3.27989784e-01 
 4.07380278e+06  3.00962794e-01 -3.16547862e-01 
 4.16869383e+06  3.00547553e-01 -3.05262178e-01 
 4.26579519e+06  3.00082225e-01 -2.94125387e-01 
 4.36515832e+06  2.99566378e-01 -2.83130189e-01 
 4.46683592e+06  2.98999533e-01 -2.72269319e-01 
 4.57088190e+06  2.98381162e-01 -2.61535545e-01 
 4.67735141e+06  2.97710697e-01 -2.50921655e-01 
 4.78630092e+06  2.96987525e-01 -2.40420456e-01 
 4.89778819e+06  2.96210996e-01 -2.30024762e-01 
 5.01187234e+06  2.95380423e-01 -2.19727389e-01 
 5.12861384e+06  2.94495087e-01 -2.09521150e-01 
 5.24807460e+06  2.93554237e-01 -1.99398847e-01 
 5.37031796e+06  2.92557098e-01 -1.89353265e-01 
 5.49540874e+06  2.91502868e-01 -1.79377165e-01 
 5.62341325e+06  2.90390730e-01 -1.69463280e-01 
 5.75439937e+06  2.89219848e-01 -1.59604307e-01 
 5.88843655e+06  2.87989375e-01 -1.49792904e-01 
 6.02559586e+06  2.86698458e-01 -1.40021681e-01 
 6.16595002e+06  2.85346238e-01 -1.30283201e-01 
 6.30957344e+06  2.83931861e-01 -1.20569968e-01 
 6.45654229e+06  2.82454476e-01 -1.10874429e-01 
 6.60693448e+06  2.80913243e-01 -1.01188964e-01 
 6.76082975e+06  2.79307338e-01 -9.15058890e-02 
 6.91830971e+06  2.77635956e-01 -8.18174451e-02 
 7.07945784e+06  2.75898319e-01 -7.21158010e-02 
 7.24435960e+06  2.74093677e-01 -6.23930479e-02 
 7.41310241e+06  2.72221315e-01 -5.26411974e-02 
 7.58577575e+06  2.70280557e-01 -4.28521795e-02 
 7.76247117e+06  2.68270770e-01 -3.30178412e-02 
 7.94328235e+06  2.66191370e-01 -2.31299451e-02 
 8.12830516e+06  2.64041825e-01 -1.31801687e-02 
 8.31763771e+06  2.61821659e-01 -3.16010335e-03 
 8.51138038e+06  2.59530455e-01  6.93874528e-03 
 8.70963590e+06  2.57167861e-01  1.71249576e-02 
 8.91250938e+06  2.54733587e-01  2.74071994e-02 
 9.12010839e+06  2.52227414e-01  3.77942216e-02 
 9.33254301e+06  2.49649191e-01  4.82948592e-02 
 9.54992586e+06  2.46998839e-01  5.89180308e-02 
 9.77237221e+06  2.44276350e-01  6.96727371e-02 
 1.00000000e+07  2.41481786e-01  8.05680606e-02 
 1.02329299e+07  2.38615283e-01  9.16131645e-02 
 1.04712855e+07  2.35677045e-01  1.02817292e-01 
 1.07151931e+07  2.32667345e-01  1.14189768e-01 
 1.09647820e+07  2.29586518e-01  1.25739993e-01 
 1.12201845e+07  2.26434966e-01  1.37477454e-01 
 1.14815362e+07  2.23213145e-01  1.49411715e-01 
 1.17489755e+07  2.19921565e-01  1.61552426e-01 
 1.20226443e+07  2.16560787e-01  1.73909322e-01 
 1.23026877e+07  2.13131413e-01  1.86492230e-01 
 1.25892541e+07  2.09634083e-01  1.99311070e-01 
 1.28824955e+07  2.06069468e-01  2.12375861e-01 
 1.31825674e+07  2.02438262e-01  2.25696733e-01 
 1.34896288e+07  1.98741179e-01  2.39283927e-01 
 1.38038426e+07  1.94978945e-01  2.53147812e-01 
 1.41253754e+07  1.91152292e-01  2.67298893e-01 
 1.44543977e+07  1.87261949e-01  2.81747822e-01 
 1.47910839e+07  1.83308642e-01  2.96505415e-01 
 1.51356125e+07  1.79293088e-01  3.11582665e-01 
 1.54881662e+07  1.75215989e-01  3.26990762e-01 
 1.58489319e+07  1.71078030e-01  3.42741110e-01 
 1.62181010e+07  1.66879883e-01  3.58845344e-01 
 1.65958691e+07  1.62622198e-01  3.75315360e-01 
 1.69824365e+07  1.58305616e-01  3.92163327e-01 
 1.73780083e+07  1.53930762e-01  4.09401721e-01 
 1.77827941e+07  1.49498262e-01  4.27043346e-01 
 1.81970086e+07  1.45008740e-01  4.45101359e-01 
 1.86208714e+07  1.40462842e-01  4.63589300e-01 
 1.90546072e+07  1.35861237e-01  4.82521120e-01 
 1.94984460e+07  1.31204642e-01  5.01911207e-01 
 1.99526231e+07  1.26493842e-01  5.21774417e-01 
 2.04173794e+07  1.21729705e-01  5.42126102e-01 
 2.08929613e+07  1.16913220e-01  5.62982139e-01 
 2.13796209e+07  1.12045517e-01  5.84358954e-01 
 2.18776162e+07  1.07127906e-01  6.06273556e-01 
 2.23872114e+07  1.02161915e-01  6.28743556e-01 
 2.29086765e+07  9.71493271e-02  6.51787196e-01 
 2.34422882e+07  9.20922313e-02  6.75423366e-01 
 2.39883292e+07  8.69930677e-02  6.99671629e-01 
 2.45470892e+07  8.18546828e-02  7.24552234e-01 
 2.51188643e+07  7.66803863e-02  7.50086129e-01 
 2.57039578e+07  7.14740119e-02  7.76294973e-01 
 2.63026799e+07  6.62399829e-02  8.03201138e-01 
 2.69153480e+07  6.09833797e-02  8.30827711e-01 
 2.75422870e+07  5.57100122e-02  8.59198486e-01 
 2.81838293e+07  5.04264942e-02  8.88337955e-01 
 2.88403150e+07  4.51403209e-02  9.18271284e-01 
 2.95120923e+07  3.98599482e-02  9.49024293e-01 
 3.01995172e+07  3.45948737e-02  9.80623416e-01 
 3.09029543e+07  2.93557190e-02  1.01309566e+00 
 3.16227766e+07  2.41543116e-02  1.04646856e+00 
 3.23593657e+07  1.90037664e-02  1.08077009e+00 
 3.31131121e+07  1.39185650e-02  1.11602863e+00 
 3.38844156e+07  8.91463245e-03  1.15227286e+00 
 3.46736850e+07  4.00941005e-03  1.18953164e+00 
 3.54813389e+07 -7.78078226e-04  1.22783397e+00 
 3.63078055e+07 -5.42716578e-03  1.26720881e+00 
 3.71535229e+07 -9.91549245e-03  1.30768497e+00 
 3.80189396e+07 -1.42189640e-02  1.34929100e+00 
 3.89045145e+07 -1.83117241e-02  1.39205499e+00 
 3.98107171e+07 -2.21661400e-02  1.43600444e+00 
 4.07380278e+07 -2.57528050e-02  1.48116610e+00 
 4.16869383e+07 -2.90405581e-02  1.52756576e+00 
 4.26579519e+07 -3.19965238e-02  1.57522812e+00 
 4.36515832e+07 -3.45861730e-02  1.62417656e+00 
 4.46683592e+07 -3.67734072e-02  1.67443296e+00 
 4.57088190e+07 -3.85206657e-02  1.72601756e+00 
 4.67735141e+07 -3.97890588e-02  1.77894874e+00 
 4.78630092e+07 -4.05385256e-02  1.83324287e+00 
 4.89778819e+07 -4.07280177e-02  1.88891413e+00 
 5.01187234e+07 -4.03157071e-02  1.94597442e+00 
 5.12861384e+07 -3.92592185e-02  2.00443319e+00 
 5.24807460e+07 -3.75158833e-02  2.06429738e+00 
 5.37031796e+07 -3.50430126e-02  2.12557133e+00 
 5.49540874e+07 -3.17981874e-02  2.18825674e+00 
 5.62341325e+07 -2.77395610e-02  2.25235270e+00 
 5.75439937e+07 -2.28261691e-02  2.31785569e+00 
 5.88843655e+07 -1.70182441e-02  2.38475969e+00 
 6.02559586e+07 -1.02775257e-02  2.45305628e+00 
 6.16595002e+07 -2.56756447e-03  2.52273478e+00 
 6.30957344e+07  6.14598996e-03  2.59378250e+00 
 6.45654229e+07  1.58951205e-02  2.66618494e+00 
 6.60693448e+07  2.67092014e-02  2.73992609e+00 
 6.76082975e+07  3.86147890e-02  2.81498875e+00 
 6.91830971e+07  5.16354505e-02  2.89135485e+00 
 7.07945784e+07  6.57916354e-02  2.96900587e+00 
 7.24435960e+07  8.11005922e-02  3.04792317e+00 
 7.41310241e+07  9.75763356e-02  3.12808845e+00 
 7.58577575e+07  1.15229664e-01  3.20948412e+00 
 7.76247117e+07  1.34068227e-01  3.29209375e+00 
 7.94328235e+07  1.54096648e-01  3.37590243e+00 
 8.12830516e+07  1.75316696e-01  3.46089719e+00 
 8.31763771e+07  1.97727496e-01  3.54706735e+00 
 8.51138038e+07  2.21325796e-01  3.63440486e+00 
 8.70963590e+07  2.46106264e-01  3.72290462e+00 
 8.91250938e+07  2.72061820e-01  3.81256472e+00 
 9.12010839e+07  2.99183997e-01  3.90338667e+00 
 9.33254301e+07  3.27463323e-01  3.99537561e+00 
 9.54992586e+07  3.56889715e-01  4.08854041e+00 
 9.77237221e+07  3.87452893e-01  4.18289380e+00 
 1.00000000e+08  4.19142778e-01  4.27845235e+00 
 1.02329299e+08  4.51949909e-01  4.37523657e+00 
 1.04712855e+08  4.85865832e-01  4.47327076e+00 
 1.07151931e+08  5.20883490e-01  4.57258303e+00 
 1.09647820e+08  5.56997591e-01  4.67320510e+00 
 1.12201845e+08  5.94204954e-01  4.77517223e+00 
 1.14815362e+08  6.32504837e-01  4.87852299e+00 
 1.17489755e+08  6.71899239e-01  4.98329908e+00 
 1.20226443e+08  7.12393174e-01  5.08954512e+00 
 1.23026877e+08  7.53994918e-01  5.19730841e+00 
 1.25892541e+08  7.96716241e-01  5.30663867e+00 
 1.28824955e+08  8.40572596e-01  5.41758783e+00 
 1.31825674e+08  8.85583299e-01  5.53020971e+00 
 1.34896288e+08  9.31771679e-01  5.64455980e+00 
 1.38038426e+08  9.79165205e-01  5.76069501e+00 
 1.41253754e+08  1.02779560e+00  5.87867336e+00 
 1.44543977e+08  1.07769894e+00  5.99855376e+00 
 1.47910839e+08  1.12891570e+00  6.12039575e+00 
 1.51356125e+08  1.18149087e+00  6.24425927e+00 
 1.54881662e+08  1.23547398e+00  6.37020437e+00 
 1.58489319e+08  1.29091913e+00  6.49829104e+00 
 1.62181010e+08  1.34788504e+00  6.62857894e+00 
 1.65958691e+08  1.40643511e+00  6.76112718e+00 
 1.69824365e+08  1.46663739e+00  6.89599412e+00 
 1.73780083e+08  1.52856467e+00  7.03323715e+00 
 1.77827941e+08  1.59229442e+00  7.17291245e+00 
 1.81970086e+08  1.65790891e+00  7.31507483e+00 
 1.86208714e+08  1.72549513e+00  7.45977748e+00 
 1.90546072e+08  1.79514492e+00  7.60707179e+00 
 1.94984460e+08  1.86695488e+00  7.75700713e+00 
 1.99526231e+08  1.94102648e+00  7.90963060e+00 
 2.04173794e+08  2.01746605e+00  8.06498689e+00 
 2.08929613e+08  2.09638481e+00  8.22311798e+00 
 2.13796209e+08  2.17789891e+00  8.38406294e+00 
 2.18776162e+08  2.26212942e+00  8.54785771e+00 
 2.23872114e+08  2.34920240e+00  8.71453480e+00 
 2.29086765e+08  2.43924889e+00  8.88412310e+00 
 2.34422882e+08  2.53240496e+00  9.05664751e+00 
 2.39883292e+08  2.62881170e+00  9.23212878e+00 
 2.45470892e+08  2.72861526e+00  9.41058309e+00 
 2.51188643e+08  2.83196684e+00  9.59202181e+00 
 2.57039578e+08  2.93902269e+00  9.77645117e+00 
 2.63026799e+08  3.04994411e+00  9.96387186e+00 
 2.69153480e+08  3.16489741e+00  1.01542787e+01 
 2.75422870e+08  3.28405390e+00  1.03476604e+01 
 2.81838293e+08  3.40758982e+00  1.05439987e+01 
 2.88403150e+08  3.53568629e+00  1.07432687e+01 
 2.95120923e+08  3.66852921e+00  1.09454377e+01 
 3.01995172e+08  3.80630917e+00  1.11504651e+01 
 3.09029543e+08  3.94922130e+00  1.13583020e+01 
 3.16227766e+08  4.09746512e+00  1.15688906e+01 
 3.23593657e+08  4.25124437e+00  1.17821636e+01 
 3.31131121e+08  4.41076677e+00  1.19980438e+01 
 3.38844156e+08  4.57624378e+00  1.22164436e+01 
 3.46736850e+08  4.74789029e+00  1.24372643e+01 
 3.54813389e+08  4.92592433e+00  1.26603957e+01 
 3.63078055e+08  5.11056666e+00  1.28857157e+01 
 3.71535229e+08  5.30204037e+00  1.31130891e+01 
 3.80189396e+08  5.50057040e+00  1.33423676e+01 
 3.89045145e+08  5.70638304e+00  1.35733892e+01 
 3.98107171e+08  5.91970532e+00  1.38059772e+01 
 4.07380278e+08  6.14076441e+00  1.40399401e+01 
 4.16869383e+08  6.36978693e+00  1.42750705e+01 
 4.26579519e+08  6.60699814e+00  1.45111453e+01 
 4.36515832e+08  6.85262120e+00  1.47479245e+01 
 4.46683592e+08  7.10687620e+00  1.49851507e+01 
 4.57088190e+08  7.36997927e+00  1.52225493e+01 
 4.67735141e+08  7.64214150e+00  1.54598272e+01 
 4.78630092e+08  7.92356786e+00  1.56966730e+01 
 4.89778819e+08  8.21445604e+00  1.59327564e+01 
 5.01187234e+08  8.51499519e+00  1.61677279e+01 
 5.12861384e+08  8.82536460e+00  1.64012187e+01 
 5.24807460e+08  9.14573233e+00  1.66328403e+01 
 5.37031796e+08  9.47625376e+00  1.68621850e+01 
 5.49540874e+08  9.81707006e+00  1.70888250e+01 
 5.62341325e+08  1.01683066e+01  1.73123135e+01 
 5.75439937e+08  1.05300714e+01  1.75321842e+01 
 5.88843655e+08  1.09024534e+01  1.77479522e+01 
 6.02559586e+08  1.12855206e+01  1.79591141e+01 
 6.16595002e+08  1.16793186e+01  1.81651489e+01 
 6.30957344e+08  1.20838687e+01  1.83655184e+01 
 6.45654229e+08  1.24991660e+01  1.85596688e+01 
 6.60693448e+08  1.29251778e+01  1.87470310e+01 
 6.76082975e+08  1.33618417e+01  1.89270225e+01 
 6.91830971e+08  1.38090641e+01  1.90990484e+01 
 7.07945784e+08  1.42667180e+01  1.92625034e+01 
 7.24435960e+08  1.47346423e+01  1.94167733e+01 
 7.41310241e+08  1.52126391e+01  1.95612371e+01 
 7.58577575e+08  1.57004734e+01  1.96952691e+01 
 7.76247117e+08  1.61978711e+01  1.98182415e+01 
 7.94328235e+08  1.67045178e+01  1.99295265e+01 
 8.12830516e+08  1.72200584e+01  2.00284992e+01 
 8.31763771e+08  1.77440957e+01  2.01145406e+01 
 8.51138038e+08  1.82761901e+01  2.01870400e+01 
 8.70963590e+08  1.88158590e+01  2.02453990e+01 
 8.91250938e+08  1.93625771e+01  2.02890340e+01 
 9.12010839e+08  1.99157758e+01  2.03173795e+01 
 9.33254301e+08  2.04748443e+01  2.03298921e+01 
 9.54992586e+08  2.10391299e+01  2.03260532e+01 
 9.77237221e+08  2.16079390e+01  2.03053730e+01 
 1.00000000e+09  2.21805387e+01  2.02673935e+01 
