 frequency       onoise_spectrum inoise_spectrum
 1.00000000e+00  7.25470752e-06  2.27275912e-07 
 1.02329299e+00  7.18004771e-06  2.24936965e-07 
 1.04712855e+00  7.10616781e-06  2.22622451e-07 
 1.07151931e+00  7.03305958e-06  2.20332112e-07 
 1.09647820e+00  6.96071481e-06  2.18065691e-07 
 1.12201845e+00  6.88912544e-06  2.15822935e-07 
 1.14815362e+00  6.81828344e-06  2.13603593e-07 
 1.17489755e+00  6.74818091e-06  2.11407416e-07 
 1.20226443e+00  6.67881001e-06  2.09234160e-07 
 1.23026877e+00  6.61016299e-06  2.07083583e-07 
 1.25892541e+00  6.54223219e-06  2.04955442e-07 
 1.28824955e+00  6.47501003e-06  2.02849503e-07 
 1.31825674e+00  6.40848900e-06  2.00765528e-07 
 1.34896288e+00  6.34266169e-06  1.98703286e-07 
 1.38038426e+00  6.27752076e-06  1.96662547e-07 
 1.41253754e+00  6.21305894e-06  1.94643083e-07 
 1.44543977e+00  6.14926904e-06  1.92644669e-07 
 1.47910839e+00  6.08614397e-06  1.90667083e-07 
 1.51356125e+00  6.02367670e-06  1.88710105e-07 
 1.54881662e+00  5.96186027e-06  1.86773516e-07 
 1.58489319e+00  5.90068779e-06  1.84857101e-07 
 1.62181010e+00  5.84015247e-06  1.82960647e-07 
 1.65958691e+00  5.78024758e-06  1.81083943e-07 
 1.69824365e+00  5.72096644e-06  1.79226780e-07 
 1.73780083e+00  5.66230248e-06  1.77388951e-07 
 1.77827941e+00  5.60424917e-06  1.75570254e-07 
 1.81970086e+00  5.54680006e-06  1.73770485e-07 
 1.86208714e+00  5.48994879e-06  1.71989445e-07 
 1.90546072e+00  5.43368902e-06  1.70226936e-07 
 1.94984460e+00  5.37801454e-06  1.68482762e-07 
 1.99526231e+00  5.32291915e-06  1.66756730e-07 
 2.04173794e+00  5.26839675e-06  1.65048649e-07 
 2.08929613e+00  5.21444129e-06  1.63358329e-07 
 2.13796209e+00  5.16104679e-06  1.61685583e-07 
 2.18776162e+00  5.10820734e-06  1.60030226e-07 
 2.23872114e+00  5.05591709e-06  1.58392074e-07 
 2.29086765e+00  5.00417025e-06  1.56770946e-07 
 2.34422882e+00  4.95296109e-06  1.55166662e-07 
 2.39883292e+00  4.90228394e-06  1.53579045e-07 
 2.45470892e+00  4.85213320e-06  1.52007920e-07 
 2.51188643e+00  4.80250332e-06  1.50453112e-07 
 2.57039578e+00  4.75338883e-06  1.48914450e-07 
 2.63026799e+00  4.70478428e-06  1.47391764e-07 
 2.69153480e+00  4.65668431e-06  1.45884885e-07 
 2.75422870e+00  4.60908362e-06  1.44393648e-07 
 2.81838293e+00  4.56197694e-06  1.42917887e-07 
 2.88403150e+00  4.51535907e-06  1.41457440e-07 
 2.95120923e+00  4.46922488e-06  1.40012145e-07 
 3.01995172e+00  4.42356928e-06  1.38581844e-07 
 3.09029543e+00  4.37838723e-06  1.37166378e-07 
 3.16227766e+00  4.33367375e-06  1.35765591e-07 
 3.23593657e+00  4.28942392e-06  1.34379330e-07 
 3.31131121e+00  4.24563287e-06  1.33007441e-07 
 3.38844156e+00  4.20229576e-06  1.31649774e-07 
 3.46736850e+00  4.15940783e-06  1.30306178e-07 
 3.54813389e+00  4.11696437e-06  1.28976507e-07 
 3.63078055e+00  4.07496070e-06  1.27660613e-07 
 3.71535229e+00  4.03339221e-06  1.26358353e-07 
 3.80189396e+00  3.99225432e-06  1.25069583e-07 
 3.89045145e+00  3.95154251e-06  1.23794161e-07 
 3.98107171e+00  3.91125232e-06  1.22531947e-07 
 4.07380278e+00  3.87137931e-06  1.21282803e-07 
 4.16869383e+00  3.83191911e-06  1.20046592e-07 
 4.26579519e+00  3.79286739e-06  1.18823177e-07 
 4.36515832e+00  3.75421986e-06  1.17612425e-07 
 4.46683592e+00  3.71597229e-06  1.16414203e-07 
 4.57088190e+00  3.67812048e-06  1.15228379e-07 
 4.67735141e+00  3.64066029e-06  1.14054824e-07 
 4.78630092e+00  3.60358760e-06  1.12893408e-07 
 4.89778819e+00  3.56689836e-06  1.11744006e-07 
 5.01187234e+00  3.53058854e-06  1.10606490e-07 
 5.12861384e+00  3.49465419e-06  1.09480736e-07 
 5.24807460e+00  3.45909135e-06  1.08366621e-07 
 5.37031796e+00  3.42389615e-06  1.07264024e-07 
 5.49540874e+00  3.38906472e-06  1.06172823e-07 
 5.62341325e+00  3.35459328e-06  1.05092899e-07 
 5.75439937e+00  3.32047804e-06  1.04024135e-07 
 5.88843655e+00  3.28671528e-06  1.02966413e-07 
 6.02559586e+00  3.25330131e-06  1.01919618e-07 
 6.16595002e+00  3.22023248e-06  1.00883636e-07 
 6.30957344e+00  3.18750519e-06  9.98583538e-08 
 6.45654229e+00  3.15511586e-06  9.88436590e-08 
 6.60693448e+00  3.12306097e-06  9.78394412e-08 
 6.76082975e+00  3.09133700e-06  9.68455910e-08 
 6.91830971e+00  3.05994051e-06  9.58619999e-08 
 7.07945784e+00  3.02886808e-06  9.48885608e-08 
 7.24435960e+00  2.99811631e-06  9.39251676e-08 
 7.41310241e+00  2.96768187e-06  9.29717155e-08 
 7.58577575e+00  2.93756143e-06  9.20281006e-08 
 7.76247117e+00  2.90775172e-06  9.10942201e-08 
 7.94328235e+00  2.87824949e-06  9.01699726e-08 
 8.12830516e+00  2.84905154e-06  8.92552574e-08 
 8.31763771e+00  2.82015469e-06  8.83499752e-08 
 8.51138038e+00  2.79155580e-06  8.74540274e-08 
 8.70963590e+00  2.76325176e-06  8.65673167e-08 
 8.91250938e+00  2.73523949e-06  8.56897469e-08 
 9.12010839e+00  2.70751597e-06  8.48212226e-08 
 9.33254301e+00  2.68007816e-06  8.39616495e-08 
 9.54992586e+00  2.65292311e-06  8.31109343e-08 
 9.77237221e+00  2.62604785e-06  8.22689847e-08 
 1.00000000e+01  2.59944949e-06  8.14357094e-08 
 1.02329299e+01  2.57312512e-06  8.06110181e-08 
 1.04712855e+01  2.54707190e-06  7.97948213e-08 
 1.07151931e+01  2.52128701e-06  7.89870307e-08 
 1.09647820e+01  2.49576765e-06  7.81875587e-08 
 1.12201845e+01  2.47051106e-06  7.73963187e-08 
 1.14815362e+01  2.44551451e-06  7.66132252e-08 
 1.17489755e+01  2.42077528e-06  7.58381932e-08 
 1.20226443e+01  2.39629071e-06  7.50711391e-08 
 1.23026877e+01  2.37205814e-06  7.43119798e-08 
 1.25892541e+01  2.34807496e-06  7.35606332e-08 
 1.28824955e+01  2.32433857e-06  7.28170182e-08 
 1.31825674e+01  2.30084641e-06  7.20810543e-08 
 1.34896288e+01  2.27759594e-06  7.13526622e-08 
 1.38038426e+01  2.25458465e-06  7.06317630e-08 
 1.41253754e+01  2.23181005e-06  6.99182791e-08 
 1.44543977e+01  2.20926969e-06  6.92121334e-08 
 1.47910839e+01  2.18696114e-06  6.85132498e-08 
 1.51356125e+01  2.16488199e-06  6.78215528e-08 
 1.54881662e+01  2.14302986e-06  6.71369678e-08 
 1.58489319e+01  2.12140239e-06  6.64594212e-08 
 1.62181010e+01  2.09999725e-06  6.57888398e-08 
 1.65958691e+01  2.07881214e-06  6.51251515e-08 
 1.69824365e+01  2.05784478e-06  6.44682848e-08 
 1.73780083e+01  2.03709291e-06  6.38181690e-08 
 1.77827941e+01  2.01655430e-06  6.31747341e-08 
 1.81970086e+01  1.99622673e-06  6.25379108e-08 
 1.86208714e+01  1.97610803e-06  6.19076308e-08 
 1.90546072e+01  1.95619602e-06  6.12838262e-08 
 1.94984460e+01  1.93648857e-06  6.06664300e-08 
 1.99526231e+01  1.91698356e-06  6.00553758e-08 
 2.04173794e+01  1.89767889e-06  5.94505980e-08 
 2.08929613e+01  1.87857249e-06  5.88520317e-08 
 2.13796209e+01  1.85966232e-06  5.82596126e-08 
 2.18776162e+01  1.84094633e-06  5.76732771e-08 
 2.23872114e+01  1.82242253e-06  5.70929623e-08 
 2.29086765e+01  1.80408892e-06  5.65186060e-08 
 2.34422882e+01  1.78594355e-06  5.59501466e-08 
 2.39883292e+01  1.76798446e-06  5.53875232e-08 
 2.45470892e+01  1.75020973e-06  5.48306754e-08 
 2.51188643e+01  1.73261746e-06  5.42795437e-08 
 2.57039578e+01  1.71520576e-06  5.37340690e-08 
 2.63026799e+01  1.69797277e-06  5.31941928e-08 
 2.69153480e+01  1.68091665e-06  5.26598575e-08 
 2.75422870e+01  1.66403556e-06  5.21310059e-08 
 2.81838293e+01  1.64732771e-06  5.16075813e-08 
 2.88403150e+01  1.63079131e-06  5.10895279e-08 
 2.95120923e+01  1.61442458e-06  5.05767902e-08 
 3.01995172e+01  1.59822579e-06  5.00693134e-08 
 3.09029543e+01  1.58219320e-06  4.95670434e-08 
 3.16227766e+01  1.56632509e-06  4.90699264e-08 
 3.23593657e+01  1.55061978e-06  4.85779095e-08 
 3.31131121e+01  1.53507559e-06  4.80909401e-08 
 3.38844156e+01  1.51969085e-06  4.76089662e-08 
 3.46736850e+01  1.50446393e-06  4.71319364e-08 
 3.54813389e+01  1.48939321e-06  4.66597999e-08 
 3.63078055e+01  1.47447707e-06  4.61925062e-08 
 3.71535229e+01  1.45971393e-06  4.57300057e-08 
 3.80189396e+01  1.44510222e-06  4.52722491e-08 
 3.89045145e+01  1.43064037e-06  4.48191875e-08 
 3.98107171e+01  1.41632685e-06  4.43707727e-08 
 4.07380278e+01  1.40216014e-06  4.39269570e-08 
 4.16869383e+01  1.38813872e-06  4.34876932e-08 
 4.26579519e+01  1.37426111e-06  4.30529346e-08 
 4.36515832e+01  1.36052583e-06  4.26226348e-08 
 4.46683592e+01  1.34693141e-06  4.21967481e-08 
 4.57088190e+01  1.33347642e-06  4.17752294e-08 
 4.67735141e+01  1.32015942e-06  4.13580337e-08 
 4.78630092e+01  1.30697900e-06  4.09451167e-08 
 4.89778819e+01  1.29393377e-06  4.05364347e-08 
 5.01187234e+01  1.28102232e-06  4.01319442e-08 
 5.12861384e+01  1.26824330e-06  3.97316022e-08 
 5.24807460e+01  1.25559534e-06  3.93353664e-08 
 5.37031796e+01  1.24307712e-06  3.89431946e-08 
 5.49540874e+01  1.23068729e-06  3.85550452e-08 
 5.62341325e+01  1.21842454e-06  3.81708772e-08 
 5.75439937e+01  1.20628758e-06  3.77906498e-08 
 5.88843655e+01  1.19427512e-06  3.74143227e-08 
 6.02559586e+01  1.18238588e-06  3.70418560e-08 
 6.16595002e+01  1.17061862e-06  3.66732103e-08 
 6.30957344e+01  1.15897207e-06  3.63083466e-08 
 6.45654229e+01  1.14744501e-06  3.59472263e-08 
 6.60693448e+01  1.13603622e-06  3.55898111e-08 
 6.76082975e+01  1.12474450e-06  3.52360632e-08 
 6.91830971e+01  1.11356864e-06  3.48859452e-08 
 7.07945784e+01  1.10250747e-06  3.45394202e-08 
 7.24435960e+01  1.09155981e-06  3.41964514e-08 
 7.41310241e+01  1.08072452e-06  3.38570027e-08 
 7.58577575e+01  1.07000044e-06  3.35210381e-08 
 7.76247117e+01  1.05938644e-06  3.31885222e-08 
 7.94328235e+01  1.04888141e-06  3.28594200e-08 
 8.12830516e+01  1.03848423e-06  3.25336966e-08 
 8.31763771e+01  1.02819381e-06  3.22113176e-08 
 8.51138038e+01  1.01800906e-06  3.18922491e-08 
 8.70963590e+01  1.00792891e-06  3.15764575e-08 
 8.91250938e+01  9.97952287e-07  3.12639094e-08 
 9.12010839e+01  9.88078150e-07  3.09545718e-08 
 9.33254301e+01  9.78305455e-07  3.06484123e-08 
 9.54992586e+01  9.68633173e-07  3.03453984e-08 
 9.77237221e+01  9.59060284e-07  3.00454984e-08 
 1.00000000e+02  9.49585780e-07  2.97486806e-08 
 1.02329299e+02  9.40208665e-07  2.94549138e-08 
 1.04712855e+02  9.30927951e-07  2.91641670e-08 
 1.07151931e+02  9.21742661e-07  2.88764098e-08 
 1.09647820e+02  9.12651830e-07  2.85916117e-08 
 1.12201845e+02  9.03654502e-07  2.83097428e-08 
 1.14815362e+02  8.94749729e-07  2.80307736e-08 
 1.17489755e+02  8.85936578e-07  2.77546747e-08 
 1.20226443e+02  8.77214120e-07  2.74814170e-08 
 1.23026877e+02  8.68581440e-07  2.72109719e-08 
 1.25892541e+02  8.60037632e-07  2.69433110e-08 
 1.28824955e+02  8.51581797e-07  2.66784061e-08 
 1.31825674e+02  8.43213049e-07  2.64162295e-08 
 1.34896288e+02  8.34930508e-07  2.61567536e-08 
 1.38038426e+02  8.26733306e-07  2.58999512e-08 
 1.41253754e+02  8.18620582e-07  2.56457953e-08 
 1.44543977e+02  8.10591486e-07  2.53942593e-08 
 1.47910839e+02  8.02645176e-07  2.51453169e-08 
 1.51356125e+02  7.94780819e-07  2.48989418e-08 
 1.54881662e+02  7.86997590e-07  2.46551084e-08 
 1.58489319e+02  7.79294674e-07  2.44137910e-08 
 1.62181010e+02  7.71671263e-07  2.41749644e-08 
 1.65958691e+02  7.64126560e-07  2.39386035e-08 
 1.69824365e+02  7.56659774e-07  2.37046836e-08 
 1.73780083e+02  7.49270123e-07  2.34731802e-08 
 1.77827941e+02  7.41956833e-07  2.32440690e-08 
 1.81970086e+02  7.34719140e-07  2.30173262e-08 
 1.86208714e+02  7.27556286e-07  2.27929279e-08 
 1.90546072e+02  7.20467522e-07  2.25708507e-08 
 1.94984460e+02  7.13452106e-07  2.23510713e-08 
 1.99526231e+02  7.06509304e-07  2.21335669e-08 
 2.04173794e+02  6.99638391e-07  2.19183145e-08 
 2.08929613e+02  6.92838648e-07  2.17052918e-08 
 2.13796209e+02  6.86109365e-07  2.14944765e-08 
 2.18776162e+02  6.79449838e-07  2.12858465e-08 
 2.23872114e+02  6.72859372e-07  2.10793800e-08 
 2.29086765e+02  6.66337278e-07  2.08750555e-08 
 2.34422882e+02  6.59882875e-07  2.06728516e-08 
 2.39883292e+02  6.53495489e-07  2.04727473e-08 
 2.45470892e+02  6.47174453e-07  2.02747215e-08 
 2.51188643e+02  6.40919107e-07  2.00787537e-08 
 2.57039578e+02  6.34728799e-07  1.98848234e-08 
 2.63026799e+02  6.28602881e-07  1.96929104e-08 
 2.69153480e+02  6.22540716e-07  1.95029945e-08 
 2.75422870e+02  6.16541670e-07  1.93150561e-08 
 2.81838293e+02  6.10605117e-07  1.91290755e-08 
 2.88403150e+02  6.04730439e-07  1.89450333e-08 
 2.95120923e+02  5.98917023e-07  1.87629103e-08 
 3.01995172e+02  5.93164262e-07  1.85826876e-08 
 3.09029543e+02  5.87471556e-07  1.84043462e-08 
 3.16227766e+02  5.81838312e-07  1.82278677e-08 
 3.23593657e+02  5.76263943e-07  1.80532336e-08 
 3.31131121e+02  5.70747867e-07  1.78804257e-08 
 3.38844156e+02  5.65289509e-07  1.77094260e-08 
 3.46736850e+02  5.59888302e-07  1.75402168e-08 
 3.54813389e+02  5.54543680e-07  1.73727803e-08 
 3.63078055e+02  5.49255089e-07  1.72070990e-08 
 3.71535229e+02  5.44021976e-07  1.70431558e-08 
 3.80189396e+02  5.38843796e-07  1.68809336e-08 
 3.89045145e+02  5.33720009e-07  1.67204154e-08 
 3.98107171e+02  5.28650082e-07  1.65615846e-08 
 4.07380278e+02  5.23633486e-07  1.64044245e-08 
 4.16869383e+02  5.18669698e-07  1.62489187e-08 
 4.26579519e+02  5.13758202e-07  1.60950512e-08 
 4.36515832e+02  5.08898485e-07  1.59428058e-08 
 4.46683592e+02  5.04090042e-07  1.57921668e-08 
 4.57088190e+02  4.99332370e-07  1.56431183e-08 
 4.67735141e+02  4.94624974e-07  1.54956448e-08 
 4.78630092e+02  4.89967363e-07  1.53497311e-08 
 4.89778819e+02  4.85359052e-07  1.52053618e-08 
 5.01187234e+02  4.80799561e-07  1.50625219e-08 
 5.12861384e+02  4.76288414e-07  1.49211966e-08 
 5.24807460e+02  4.71825141e-07  1.47813711e-08 
 5.37031796e+02  4.67409276e-07  1.46430308e-08 
 5.49540874e+02  4.63040359e-07  1.45061613e-08 
 5.62341325e+02  4.58717934e-07  1.43707483e-08 
 5.75439937e+02  4.54441551e-07  1.42367777e-08 
 5.88843655e+02  4.50210762e-07  1.41042355e-08 
 6.02559586e+02  4.46025127e-07  1.39731079e-08 
 6.16595002e+02  4.41884208e-07  1.38433812e-08 
 6.30957344e+02  4.37787574e-07  1.37150418e-08 
 6.45654229e+02  4.33734795e-07  1.35880764e-08 
 6.60693448e+02  4.29725450e-07  1.34624716e-08 
 6.76082975e+02  4.25759119e-07  1.33382144e-08 
 6.91830971e+02  4.21835386e-07  1.32152917e-08 
 7.07945784e+02  4.17953843e-07  1.30936908e-08 
 7.24435960e+02  4.14114083e-07  1.29733988e-08 
 7.41310241e+02  4.10315704e-07  1.28544033e-08 
 7.58577575e+02  4.06558309e-07  1.27366917e-08 
 7.76247117e+02  4.02841503e-07  1.26202517e-08 
 7.94328235e+02  3.99164899e-07  1.25050712e-08 
 8.12830516e+02  3.95528110e-07  1.23911380e-08 
 8.31763771e+02  3.91930754e-07  1.22784402e-08 
 8.51138038e+02  3.88372455e-07  1.21669660e-08 
 8.70963590e+02  3.84852840e-07  1.20567036e-08 
 8.91250938e+02  3.81371537e-07  1.19476416e-08 
 9.12010839e+02  3.77928182e-07  1.18397683e-08 
 9.33254301e+02  3.74522412e-07  1.17330726e-08 
 9.54992586e+02  3.71153869e-07  1.16275432e-08 
 9.77237221e+02  3.67822198e-07  1.15231688e-08 
 1.00000000e+03  3.64527048e-07  1.14199387e-08 
 1.02329299e+03  3.61268071e-07  1.13178418e-08 
 1.04712855e+03  3.58044924e-07  1.12168674e-08 
 1.07151931e+03  3.54857266e-07  1.11170048e-08 
 1.09647820e+03  3.51704761e-07  1.10182434e-08 
 1.12201845e+03  3.48587073e-07  1.09205729e-08 
 1.14815362e+03  3.45503875e-07  1.08239829e-08 
 1.17489755e+03  3.42454838e-07  1.07284631e-08 
 1.20226443e+03  3.39439638e-07  1.06340035e-08 
 1.23026877e+03  3.36457957e-07  1.05405939e-08 
 1.25892541e+03  3.33509476e-07  1.04482244e-08 
 1.28824955e+03  3.30593882e-07  1.03568852e-08 
 1.31825674e+03  3.27710864e-07  1.02665666e-08 
 1.34896288e+03  3.24860115e-07  1.01772590e-08 
 1.38038426e+03  3.22041329e-07  1.00889527e-08 
 1.41253754e+03  3.19254205e-07  1.00016384e-08 
 1.44543977e+03  3.16498446e-07  9.91530671e-09 
 1.47910839e+03  3.13773754e-07  9.82994833e-09 
 1.51356125e+03  3.11079838e-07  9.74555413e-09 
 1.54881662e+03  3.08416407e-07  9.66211502e-09 
 1.58489319e+03  3.05783175e-07  9.57962201e-09 
 1.62181010e+03  3.03179857e-07  9.49806620e-09 
 1.65958691e+03  3.00606172e-07  9.41743877e-09 
 1.69824365e+03  2.98061842e-07  9.33773100e-09 
 1.73780083e+03  2.95546589e-07  9.25893424e-09 
 1.77827941e+03  2.93060142e-07  9.18103992e-09 
 1.81970086e+03  2.90602228e-07  9.10403957e-09 
 1.86208714e+03  2.88172581e-07  9.02792479e-09 
 1.90546072e+03  2.85770934e-07  8.95268727e-09 
 1.94984460e+03  2.83397024e-07  8.87831875e-09 
 1.99526231e+03  2.81050590e-07  8.80481107e-09 
 2.04173794e+03  2.78731376e-07  8.73215616e-09 
 2.08929613e+03  2.76439124e-07  8.66034601e-09 
 2.13796209e+03  2.74173581e-07  8.58937267e-09 
 2.18776162e+03  2.71934497e-07  8.51922828e-09 
 2.23872114e+03  2.69721622e-07  8.44990507e-09 
 2.29086765e+03  2.67534710e-07  8.38139530e-09 
 2.34422882e+03  2.65373518e-07  8.31369133e-09 
 2.39883292e+03  2.63237802e-07  8.24678560e-09 
 2.45470892e+03  2.61127324e-07  8.18067058e-09 
 2.51188643e+03  2.59041845e-07  8.11533883e-09 
 2.57039578e+03  2.56981131e-07  8.05078299e-09 
 2.63026799e+03  2.54944947e-07  7.98699574e-09 
 2.69153480e+03  2.52933063e-07  7.92396984e-09 
 2.75422870e+03  2.50945249e-07  7.86169811e-09 
 2.81838293e+03  2.48981278e-07  7.80017344e-09 
 2.88403150e+03  2.47040924e-07  7.73938876e-09 
 2.95120923e+03  2.45123964e-07  7.67933708e-09 
 3.01995172e+03  2.43230176e-07  7.62001147e-09 
 3.09029543e+03  2.41359342e-07  7.56140506e-09 
 3.16227766e+03  2.39511242e-07  7.50351102e-09 
 3.23593657e+03  2.37685662e-07  7.44632260e-09 
 3.31131121e+03  2.35882387e-07  7.38983310e-09 
 3.38844156e+03  2.34101205e-07  7.33403586e-09 
 3.46736850e+03  2.32341905e-07  7.27892430e-09 
 3.54813389e+03  2.30604279e-07  7.22449189e-09 
 3.63078055e+03  2.28888118e-07  7.17073212e-09 
 3.71535229e+03  2.27193218e-07  7.11763859e-09 
 3.80189396e+03  2.25519375e-07  7.06520489e-09 
 3.89045145e+03  2.23866386e-07  7.01342471e-09 
 3.98107171e+03  2.22234051e-07  6.96229176e-09 
 4.07380278e+03  2.20622171e-07  6.91179983e-09 
 4.16869383e+03  2.19030548e-07  6.86194271e-09 
 4.26579519e+03  2.17458986e-07  6.81271429e-09 
 4.36515832e+03  2.15907290e-07  6.76410848e-09 
 4.46683592e+03  2.14375268e-07  6.71611923e-09 
 4.57088190e+03  2.12862728e-07  6.66874055e-09 
 4.67735141e+03  2.11369479e-07  6.62196651e-09 
 4.78630092e+03  2.09895334e-07  6.57579118e-09 
 4.89778819e+03  2.08440103e-07  6.53020872e-09 
 5.01187234e+03  2.07003603e-07  6.48521331e-09 
 5.12861384e+03  2.05585646e-07  6.44079916e-09 
 5.24807460e+03  2.04186052e-07  6.39696056e-09 
 5.37031796e+03  2.02804636e-07  6.35369181e-09 
 5.49540874e+03  2.01441219e-07  6.31098726e-09 
 5.62341325e+03  2.00095621e-07  6.26884129e-09 
 5.75439937e+03  1.98767663e-07  6.22724835e-09 
 5.88843655e+03  1.97457169e-07  6.18620290e-09 
 6.02559586e+03  1.96163963e-07  6.14569945e-09 
 6.16595002e+03  1.94887871e-07  6.10573254e-09 
 6.30957344e+03  1.93628717e-07  6.06629676e-09 
 6.45654229e+03  1.92386332e-07  6.02738673e-09 
 6.60693448e+03  1.91160542e-07  5.98899710e-09 
 6.76082975e+03  1.89951179e-07  5.95112257e-09 
 6.91830971e+03  1.88758073e-07  5.91375788e-09 
 7.07945784e+03  1.87581056e-07  5.87689778e-09 
 7.24435960e+03  1.86419962e-07  5.84053707e-09 
 7.41310241e+03  1.85274625e-07  5.80467059e-09 
 7.58577575e+03  1.84144881e-07  5.76929320e-09 
 7.76247117e+03  1.83030565e-07  5.73439982e-09 
 7.94328235e+03  1.81931516e-07  5.69998538e-09 
 8.12830516e+03  1.80847571e-07  5.66604483e-09 
 8.31763771e+03  1.79778571e-07  5.63257320e-09 
 8.51138038e+03  1.78724356e-07  5.59956550e-09 
 8.70963590e+03  1.77684767e-07  5.56701682e-09 
 8.91250938e+03  1.76659646e-07  5.53492224e-09 
 9.12010839e+03  1.75648838e-07  5.50327689e-09 
 9.33254301e+03  1.74652186e-07  5.47207595e-09 
 9.54992586e+03  1.73669536e-07  5.44131460e-09 
 9.77237221e+03  1.72700734e-07  5.41098806e-09 
 1.00000000e+04  1.71745627e-07  5.38109160e-09 
 1.02329299e+04  1.70804064e-07  5.35162049e-09 
 1.04712855e+04  1.69875892e-07  5.32257005e-09 
 1.07151931e+04  1.68960963e-07  5.29393564e-09 
 1.09647820e+04  1.68059127e-07  5.26571261e-09 
 1.12201845e+04  1.67170235e-07  5.23789639e-09 
 1.14815362e+04  1.66294140e-07  5.21048241e-09 
 1.17489755e+04  1.65430696e-07  5.18346613e-09 
 1.20226443e+04  1.64579756e-07  5.15684304e-09 
 1.23026877e+04  1.63741177e-07  5.13060868e-09 
 1.25892541e+04  1.62914813e-07  5.10475860e-09 
 1.28824955e+04  1.62100521e-07  5.07928838e-09 
 1.31825674e+04  1.61298160e-07  5.05419363e-09 
 1.34896288e+04  1.60507587e-07  5.02947000e-09 
 1.38038426e+04  1.59728663e-07  5.00511316e-09 
 1.41253754e+04  1.58961246e-07  4.98111881e-09 
 1.44543977e+04  1.58205199e-07  4.95748267e-09 
 1.47910839e+04  1.57460382e-07  4.93420052e-09 
 1.51356125e+04  1.56726658e-07  4.91126812e-09 
 1.54881662e+04  1.56003890e-07  4.88868131e-09 
 1.58489319e+04  1.55291944e-07  4.86643593e-09 
 1.62181010e+04  1.54590682e-07  4.84452785e-09 
 1.65958691e+04  1.53899972e-07  4.82295298e-09 
 1.69824365e+04  1.53219679e-07  4.80170725e-09 
 1.73780083e+04  1.52549670e-07  4.78078663e-09 
 1.77827941e+04  1.51889814e-07  4.76018710e-09 
 1.81970086e+04  1.51239980e-07  4.73990468e-09 
 1.86208714e+04  1.50600035e-07  4.71993544e-09 
 1.90546072e+04  1.49969852e-07  4.70027544e-09 
 1.94984460e+04  1.49349299e-07  4.68092080e-09 
 1.99526231e+04  1.48738250e-07  4.66186765e-09 
 2.04173794e+04  1.48136576e-07  4.64311217e-09 
 2.08929613e+04  1.47544150e-07  4.62465055e-09 
 2.13796209e+04  1.46960846e-07  4.60647902e-09 
 2.18776162e+04  1.46386538e-07  4.58859383e-09 
 2.23872114e+04  1.45821101e-07  4.57099128e-09 
 2.29086765e+04  1.45264412e-07  4.55366767e-09 
 2.34422882e+04  1.44716345e-07  4.53661936e-09 
 2.39883292e+04  1.44176778e-07  4.51984272e-09 
 2.45470892e+04  1.43645588e-07  4.50333416e-09 
 2.51188643e+04  1.43122654e-07  4.48709012e-09 
 2.57039578e+04  1.42607855e-07  4.47110706e-09 
 2.63026799e+04  1.42101069e-07  4.45538148e-09 
 2.69153480e+04  1.41602176e-07  4.43990990e-09 
 2.75422870e+04  1.41111058e-07  4.42468889e-09 
 2.81838293e+04  1.40627594e-07  4.40971503e-09 
 2.88403150e+04  1.40151666e-07  4.39498494e-09 
 2.95120923e+04  1.39683157e-07  4.38049527e-09 
 3.01995172e+04  1.39221948e-07  4.36624270e-09 
 3.09029543e+04  1.38767923e-07  4.35222394e-09 
 3.16227766e+04  1.38320964e-07  4.33843572e-09 
 3.23593657e+04  1.37880956e-07  4.32487483e-09 
 3.31131121e+04  1.37447781e-07  4.31153806e-09 
 3.38844156e+04  1.37021326e-07  4.29842225e-09 
 3.46736850e+04  1.36601474e-07  4.28552425e-09 
 3.54813389e+04  1.36188110e-07  4.27284097e-09 
 3.63078055e+04  1.35781119e-07  4.26036933e-09 
 3.71535229e+04  1.35380388e-07  4.24810628e-09 
 3.80189396e+04  1.34985801e-07  4.23604882e-09 
 3.89045145e+04  1.34597245e-07  4.22419395e-09 
 3.98107171e+04  1.34214605e-07  4.21253874e-09 
 4.07380278e+04  1.33837767e-07  4.20108024e-09 
 4.16869383e+04  1.33466618e-07  4.18981559e-09 
 4.26579519e+04  1.33101043e-07  4.17874191e-09 
 4.36515832e+04  1.32740928e-07  4.16785639e-09 
 4.46683592e+04  1.32386159e-07  4.15715621e-09 
 4.57088190e+04  1.32036623e-07  4.14663862e-09 
 4.67735141e+04  1.31692203e-07  4.13630087e-09 
 4.78630092e+04  1.31352786e-07  4.12614027e-09 
 4.89778819e+04  1.31018256e-07  4.11615414e-09 
 5.01187234e+04  1.30688499e-07  4.10633983e-09 
 5.12861384e+04  1.30363397e-07  4.09669472e-09 
 5.24807460e+04  1.30042836e-07  4.08721624e-09 
 5.37031796e+04  1.29726697e-07  4.07790183e-09 
 5.49540874e+04  1.29414863e-07  4.06874897e-09 
 5.62341325e+04  1.29107216e-07  4.05975516e-09 
 5.75439937e+04  1.28803636e-07  4.05091794e-09 
 5.88843655e+04  1.28504004e-07  4.04223488e-09 
 6.02559586e+04  1.28208200e-07  4.03370356e-09 
 6.16595002e+04  1.27916100e-07  4.02532163e-09 
 6.30957344e+04  1.27627581e-07  4.01708673e-09 
 6.45654229e+04  1.27342520e-07  4.00899655e-09 
 6.60693448e+04  1.27060791e-07  4.00104880e-09 
 6.76082975e+04  1.26782267e-07  3.99324123e-09 
 6.91830971e+04  1.26506819e-07  3.98557162e-09 
 7.07945784e+04  1.26234316e-07  3.97803775e-09 
 7.24435960e+04  1.25964628e-07  3.97063747e-09 
 7.41310241e+04  1.25697620e-07  3.96336862e-09 
 7.58577575e+04  1.25433156e-07  3.95622911e-09 
 7.76247117e+04  1.25171099e-07  3.94921684e-09 
 7.94328235e+04  1.24911308e-07  3.94232977e-09 
 8.12830516e+04  1.24653640e-07  3.93556585e-09 
 8.31763771e+04  1.24397952e-07  3.92892310e-09 
 8.51138038e+04  1.24144095e-07  3.92239955e-09 
 8.70963590e+04  1.23891918e-07  3.91599324e-09 
 8.91250938e+04  1.23641269e-07  3.90970226e-09 
 9.12010839e+04  1.23391990e-07  3.90352472e-09 
 9.33254301e+04  1.23143922e-07  3.89745876e-09 
 9.54992586e+04  1.22896902e-07  3.89150255e-09 
 9.77237221e+04  1.22650763e-07  3.88565427e-09 
 1.00000000e+05  1.22405334e-07  3.87991214e-09 
 1.02329299e+05  1.22160441e-07  3.87427441e-09 
 1.04712855e+05  1.21915904e-07  3.86873935e-09 
 1.07151931e+05  1.21671542e-07  3.86330525e-09 
 1.09647820e+05  1.21427166e-07  3.85797044e-09 
 1.12201845e+05  1.21182584e-07  3.85273327e-09 
 1.14815362e+05  1.20937600e-07  3.84759210e-09 
 1.17489755e+05  1.20692010e-07  3.84254533e-09 
 1.20226443e+05  1.20445607e-07  3.83759140e-09 
 1.23026877e+05  1.20198178e-07  3.83272875e-09 
 1.25892541e+05  1.19949504e-07  3.82795585e-09 
 1.28824955e+05  1.19699361e-07  3.82327120e-09 
 1.31825674e+05  1.19447517e-07  3.81867333e-09 
 1.34896288e+05  1.19193735e-07  3.81416077e-09 
 1.38038426e+05  1.18937771e-07  3.80973211e-09 
 1.41253754e+05  1.18679374e-07  3.80538594e-09 
 1.44543977e+05  1.18418288e-07  3.80112086e-09 
 1.47910839e+05  1.18154247e-07  3.79693554e-09 
 1.51356125e+05  1.17886978e-07  3.79282862e-09 
 1.54881662e+05  1.17616203e-07  3.78879881e-09 
 1.58489319e+05  1.17341633e-07  3.78484481e-09 
 1.62181010e+05  1.17062973e-07  3.78096536e-09 
 1.65958691e+05  1.16779920e-07  3.77715921e-09 
 1.69824365e+05  1.16492161e-07  3.77342514e-09 
 1.73780083e+05  1.16199377e-07  3.76976196e-09 
 1.77827941e+05  1.15901239e-07  3.76616849e-09 
 1.81970086e+05  1.15597409e-07  3.76264358e-09 
 1.86208714e+05  1.15287542e-07  3.75918610e-09 
 1.90546072e+05  1.14971283e-07  3.75579494e-09 
 1.94984460e+05  1.14648269e-07  3.75246901e-09 
 1.99526231e+05  1.14318127e-07  3.74920724e-09 
 2.04173794e+05  1.13980476e-07  3.74600860e-09 
 2.08929613e+05  1.13634928e-07  3.74287206e-09 
 2.13796209e+05  1.13281083e-07  3.73979661e-09 
 2.18776162e+05  1.12918535e-07  3.73678129e-09 
 2.23872114e+05  1.12546870e-07  3.73382513e-09 
 2.29086765e+05  1.12165665e-07  3.73092719e-09 
 2.34422882e+05  1.11774490e-07  3.72808656e-09 
 2.39883292e+05  1.11372908e-07  3.72530235e-09 
 2.45470892e+05  1.10960475e-07  3.72257368e-09 
 2.51188643e+05  1.10536739e-07  3.71989970e-09 
 2.57039578e+05  1.10101246e-07  3.71727958e-09 
 2.63026799e+05  1.09653533e-07  3.71471251e-09 
 2.69153480e+05  1.09193136e-07  3.71219770e-09 
 2.75422870e+05  1.08719586e-07  3.70973437e-09 
 2.81838293e+05  1.08232411e-07  3.70732180e-09 
 2.88403150e+05  1.07731138e-07  3.70495924e-09 
 2.95120923e+05  1.07215295e-07  3.70264599e-09 
 3.01995172e+05  1.06684409e-07  3.70038138e-09 
 3.09029543e+05  1.06138010e-07  3.69816473e-09 
 3.16227766e+05  1.05575631e-07  3.69599541e-09 
 3.23593657e+05  1.04996812e-07  3.69387281e-09 
 3.31131121e+05  1.04401098e-07  3.69179631e-09 
 3.38844156e+05  1.03788044e-07  3.68976535e-09 
 3.46736850e+05  1.03157214e-07  3.68777938e-09 
 3.54813389e+05  1.02508187e-07  3.68583785e-09 
 3.63078055e+05  1.01840554e-07  3.68394027e-09 
 3.71535229e+05  1.01153925e-07  3.68208614e-09 
 3.80189396e+05  1.00447928e-07  3.68027500e-09 
 3.89045145e+05  9.97222146e-08  3.67850641e-09 
 3.98107171e+05  9.89764584e-08  3.67677996e-09 
 4.07380278e+05  9.82103611e-08  3.67509524e-09 
 4.16869383e+05  9.74236534e-08  3.67345189e-09 
 4.26579519e+05  9.66160981e-08  3.67184956e-09 
 4.36515832e+05  9.57874931e-08  3.67028793e-09 
 4.46683592e+05  9.49376736e-08  3.66876669e-09 
 4.57088190e+05  9.40665154e-08  3.66728558e-09 
 4.67735141e+05  9.31739369e-08  3.66584435e-09 
 4.78630092e+05  9.22599024e-08  3.66444278e-09 
 4.89778819e+05  9.13244244e-08  3.66308067e-09 
 5.01187234e+05  9.03675659e-08  3.66175786e-09 
 5.12861384e+05  8.93894431e-08  3.66047419e-09 
 5.24807460e+05  8.83902273e-08  3.65922957e-09 
 5.37031796e+05  8.73701469e-08  3.65802389e-09 
 5.49540874e+05  8.63294893e-08  3.65685711e-09 
 5.62341325e+05  8.52686024e-08  3.65572920e-09 
 5.75439937e+05  8.41878956e-08  3.65464016e-09 
 5.88843655e+05  8.30878412e-08  3.65359001e-09 
 6.02559586e+05  8.19689746e-08  3.65257883e-09 
 6.16595002e+05  8.08318948e-08  3.65160670e-09 
 6.30957344e+05  7.96772641e-08  3.65067376e-09 
 6.45654229e+05  7.85058077e-08  3.64978016e-09 
 6.60693448e+05  7.73183128e-08  3.64892609e-09 
 6.76082975e+05  7.61156271e-08  3.64811177e-09 
 6.91830971e+05  7.48986573e-08  3.64733748e-09 
 7.07945784e+05  7.36683665e-08  3.64660351e-09 
 7.24435960e+05  7.24257720e-08  3.64591018e-09 
 7.41310241e+05  7.11719418e-08  3.64525787e-09 
 7.58577575e+05  6.99079914e-08  3.64464698e-09 
 7.76247117e+05  6.86350799e-08  3.64407796e-09 
 7.94328235e+05  6.73544058e-08  3.64355129e-09 
 8.12830516e+05  6.60672024e-08  3.64306749e-09 
 8.31763771e+05  6.47747330e-08  3.64262713e-09 
 8.51138038e+05  6.34782854e-08  3.64223080e-09 
 8.70963590e+05  6.21791673e-08  3.64187917e-09 
 8.91250938e+05  6.08787001e-08  3.64157290e-09 
 9.12010839e+05  5.95782135e-08  3.64131274e-09 
 9.33254301e+05  5.82790399e-08  3.64109947e-09 
 9.54992586e+05  5.69825083e-08  3.64093389e-09 
 9.77237221e+05  5.56899392e-08  3.64081687e-09 
 1.00000000e+06  5.44026380e-08  3.64074932e-09 
 1.02329299e+06  5.31218905e-08  3.64073220e-09 
 1.04712855e+06  5.18489569e-08  3.64076651e-09 
 1.07151931e+06  5.05850668e-08  3.64085330e-09 
 1.09647820e+06  4.93314146e-08  3.64099367e-09 
 1.12201845e+06  4.80891546e-08  3.64118876e-09 
 1.14815362e+06  4.68593972e-08  3.64143977e-09 
 1.17489755e+06  4.56432047e-08  3.64174793e-09 
 1.20226443e+06  4.44415879e-08  3.64211455e-09 
 1.23026877e+06  4.32555034e-08  3.64254096e-09 
 1.25892541e+06  4.20858504e-08  3.64302856e-09 
 1.28824955e+06  4.09334691e-08  3.64357878e-09 
 1.31825674e+06  3.97991387e-08  3.64419313e-09 
 1.34896288e+06  3.86835760e-08  3.64487315e-09 
 1.38038426e+06  3.75874348e-08  3.64562044e-09 
 1.41253754e+06  3.65113050e-08  3.64643664e-09 
 1.44543977e+06  3.54557130e-08  3.64732345e-09 
 1.47910839e+06  3.44211215e-08  3.64828263e-09 
 1.51356125e+06  3.34079308e-08  3.64931599e-09 
 1.54881662e+06  3.24164793e-08  3.65042538e-09 
 1.58489319e+06  3.14470447e-08  3.65161271e-09 
 1.62181010e+06  3.04998463e-08  3.65287997e-09 
 1.65958691e+06  2.95750461e-08  3.65422917e-09 
 1.69824365e+06  2.86727511e-08  3.65566240e-09 
 1.73780083e+06  2.77930156e-08  3.65718180e-09 
 1.77827941e+06  2.69358437e-08  3.65878957e-09 
 1.81970086e+06  2.61011916e-08  3.66048797e-09 
 1.86208714e+06  2.52889704e-08  3.66227933e-09 
 1.90546072e+06  2.44990488e-08  3.66416604e-09 
 1.94984460e+06  2.37312557e-08  3.66615057e-09 
 1.99526231e+06  2.29853834e-08  3.66823545e-09 
 2.04173794e+06  2.22611898e-08  3.67042329e-09 
 2.08929613e+06  2.15584019e-08  3.67271677e-09 
 2.13796209e+06  2.08767180e-08  3.67511868e-09 
 2.18776162e+06  2.02158105e-08  3.67763187e-09 
 2.23872114e+06  1.95753288e-08  3.68025930e-09 
 2.29086765e+06  1.89549018e-08  3.68300404e-09 
 2.34422882e+06  1.83541401e-08  3.68586924e-09 
 2.39883292e+06  1.77726388e-08  3.68885820e-09 
 2.45470892e+06  1.72099793e-08  3.69197432e-09 
 2.51188643e+06  1.66657321e-08  3.69522113e-09 
 2.57039578e+06  1.61394583e-08  3.69860233e-09 
 2.63026799e+06  1.56307118e-08  3.70212174e-09 
 2.69153480e+06  1.51390413e-08  3.70578336e-09 
 2.75422870e+06  1.46639917e-08  3.70959138e-09 
 2.81838293e+06  1.42051059e-08  3.71355014e-09 
 2.88403150e+06  1.37619260e-08  3.71766422e-09 
 2.95120923e+06  1.33339953e-08  3.72193839e-09 
 3.01995172e+06  1.29208588e-08  3.72637765e-09 
 3.09029543e+06  1.25220648e-08  3.73098726e-09 
 3.16227766e+06  1.21371660e-08  3.73577272e-09 
 3.23593657e+06  1.17657200e-08  3.74073982e-09 
 3.31131121e+06  1.14072907e-08  3.74589463e-09 
 3.38844156e+06  1.10614485e-08  3.75124354e-09 
 3.46736850e+06  1.07277716e-08  3.75679325e-09 
 3.54813389e+06  1.04058460e-08  3.76255080e-09 
 3.63078055e+06  1.00952660e-08  3.76852362e-09 
 3.71535229e+06  9.79563536e-09  3.77471948e-09 
 3.80189396e+06  9.50656668e-09  3.78114656e-09 
 3.89045145e+06  9.22768236e-09  3.78781345e-09 
 3.98107171e+06  8.95861459e-09  3.79472916e-09 
 4.07380278e+06  8.69900552e-09  3.80190317e-09 
 4.16869383e+06  8.44850743e-09  3.80934539e-09 
 4.26579519e+06  8.20678277e-09  3.81706623e-09 
 4.36515832e+06  7.97350421e-09  3.82507659e-09 
 4.46683592e+06  7.74835463e-09  3.83338787e-09 
 4.57088190e+06  7.53102705e-09  3.84201200e-09 
 4.67735141e+06  7.32122460e-09  3.85096147e-09 
 4.78630092e+06  7.11866034e-09  3.86024929e-09 
 4.89778819e+06  6.92305722e-09  3.86988904e-09 
 5.01187234e+06  6.73414783e-09  3.87989491e-09 
 5.12861384e+06  6.55167430e-09  3.89028165e-09 
 5.24807460e+06  6.37538806e-09  3.90106460e-09 
 5.37031796e+06  6.20504965e-09  3.91225974e-09 
 5.49540874e+06  6.04042850e-09  3.92388365e-09 
 5.62341325e+06  5.88130268e-09  3.93595353e-09 
 5.75439937e+06  5.72745872e-09  3.94848723e-09 
 5.88843655e+06  5.57869126e-09  3.96150320e-09 
 6.02559586e+06  5.43480289e-09  3.97502056e-09 
 6.16595002e+06  5.29560388e-09  3.98905906e-09 
 6.30957344e+06  5.16091187e-09  4.00363910e-09 
 6.45654229e+06  5.03055168e-09  4.01878171e-09 
 6.60693448e+06  4.90435502e-09  4.03450856e-09 
 6.76082975e+06  4.78216023e-09  4.05084196e-09 
 6.91830971e+06  4.66381204e-09  4.06780486e-09 
 7.07945784e+06  4.54916134e-09  4.08542081e-09 
 7.24435960e+06  4.43806488e-09  4.10371398e-09 
 7.41310241e+06  4.33038510e-09  4.12270917e-09 
 7.58577575e+06  4.22598985e-09  4.14243171e-09 
 7.76247117e+06  4.12475217e-09  4.16290757e-09 
 7.94328235e+06  4.02655008e-09  4.18416322e-09 
 8.12830516e+06  3.93126635e-09  4.20622571e-09 
 8.31763771e+06  3.83878831e-09  4.22912256e-09 
 8.51138038e+06  3.74900766e-09  4.25288182e-09 
 8.70963590e+06  3.66182022e-09  4.27753197e-09 
 8.91250938e+06  3.57712584e-09  4.30310193e-09 
 9.12010839e+06  3.49482812e-09  4.32962102e-09 
 9.33254301e+06  3.41483432e-09  4.35711892e-09 
 9.54992586e+06  3.33705518e-09  4.38562564e-09 
 9.77237221e+06  3.26140475e-09  4.41517146e-09 
 1.00000000e+07  3.18780027e-09  4.44578692e-09 
 1.02329299e+07  3.11616200e-09  4.47750272e-09 
 1.04712855e+07  3.04641313e-09  4.51034973e-09 
 1.07151931e+07  2.97847967e-09  4.54435889e-09 
 1.09647820e+07  2.91229028e-09  4.57956120e-09 
 1.12201845e+07  2.84777622e-09  4.61598759e-09 
 1.14815362e+07  2.78487121e-09  4.65366895e-09 
 1.17489755e+07  2.72351139e-09  4.69263598e-09 
 1.20226443e+07  2.66363520e-09  4.73291920e-09 
 1.23026877e+07  2.60518331e-09  4.77454880e-09 
 1.25892541e+07  2.54809854e-09  4.81755465e-09 
 1.28824955e+07  2.49232584e-09  4.86196615e-09 
 1.31825674e+07  2.43781218e-09  4.90781221e-09 
 1.34896288e+07  2.38450651e-09  4.95512115e-09 
 1.38038426e+07  2.33235974e-09  5.00392061e-09 
 1.41253754e+07  2.28132466e-09  5.05423746e-09 
 1.44543977e+07  2.23135593e-09  5.10609775e-09 
 1.47910839e+07  2.18241004e-09  5.15952660e-09 
 1.51356125e+07  2.13444527e-09  5.21454812e-09 
 1.54881662e+07  2.08742166e-09  5.27118529e-09 
 1.58489319e+07  2.04130101e-09  5.32945992e-09 
 1.62181010e+07  1.99604686e-09  5.38939253e-09 
 1.65958691e+07  1.95162443e-09  5.45100228e-09 
 1.69824365e+07  1.90800066e-09  5.51430685e-09 
 1.73780083e+07  1.86514417e-09  5.57932239e-09 
 1.77827941e+07  1.82302524e-09  5.64606340e-09 
 1.81970086e+07  1.78161585e-09  5.71454266e-09 
 1.86208714e+07  1.74088960e-09  5.78477117e-09 
 1.90546072e+07  1.70082175e-09  5.85675802e-09 
 1.94984460e+07  1.66138921e-09  5.93051036e-09 
 1.99526231e+07  1.62257052e-09  6.00603332e-09 
 2.04173794e+07  1.58434583e-09  6.08332993e-09 
 2.08929613e+07  1.54669693e-09  6.16240108e-09 
 2.13796209e+07  1.50960718e-09  6.24324546e-09 
 2.18776162e+07  1.47306157e-09  6.32585952e-09 
 2.23872114e+07  1.43704663e-09  6.41023746e-09 
 2.29086765e+07  1.40155045e-09  6.49637116e-09 
 2.34422882e+07  1.36656265e-09  6.58425024e-09 
 2.39883292e+07  1.33207433e-09  6.67386199e-09 
 2.45470892e+07  1.29807809e-09  6.76519145e-09 
 2.51188643e+07  1.26456789e-09  6.85822140e-09 
 2.57039578e+07  1.23153910e-09  6.95293246e-09 
 2.63026799e+07  1.19898840e-09  7.04930310e-09 
 2.69153480e+07  1.16691372e-09  7.14730976e-09 
 2.75422870e+07  1.13531416e-09  7.24692699e-09 
 2.81838293e+07  1.10418994e-09  7.34812749e-09 
 2.88403150e+07  1.07354229e-09  7.45088234e-09 
 2.95120923e+07  1.04337337e-09  7.55516113e-09 
 3.01995172e+07  1.01368618e-09  7.66093218e-09 
 3.09029543e+07  9.84484432e-10  7.76816270e-09 
 3.16227766e+07  9.55772451e-10  7.87681908e-09 
 3.23593657e+07  9.27555070e-10  7.98686713e-09 
 3.31131121e+07  8.99837499e-10  8.09827235e-09 
 3.38844156e+07  8.72625215e-10  8.21100022e-09 
 3.46736850e+07  8.45923837e-10  8.32501653e-09 
 3.54813389e+07  8.19739011e-10  8.44028771e-09 
 3.63078055e+07  7.94076295e-10  8.55678118e-09 
 3.71535229e+07  7.68941041e-10  8.67446569e-09 
 3.80189396e+07  7.44338299e-10  8.79331172e-09 
 3.89045145e+07  7.20272708e-10  8.91329187e-09 
 3.98107171e+07  6.96748408e-10  9.03438121e-09 
 4.07380278e+07  6.73768961e-10  9.15655772e-09 
 4.16869383e+07  6.51337272e-10  9.27980266e-09 
 4.26579519e+07  6.29455529e-10  9.40410096e-09 
 4.36515832e+07  6.08125154e-10  9.52944165e-09 
 4.46683592e+07  5.87346761e-10  9.65581823e-09 
 4.57088190e+07  5.67120123e-10  9.78322903e-09 
 4.67735141e+07  5.47444162e-10  9.91167760e-09 
 4.78630092e+07  5.28316932e-10  1.00411731e-08 
 4.89778819e+07  5.09735630e-10  1.01717306e-08 
 5.01187234e+07  4.91696601e-10  1.03033713e-08 
 5.12861384e+07  4.74195361e-10  1.04361232e-08 
 5.24807460e+07  4.57226626e-10  1.05700210e-08 
 5.37031796e+07  4.40784343e-10  1.07051065e-08 
 5.49540874e+07  4.24861734e-10  1.08414290e-08 
 5.62341325e+07  4.09451340e-10  1.09790453e-08 
 5.75439937e+07  3.94545069e-10  1.11180202e-08 
 5.88843655e+07  3.80134246e-10  1.12584262e-08 
 6.02559586e+07  3.66209673e-10  1.14003442e-08 
 6.16595002e+07  3.52761676e-10  1.15438635e-08 
 6.30957344e+07  3.39780166e-10  1.16890818e-08 
 6.45654229e+07  3.27254692e-10  1.18361052e-08 
 6.60693448e+07  3.15174493e-10  1.19850488e-08 
 6.76082975e+07  3.03528556e-10  1.21360363e-08 
 6.91830971e+07  2.92305660e-10  1.22892001e-08 
 7.07945784e+07  2.81494429e-10  1.24446817e-08 
 7.24435960e+07  2.71083380e-10  1.26026315e-08 
 7.41310241e+07  2.61060961e-10  1.27632090e-08 
 7.58577575e+07  2.51415594e-10  1.29265824e-08 
 7.76247117e+07  2.42135715e-10  1.30929293e-08 
 7.94328235e+07  2.33209807e-10  1.32624362e-08 
 8.12830516e+07  2.24626430e-10  1.34352988e-08 
 8.31763771e+07  2.16374252e-10  1.36117221e-08 
 8.51138038e+07  2.08442076e-10  1.37919200e-08 
 8.70963590e+07  2.00818861e-10  1.39761160e-08 
 8.91250938e+07  1.93493742e-10  1.41645427e-08 
 9.12010839e+07  1.86456049e-10  1.43574421e-08 
 9.33254301e+07  1.79695326e-10  1.45550658e-08 
 9.54992586e+07  1.73201338e-10  1.47576749e-08 
 9.77237221e+07  1.66964085e-10  1.49655402e-08 
 1.00000000e+08  1.60973814e-10  1.51789423e-08 
 1.02329299e+08  1.55221022e-10  1.53981717e-08 
 1.04712855e+08  1.49696464e-10  1.56235292e-08 
 1.07151931e+08  1.44391157e-10  1.58553258e-08 
 1.09647820e+08  1.39296383e-10  1.60938831e-08 
 1.12201845e+08  1.34403690e-10  1.63395336e-08 
 1.14815362e+08  1.29704893e-10  1.65926206e-08 
 1.17489755e+08  1.25192075e-10  1.68534991e-08 
 1.20226443e+08  1.20857580e-10  1.71225356e-08 
 1.23026877e+08  1.16694019e-10  1.74001086e-08 
 1.25892541e+08  1.12694261e-10  1.76866091e-08 
 1.28824955e+08  1.08851430e-10  1.79824411e-08 
 1.31825674e+08  1.05158905e-10  1.82880217e-08 
 1.34896288e+08  1.01610310e-10  1.86037818e-08 
 1.38038426e+08  9.81995139e-11  1.89301666e-08 
 1.41253754e+08  9.49206224e-11  1.92676362e-08 
 1.44543977e+08  9.17679734e-11  1.96166660e-08 
 1.47910839e+08  8.87361312e-11  1.99777474e-08 
 1.51356125e+08  8.58198808e-11  2.03513886e-08 
 1.54881662e+08  8.30142217e-11  2.07381148e-08 
 1.58489319e+08  8.03143618e-11  2.11384696e-08 
 1.62181010e+08  7.77157113e-11  2.15530152e-08 
 1.65958691e+08  7.52138764e-11  2.19823331e-08 
 1.69824365e+08  7.28046532e-11  2.24270255e-08 
 1.73780083e+08  7.04840216e-11  2.28877154e-08 
 1.77827941e+08  6.82481388e-11  2.33650480e-08 
 1.81970086e+08  6.60933334e-11  2.38596914e-08 
 1.86208714e+08  6.40160995e-11  2.43723373e-08 
 1.90546072e+08  6.20130905e-11  2.49037024e-08 
 1.94984460e+08  6.00811133e-11  2.54545288e-08 
 1.99526231e+08  5.82171225e-11  2.60255857e-08 
 2.04173794e+08  5.64182151e-11  2.66176698e-08 
 2.08929613e+08  5.46816243e-11  2.72316067e-08 
 2.13796209e+08  5.30047146e-11  2.78682517e-08 
 2.18776162e+08  5.13849765e-11  2.85284915e-08 
 2.23872114e+08  4.98200208e-11  2.92132446e-08 
 2.29086765e+08  4.83075743e-11  2.99234631e-08 
 2.34422882e+08  4.68454743e-11  3.06601335e-08 
 2.39883292e+08  4.54316641e-11  3.14242780e-08 
 2.45470892e+08  4.40641884e-11  3.22169563e-08 
 2.51188643e+08  4.27411885e-11  3.30392661e-08 
 2.57039578e+08  4.14608982e-11  3.38923452e-08 
 2.63026799e+08  4.02216393e-11  3.47773722e-08 
 2.69153480e+08  3.90218177e-11  3.56955689e-08 
 2.75422870e+08  3.78599191e-11  3.66482007e-08 
 2.81838293e+08  3.67345054e-11  3.76365792e-08 
 2.88403150e+08  3.56442108e-11  3.86620632e-08 
 2.95120923e+08  3.45877381e-11  3.97260605e-08 
 3.01995172e+08  3.35638551e-11  4.08300297e-08 
 3.09029543e+08  3.25713913e-11  4.19754821e-08 
 3.16227766e+08  3.16092349e-11  4.31639837e-08 
 3.23593657e+08  3.06763288e-11  4.43971567e-08 
 3.31131121e+08  2.97716684e-11  4.56766822e-08 
 3.38844156e+08  2.88942980e-11  4.70043019e-08 
 3.46736850e+08  2.80433084e-11  4.83818204e-08 
 3.54813389e+08  2.72178338e-11  4.98111077e-08 
 3.63078055e+08  2.64170493e-11  5.12941014e-08 
 3.71535229e+08  2.56401686e-11  5.28328093e-08 
 3.80189396e+08  2.48864410e-11  5.44293120e-08 
 3.89045145e+08  2.41551500e-11  5.60857652e-08 
 3.98107171e+08  2.34456102e-11  5.78044029e-08 
 4.07380278e+08  2.27571656e-11  5.95875399e-08 
 4.16869383e+08  2.20891880e-11  6.14375746e-08 
 4.26579519e+08  2.14410743e-11  6.33569919e-08 
 4.36515832e+08  2.08122456e-11  6.53483661e-08 
 4.46683592e+08  2.02021449e-11  6.74143638e-08 
 4.57088190e+08  1.96102359e-11  6.95577468e-08 
 4.67735141e+08  1.90360014e-11  7.17813749e-08 
 4.78630092e+08  1.84789421e-11  7.40882089e-08 
 4.89778819e+08  1.79385751e-11  7.64813129e-08 
 5.01187234e+08  1.74144331e-11  7.89638573e-08 
 5.12861384e+08  1.69060630e-11  8.15391214e-08 
 5.24807460e+08  1.64130252e-11  8.42104951e-08 
 5.37031796e+08  1.59348925e-11  8.69814818e-08 
 5.49540874e+08  1.54712493e-11  8.98556998e-08 
 5.62341325e+08  1.50216912e-11  9.28368839e-08 
 5.75439937e+08  1.45858239e-11  9.59288871e-08 
 5.88843655e+08  1.41632629e-11  9.91356811e-08 
 6.02559586e+08  1.37536332e-11  1.02461357e-07 
 6.16595002e+08  1.33565681e-11  1.05910126e-07 
 6.30957344e+08  1.29717097e-11  1.09486318e-07 
 6.45654229e+08  1.25987079e-11  1.13194381e-07 
 6.60693448e+08  1.22372204e-11  1.17038882e-07 
 6.76082975e+08  1.18869125e-11  1.21024500e-07 
 6.91830971e+08  1.15474567e-11  1.25156029e-07 
 7.07945784e+08  1.12185326e-11  1.29438370e-07 
 7.24435960e+08  1.08998269e-11  1.33876531e-07 
 7.41310241e+08  1.05910330e-11  1.38475618e-07 
 7.58577575e+08  1.02918511e-11  1.43240835e-07 
 7.76247117e+08  1.00019880e-11  1.48177471e-07 
 7.94328235e+08  9.72115738e-12  1.53290899e-07 
 8.12830516e+08  9.44907913e-12  1.58586564e-07 
 8.31763771e+08  9.18547986e-12  1.64069976e-07 
 8.51138038e+08  8.93009261e-12  1.69746700e-07 
 8.70963590e+08  8.68265689e-12  1.75622345e-07 
 8.91250938e+08  8.44291864e-12  1.81702556e-07 
 9.12010839e+08  8.21063018e-12  1.87992995e-07 
 9.33254301e+08  7.98555024e-12  1.94499336e-07 
 9.54992586e+08  7.76744387e-12  2.01227246e-07 
 9.77237221e+08  7.55608245e-12  2.08182373e-07 
 1.00000000e+09  7.35124363e-12  2.15370333e-07 
