 frequency       onoise_spectrum inoise_spectrum
 1.00000000e+00  2.44291860e-05  8.69083428e-07 
 1.02329299e+00  2.41561440e-05  8.59369790e-07 
 1.04712855e+00  2.38861745e-05  8.49765457e-07 
 1.07151931e+00  2.36192427e-05  8.40269193e-07 
 1.09647820e+00  2.33553143e-05  8.30879776e-07 
 1.12201845e+00  2.30943553e-05  8.21595998e-07 
 1.14815362e+00  2.28363321e-05  8.12416664e-07 
 1.17489755e+00  2.25812116e-05  8.03340593e-07 
 1.20226443e+00  2.23289609e-05  7.94366618e-07 
 1.23026877e+00  2.20795476e-05  7.85493584e-07 
 1.25892541e+00  2.18329395e-05  7.76720351e-07 
 1.28824955e+00  2.15891051e-05  7.68045790e-07 
 1.31825674e+00  2.13480129e-05  7.59468785e-07 
 1.34896288e+00  2.11096319e-05  7.50988235e-07 
 1.38038426e+00  2.08739316e-05  7.42603048e-07 
 1.41253754e+00  2.06408815e-05  7.34312147e-07 
 1.44543977e+00  2.04104517e-05  7.26114466e-07 
 1.47910839e+00  2.01826127e-05  7.18008952e-07 
 1.51356125e+00  1.99573351e-05  7.09994563e-07 
 1.54881662e+00  1.97345901e-05  7.02070269e-07 
 1.58489319e+00  1.95143489e-05  6.94235052e-07 
 1.62181010e+00  1.92965833e-05  6.86487906e-07 
 1.65958691e+00  1.90812653e-05  6.78827835e-07 
 1.69824365e+00  1.88683673e-05  6.71253856e-07 
 1.73780083e+00  1.86578619e-05  6.63764996e-07 
 1.77827941e+00  1.84497221e-05  6.56360294e-07 
 1.81970086e+00  1.82439211e-05  6.49038798e-07 
 1.86208714e+00  1.80404326e-05  6.41799568e-07 
 1.90546072e+00  1.78392305e-05  6.34641677e-07 
 1.94984460e+00  1.76402888e-05  6.27564203e-07 
 1.99526231e+00  1.74435821e-05  6.20566240e-07 
 2.04173794e+00  1.72490851e-05  6.13646890e-07 
 2.08929613e+00  1.70567729e-05  6.06805264e-07 
 2.13796209e+00  1.68666208e-05  6.00040484e-07 
 2.18776162e+00  1.66786044e-05  5.93351684e-07 
 2.23872114e+00  1.64926995e-05  5.86738004e-07 
 2.29086765e+00  1.63088824e-05  5.80198597e-07 
 2.34422882e+00  1.61271295e-05  5.73732624e-07 
 2.39883292e+00  1.59474174e-05  5.67339256e-07 
 2.45470892e+00  1.57697232e-05  5.61017674e-07 
 2.51188643e+00  1.55940240e-05  5.54767066e-07 
 2.57039578e+00  1.54202973e-05  5.48586632e-07 
 2.63026799e+00  1.52485209e-05  5.42475579e-07 
 2.69153480e+00  1.50786727e-05  5.36433124e-07 
 2.75422870e+00  1.49107310e-05  5.30458494e-07 
 2.81838293e+00  1.47446743e-05  5.24550922e-07 
 2.88403150e+00  1.45804812e-05  5.18709652e-07 
 2.95120923e+00  1.44181308e-05  5.12933935e-07 
 3.01995172e+00  1.42576022e-05  5.07223032e-07 
 3.09029543e+00  1.40988749e-05  5.01576211e-07 
 3.16227766e+00  1.39419286e-05  4.95992749e-07 
 3.23593657e+00  1.37867432e-05  4.90471932e-07 
 3.31131121e+00  1.36332988e-05  4.85013052e-07 
 3.38844156e+00  1.34815758e-05  4.79615411e-07 
 3.46736850e+00  1.33315547e-05  4.74278318e-07 
 3.54813389e+00  1.31832163e-05  4.69001089e-07 
 3.63078055e+00  1.30365418e-05  4.63783050e-07 
 3.71535229e+00  1.28915122e-05  4.58623533e-07 
 3.80189396e+00  1.27481091e-05  4.53521878e-07 
 3.89045145e+00  1.26063140e-05  4.48477433e-07 
 3.98107171e+00  1.24661090e-05  4.43489551e-07 
 4.07380278e+00  1.23274760e-05  4.38557595e-07 
 4.16869383e+00  1.21903973e-05  4.33680935e-07 
 4.26579519e+00  1.20548553e-05  4.28858947e-07 
 4.36515832e+00  1.19208329e-05  4.24091015e-07 
 4.46683592e+00  1.17883127e-05  4.19376528e-07 
 4.57088190e+00  1.16572779e-05  4.14714885e-07 
 4.67735141e+00  1.15277118e-05  4.10105490e-07 
 4.78630092e+00  1.13995978e-05  4.05547754e-07 
 4.89778819e+00  1.12729195e-05  4.01041094e-07 
 5.01187234e+00  1.11476607e-05  3.96584935e-07 
 5.12861384e+00  1.10238054e-05  3.92178708e-07 
 5.24807460e+00  1.09013379e-05  3.87821849e-07 
 5.37031796e+00  1.07802424e-05  3.83513803e-07 
 5.49540874e+00  1.06605036e-05  3.79254020e-07 
 5.62341325e+00  1.05421061e-05  3.75041954e-07 
 5.75439937e+00  1.04250347e-05  3.70877070e-07 
 5.88843655e+00  1.03092747e-05  3.66758835e-07 
 6.02559586e+00  1.01948112e-05  3.62686724e-07 
 6.16595002e+00  1.00816295e-05  3.58660217e-07 
 6.30957344e+00  9.96971532e-06  3.54678800e-07 
 6.45654229e+00  9.85905430e-06  3.50741965e-07 
 6.60693448e+00  9.74963233e-06  3.46849211e-07 
 6.76082975e+00  9.64143547e-06  3.43000040e-07 
 6.91830971e+00  9.53444991e-06  3.39193963e-07 
 7.07945784e+00  9.42866201e-06  3.35430493e-07 
 7.24435960e+00  9.32405829e-06  3.31709151e-07 
 7.41310241e+00  9.22062541e-06  3.28029462e-07 
 7.58577575e+00  9.11835018e-06  3.24390957e-07 
 7.76247117e+00  9.01721958e-06  3.20793174e-07 
 7.94328235e+00  8.91722072e-06  3.17235652e-07 
 8.12830516e+00  8.81834085e-06  3.13717939e-07 
 8.31763771e+00  8.72056738e-06  3.10239588e-07 
 8.51138038e+00  8.62388786e-06  3.06800154e-07 
 8.70963590e+00  8.52828997e-06  3.03399200e-07 
 8.91250938e+00  8.43376154e-06  3.00036292e-07 
 9.12010839e+00  8.34029053e-06  2.96711003e-07 
 9.33254301e+00  8.24786504e-06  2.93422909e-07 
 9.54992586e+00  8.15647332e-06  2.90171592e-07 
 9.77237221e+00  8.06610371e-06  2.86956637e-07 
 1.00000000e+01  7.97674474e-06  2.83777636e-07 
 1.02329299e+01  7.88838502e-06  2.80634185e-07 
 1.04712855e+01  7.80101331e-06  2.77525882e-07 
 1.07151931e+01  7.71461851e-06  2.74452333e-07 
 1.09647820e+01  7.62918961e-06  2.71413147e-07 
 1.12201845e+01  7.54471577e-06  2.68407938e-07 
 1.14815362e+01  7.46118623e-06  2.65436323e-07 
 1.17489755e+01  7.37859037e-06  2.62497924e-07 
 1.20226443e+01  7.29691770e-06  2.59592368e-07 
 1.23026877e+01  7.21615784e-06  2.56719286e-07 
 1.25892541e+01  7.13630052e-06  2.53878313e-07 
 1.28824955e+01  7.05733560e-06  2.51069087e-07 
 1.31825674e+01  6.97925303e-06  2.48291251e-07 
 1.34896288e+01  6.90204292e-06  2.45544453e-07 
 1.38038426e+01  6.82569543e-06  2.42828344e-07 
 1.41253754e+01  6.75020089e-06  2.40142579e-07 
 1.44543977e+01  6.67554970e-06  2.37486817e-07 
 1.47910839e+01  6.60173239e-06  2.34860720e-07 
 1.51356125e+01  6.52873958e-06  2.32263956e-07 
 1.54881662e+01  6.45656202e-06  2.29696194e-07 
 1.58489319e+01  6.38519053e-06  2.27157109e-07 
 1.62181010e+01  6.31461607e-06  2.24646379e-07 
 1.65958691e+01  6.24482968e-06  2.22163685e-07 
 1.69824365e+01  6.17582251e-06  2.19708712e-07 
 1.73780083e+01  6.10758581e-06  2.17281149e-07 
 1.77827941e+01  6.04011091e-06  2.14880688e-07 
 1.81970086e+01  5.97338927e-06  2.12507024e-07 
 1.86208714e+01  5.90741243e-06  2.10159857e-07 
 1.90546072e+01  5.84217202e-06  2.07838889e-07 
 1.94984460e+01  5.77765977e-06  2.05543826e-07 
 1.99526231e+01  5.71386752e-06  2.03274377e-07 
 2.04173794e+01  5.65078716e-06  2.01030255e-07 
 2.08929613e+01  5.58841073e-06  1.98811174e-07 
 2.13796209e+01  5.52673030e-06  1.96616855e-07 
 2.18776162e+01  5.46573808e-06  1.94447019e-07 
 2.23872114e+01  5.40542633e-06  1.92301391e-07 
 2.29086765e+01  5.34578743e-06  1.90179700e-07 
 2.34422882e+01  5.28681381e-06  1.88081677e-07 
 2.39883292e+01  5.22849802e-06  1.86007057e-07 
 2.45470892e+01  5.17083268e-06  1.83955576e-07 
 2.51188643e+01  5.11381048e-06  1.81926976e-07 
 2.57039578e+01  5.05742422e-06  1.79921000e-07 
 2.63026799e+01  5.00166675e-06  1.77937394e-07 
 2.69153480e+01  4.94653104e-06  1.75975907e-07 
 2.75422870e+01  4.89201010e-06  1.74036291e-07 
 2.81838293e+01  4.83809704e-06  1.72118300e-07 
 2.88403150e+01  4.78478505e-06  1.70221693e-07 
 2.95120923e+01  4.73206739e-06  1.68346229e-07 
 3.01995172e+01  4.67993739e-06  1.66491672e-07 
 3.09029543e+01  4.62838846e-06  1.64657787e-07 
 3.16227766e+01  4.57741410e-06  1.62844343e-07 
 3.23593657e+01  4.52700786e-06  1.61051110e-07 
 3.31131121e+01  4.47716338e-06  1.59277861e-07 
 3.38844156e+01  4.42787436e-06  1.57524374e-07 
 3.46736850e+01  4.37913458e-06  1.55790426e-07 
 3.54813389e+01  4.33093788e-06  1.54075799e-07 
 3.63078055e+01  4.28327818e-06  1.52380275e-07 
 3.71535229e+01  4.23614946e-06  1.50703642e-07 
 3.80189396e+01  4.18954579e-06  1.49045687e-07 
 3.89045145e+01  4.14346127e-06  1.47406202e-07 
 3.98107171e+01  4.09789009e-06  1.45784979e-07 
 4.07380278e+01  4.05282651e-06  1.44181815e-07 
 4.16869383e+01  4.00826485e-06  1.42596506e-07 
 4.26579519e+01  3.96419947e-06  1.41028853e-07 
 4.36515832e+01  3.92062484e-06  1.39478658e-07 
 4.46683592e+01  3.87753544e-06  1.37945726e-07 
 4.57088190e+01  3.83492587e-06  1.36429864e-07 
 4.67735141e+01  3.79279074e-06  1.34930881e-07 
 4.78630092e+01  3.75112474e-06  1.33448587e-07 
 4.89778819e+01  3.70992264e-06  1.31982797e-07 
 5.01187234e+01  3.66917923e-06  1.30533325e-07 
 5.12861384e+01  3.62888938e-06  1.29099989e-07 
 5.24807460e+01  3.58904804e-06  1.27682608e-07 
 5.37031796e+01  3.54965017e-06  1.26281004e-07 
 5.49540874e+01  3.51069082e-06  1.24895001e-07 
 5.62341325e+01  3.47216508e-06  1.23524425e-07 
 5.75439937e+01  3.43406812e-06  1.22169101e-07 
 5.88843655e+01  3.39639513e-06  1.20828861e-07 
 6.02559586e+01  3.35914137e-06  1.19503536e-07 
 6.16595002e+01  3.32230217e-06  1.18192959e-07 
 6.30957344e+01  3.28587288e-06  1.16896964e-07 
 6.45654229e+01  3.24984894e-06  1.15615390e-07 
 6.60693448e+01  3.21422580e-06  1.14348075e-07 
 6.76082975e+01  3.17899900e-06  1.13094860e-07 
 6.91830971e+01  3.14416410e-06  1.11855587e-07 
 7.07945784e+01  3.10971674e-06  1.10630100e-07 
 7.24435960e+01  3.07565257e-06  1.09418247e-07 
 7.41310241e+01  3.04196733e-06  1.08219873e-07 
 7.58577575e+01  3.00865678e-06  1.07034830e-07 
 7.76247117e+01  2.97571674e-06  1.05862967e-07 
 7.94328235e+01  2.94314307e-06  1.04704139e-07 
 8.12830516e+01  2.91093170e-06  1.03558200e-07 
 8.31763771e+01  2.87907856e-06  1.02425005e-07 
 8.51138038e+01  2.84757968e-06  1.01304412e-07 
 8.70963590e+01  2.81643109e-06  1.00196282e-07 
 8.91250938e+01  2.78562889e-06  9.91004746e-08 
 9.12010839e+01  2.75516921e-06  9.80168528e-08 
 9.33254301e+01  2.72504824e-06  9.69452807e-08 
 9.54992586e+01  2.69526220e-06  9.58856240e-08 
 9.77237221e+01  2.66580736e-06  9.48377497e-08 
 1.00000000e+02  2.63668002e-06  9.38015267e-08 
 1.02329299e+02  2.60787654e-06  9.27768251e-08 
 1.04712855e+02  2.57939331e-06  9.17635164e-08 
 1.07151931e+02  2.55122675e-06  9.07614737e-08 
 1.09647820e+02  2.52337335e-06  8.97705717e-08 
 1.12201845e+02  2.49582961e-06  8.87906861e-08 
 1.14815362e+02  2.46859208e-06  8.78216943e-08 
 1.17489755e+02  2.44165736e-06  8.68634750e-08 
 1.20226443e+02  2.41502208e-06  8.59159083e-08 
 1.23026877e+02  2.38868289e-06  8.49788756e-08 
 1.25892541e+02  2.36263652e-06  8.40522597e-08 
 1.28824955e+02  2.33687969e-06  8.31359447e-08 
 1.31825674e+02  2.31140919e-06  8.22298159e-08 
 1.34896288e+02  2.28622183e-06  8.13337602e-08 
 1.38038426e+02  2.26131447e-06  8.04476653e-08 
 1.41253754e+02  2.23668399e-06  7.95714207e-08 
 1.44543977e+02  2.21232731e-06  7.87049168e-08 
 1.47910839e+02  2.18824138e-06  7.78480452e-08 
 1.51356125e+02  2.16442321e-06  7.70006990e-08 
 1.54881662e+02  2.14086981e-06  7.61627723e-08 
 1.58489319e+02  2.11757824e-06  7.53341605e-08 
 1.62181010e+02  2.09454560e-06  7.45147601e-08 
 1.65958691e+02  2.07176901e-06  7.37044688e-08 
 1.69824365e+02  2.04924562e-06  7.29031854e-08 
 1.73780083e+02  2.02697263e-06  7.21108100e-08 
 1.77827941e+02  2.00494725e-06  7.13272437e-08 
 1.81970086e+02  1.98316674e-06  7.05523887e-08 
 1.86208714e+02  1.96162839e-06  6.97861484e-08 
 1.90546072e+02  1.94032950e-06  6.90284272e-08 
 1.94984460e+02  1.91926741e-06  6.82791307e-08 
 1.99526231e+02  1.89843951e-06  6.75381654e-08 
 2.04173794e+02  1.87784320e-06  6.68054390e-08 
 2.08929613e+02  1.85747591e-06  6.60808602e-08 
 2.13796209e+02  1.83733511e-06  6.53643387e-08 
 2.18776162e+02  1.81741827e-06  6.46557852e-08 
 2.23872114e+02  1.79772294e-06  6.39551114e-08 
 2.29086765e+02  1.77824664e-06  6.32622302e-08 
 2.34422882e+02  1.75898695e-06  6.25770552e-08 
 2.39883292e+02  1.73994149e-06  6.18995012e-08 
 2.45470892e+02  1.72110787e-06  6.12294838e-08 
 2.51188643e+02  1.70248376e-06  6.05669196e-08 
 2.57039578e+02  1.68406684e-06  5.99117262e-08 
 2.63026799e+02  1.66585481e-06  5.92638222e-08 
 2.69153480e+02  1.64784541e-06  5.86231268e-08 
 2.75422870e+02  1.63003640e-06  5.79895605e-08 
 2.81838293e+02  1.61242557e-06  5.73630445e-08 
 2.88403150e+02  1.59501072e-06  5.67435009e-08 
 2.95120923e+02  1.57778970e-06  5.61308527e-08 
 3.01995172e+02  1.56076037e-06  5.55250237e-08 
 3.09029543e+02  1.54392060e-06  5.49259387e-08 
 3.16227766e+02  1.52726831e-06  5.43335233e-08 
 3.23593657e+02  1.51080142e-06  5.37477039e-08 
 3.31131121e+02  1.49451790e-06  5.31684078e-08 
 3.38844156e+02  1.47841572e-06  5.25955630e-08 
 3.46736850e+02  1.46249288e-06  5.20290984e-08 
 3.54813389e+02  1.44674741e-06  5.14689438e-08 
 3.63078055e+02  1.43117735e-06  5.09150295e-08 
 3.71535229e+02  1.41578077e-06  5.03672870e-08 
 3.80189396e+02  1.40055576e-06  4.98256482e-08 
 3.89045145e+02  1.38550043e-06  4.92900460e-08 
 3.98107171e+02  1.37061292e-06  4.87604140e-08 
 4.07380278e+02  1.35589138e-06  4.82366864e-08 
 4.16869383e+02  1.34133399e-06  4.77187985e-08 
 4.26579519e+02  1.32693894e-06  4.72066859e-08 
 4.36515832e+02  1.31270444e-06  4.67002853e-08 
 4.46683592e+02  1.29862874e-06  4.61995339e-08 
 4.57088190e+02  1.28471008e-06  4.57043696e-08 
 4.67735141e+02  1.27094676e-06  4.52147312e-08 
 4.78630092e+02  1.25733705e-06  4.47305580e-08 
 4.89778819e+02  1.24387929e-06  4.42517901e-08 
 5.01187234e+02  1.23057179e-06  4.37783682e-08 
 5.12861384e+02  1.21741292e-06  4.33102337e-08 
 5.24807460e+02  1.20440104e-06  4.28473287e-08 
 5.37031796e+02  1.19153455e-06  4.23895958e-08 
 5.49540874e+02  1.17881186e-06  4.19369786e-08 
 5.62341325e+02  1.16623138e-06  4.14894210e-08 
 5.75439937e+02  1.15379157e-06  4.10468676e-08 
 5.88843655e+02  1.14149088e-06  4.06092637e-08 
 6.02559586e+02  1.12932780e-06  4.01765553e-08 
 6.16595002e+02  1.11730083e-06  3.97486888e-08 
 6.30957344e+02  1.10540846e-06  3.93256114e-08 
 6.45654229e+02  1.09364925e-06  3.89072707e-08 
 6.60693448e+02  1.08202173e-06  3.84936152e-08 
 6.76082975e+02  1.07052446e-06  3.80845937e-08 
 6.91830971e+02  1.05915603e-06  3.76801556e-08 
 7.07945784e+02  1.04791504e-06  3.72802511e-08 
 7.24435960e+02  1.03680009e-06  3.68848307e-08 
 7.41310241e+02  1.02580981e-06  3.64938457e-08 
 7.58577575e+02  1.01494285e-06  3.61072477e-08 
 7.76247117e+02  1.00419786e-06  3.57249891e-08 
 7.94328235e+02  9.93573522e-07  3.53470226e-08 
 8.12830516e+02  9.83068520e-07  3.49733017e-08 
 8.31763771e+02  9.72681559e-07  3.46037802e-08 
 8.51138038e+02  9.62411357e-07  3.42384125e-08 
 8.70963590e+02  9.52256649e-07  3.38771537e-08 
 8.91250938e+02  9.42216181e-07  3.35199590e-08 
 9.12010839e+02  9.32288715e-07  3.31667845e-08 
 9.33254301e+02  9.22473027e-07  3.28175866e-08 
 9.54992586e+02  9.12767906e-07  3.24723223e-08 
 9.77237221e+02  9.03172157e-07  3.21309490e-08 
 1.00000000e+03  8.93684597e-07  3.17934245e-08 
 1.02329299e+03  8.84304055e-07  3.14597074e-08 
 1.04712855e+03  8.75029375e-07  3.11297565e-08 
 1.07151931e+03  8.65859415e-07  3.08035311e-08 
 1.09647820e+03  8.56793045e-07  3.04809910e-08 
 1.12201845e+03  8.47829147e-07  3.01620965e-08 
 1.14815362e+03  8.38966617e-07  2.98468083e-08 
 1.17489755e+03  8.30204363e-07  2.95350876e-08 
 1.20226443e+03  8.21541306e-07  2.92268959e-08 
 1.23026877e+03  8.12976378e-07  2.89221952e-08 
 1.25892541e+03  8.04508523e-07  2.86209481e-08 
 1.28824955e+03  7.96136700e-07  2.83231175e-08 
 1.31825674e+03  7.87859877e-07  2.80286666e-08 
 1.34896288e+03  7.79677034e-07  2.77375591e-08 
 1.38038426e+03  7.71587163e-07  2.74497594e-08 
 1.41253754e+03  7.63589269e-07  2.71652318e-08 
 1.44543977e+03  7.55682365e-07  2.68839413e-08 
 1.47910839e+03  7.47865478e-07  2.66058534e-08 
 1.51356125e+03  7.40137645e-07  2.63309337e-08 
 1.54881662e+03  7.32497914e-07  2.60591483e-08 
 1.58489319e+03  7.24945344e-07  2.57904639e-08 
 1.62181010e+03  7.17479005e-07  2.55248474e-08 
 1.65958691e+03  7.10097977e-07  2.52622659e-08 
 1.69824365e+03  7.02801350e-07  2.50026871e-08 
 1.73780083e+03  6.95588225e-07  2.47460792e-08 
 1.77827941e+03  6.88457715e-07  2.44924104e-08 
 1.81970086e+03  6.81408939e-07  2.42416495e-08 
 1.86208714e+03  6.74441029e-07  2.39937656e-08 
 1.90546072e+03  6.67553127e-07  2.37487281e-08 
 1.94984460e+03  6.60744382e-07  2.35065069e-08 
 1.99526231e+03  6.54013957e-07  2.32670721e-08 
 2.04173794e+03  6.47361020e-07  2.30303941e-08 
 2.08929613e+03  6.40784751e-07  2.27964438e-08 
 2.13796209e+03  6.34284339e-07  2.25651924e-08 
 2.18776162e+03  6.27858982e-07  2.23366112e-08 
 2.23872114e+03  6.21507886e-07  2.21106721e-08 
 2.29086765e+03  6.15230268e-07  2.18873472e-08 
 2.34422882e+03  6.09025353e-07  2.16666090e-08 
 2.39883292e+03  6.02892374e-07  2.14484301e-08 
 2.45470892e+03  5.96830573e-07  2.12327836e-08 
 2.51188643e+03  5.90839201e-07  2.10196430e-08 
 2.57039578e+03  5.84917518e-07  2.08089817e-08 
 2.63026799e+03  5.79064791e-07  2.06007739e-08 
 2.69153480e+03  5.73280297e-07  2.03949937e-08 
 2.75422870e+03  5.67563318e-07  2.01916157e-08 
 2.81838293e+03  5.61913147e-07  1.99906147e-08 
 2.88403150e+03  5.56329085e-07  1.97919658e-08 
 2.95120923e+03  5.50810439e-07  1.95956444e-08 
 3.01995172e+03  5.45356524e-07  1.94016261e-08 
 3.09029543e+03  5.39966665e-07  1.92098870e-08 
 3.16227766e+03  5.34640191e-07  1.90204032e-08 
 3.23593657e+03  5.29376443e-07  1.88331512e-08 
 3.31131121e+03  5.24174764e-07  1.86481077e-08 
 3.38844156e+03  5.19034509e-07  1.84652497e-08 
 3.46736850e+03  5.13955037e-07  1.82845545e-08 
 3.54813389e+03  5.08935716e-07  1.81059996e-08 
 3.63078055e+03  5.03975921e-07  1.79295627e-08 
 3.71535229e+03  4.99075033e-07  1.77552219e-08 
 3.80189396e+03  4.94232440e-07  1.75829555e-08 
 3.89045145e+03  4.89447536e-07  1.74127418e-08 
 3.98107171e+03  4.84719725e-07  1.72445596e-08 
 4.07380278e+03  4.80048413e-07  1.70783880e-08 
 4.16869383e+03  4.75433016e-07  1.69142060e-08 
 4.26579519e+03  4.70872955e-07  1.67519932e-08 
 4.36515832e+03  4.66367657e-07  1.65917291e-08 
 4.46683592e+03  4.61916556e-07  1.64333937e-08 
 4.57088190e+03  4.57519092e-07  1.62769670e-08 
 4.67735141e+03  4.53174711e-07  1.61224294e-08 
 4.78630092e+03  4.48882865e-07  1.59697614e-08 
 4.89778819e+03  4.44643012e-07  1.58189437e-08 
 5.01187234e+03  4.40454616e-07  1.56699573e-08 
 5.12861384e+03  4.36317146e-07  1.55227833e-08 
 5.24807460e+03  4.32230077e-07  1.53774031e-08 
 5.37031796e+03  4.28192891e-07  1.52337982e-08 
 5.49540874e+03  4.24205073e-07  1.50919504e-08 
 5.62341325e+03  4.20266115e-07  1.49518417e-08 
 5.75439937e+03  4.16375516e-07  1.48134542e-08 
 5.88843655e+03  4.12532776e-07  1.46767703e-08 
 6.02559586e+03  4.08737404e-07  1.45417723e-08 
 6.16595002e+03  4.04988912e-07  1.44084432e-08 
 6.30957344e+03  4.01286819e-07  1.42767656e-08 
 6.45654229e+03  3.97630648e-07  1.41467228e-08 
 6.60693448e+03  3.94019925e-07  1.40182980e-08 
 6.76082975e+03  3.90454185e-07  1.38914745e-08 
 6.91830971e+03  3.86932964e-07  1.37662360e-08 
 7.07945784e+03  3.83455805e-07  1.36425662e-08 
 7.24435960e+03  3.80022254e-07  1.35204490e-08 
 7.41310241e+03  3.76631863e-07  1.33998686e-08 
 7.58577575e+03  3.73284188e-07  1.32808091e-08 
 7.76247117e+03  3.69978789e-07  1.31632551e-08 
 7.94328235e+03  3.66715230e-07  1.30471910e-08 
 8.12830516e+03  3.63493081e-07  1.29326016e-08 
 8.31763771e+03  3.60311915e-07  1.28194718e-08 
 8.51138038e+03  3.57171309e-07  1.27077866e-08 
 8.70963590e+03  3.54070845e-07  1.25975312e-08 
 8.91250938e+03  3.51010108e-07  1.24886908e-08 
 9.12010839e+03  3.47988687e-07  1.23812510e-08 
 9.33254301e+03  3.45006176e-07  1.22751974e-08 
 9.54992586e+03  3.42062171e-07  1.21705157e-08 
 9.77237221e+03  3.39156274e-07  1.20671917e-08 
 1.00000000e+04  3.36288090e-07  1.19652116e-08 
 1.02329299e+04  3.33457226e-07  1.18645614e-08 
 1.04712855e+04  3.30663294e-07  1.17652274e-08 
 1.07151931e+04  3.27905909e-07  1.16671961e-08 
 1.09647820e+04  3.25184691e-07  1.15704540e-08 
 1.12201845e+04  3.22499261e-07  1.14749877e-08 
 1.14815362e+04  3.19849245e-07  1.13807840e-08 
 1.17489755e+04  3.17234271e-07  1.12878299e-08 
 1.20226443e+04  3.14653971e-07  1.11961123e-08 
 1.23026877e+04  3.12107981e-07  1.11056184e-08 
 1.25892541e+04  3.09595938e-07  1.10163354e-08 
 1.28824955e+04  3.07117483e-07  1.09282507e-08 
 1.31825674e+04  3.04672262e-07  1.08413518e-08 
 1.34896288e+04  3.02259920e-07  1.07556263e-08 
 1.38038426e+04  2.99880108e-07  1.06710619e-08 
 1.41253754e+04  2.97532478e-07  1.05876463e-08 
 1.44543977e+04  2.95216686e-07  1.05053676e-08 
 1.47910839e+04  2.92932390e-07  1.04242136e-08 
 1.51356125e+04  2.90679250e-07  1.03441725e-08 
 1.54881662e+04  2.88456931e-07  1.02652326e-08 
 1.58489319e+04  2.86265097e-07  1.01873820e-08 
 1.62181010e+04  2.84103418e-07  1.01106093e-08 
 1.65958691e+04  2.81971564e-07  1.00349030e-08 
 1.69824365e+04  2.79869209e-07  9.96025153e-09 
 1.73780083e+04  2.77796027e-07  9.88664370e-09 
 1.77827941e+04  2.75751696e-07  9.81406827e-09 
 1.81970086e+04  2.73735898e-07  9.74251410e-09 
 1.86208714e+04  2.71748312e-07  9.67197014e-09 
 1.90546072e+04  2.69788625e-07  9.60242545e-09 
 1.94984460e+04  2.67856522e-07  9.53386914e-09 
 1.99526231e+04  2.65951691e-07  9.46629042e-09 
 2.04173794e+04  2.64073823e-07  9.39967861e-09 
 2.08929613e+04  2.62222611e-07  9.33402307e-09 
 2.13796209e+04  2.60397748e-07  9.26931325e-09 
 2.18776162e+04  2.58598930e-07  9.20553871e-09 
 2.23872114e+04  2.56825855e-07  9.14268906e-09 
 2.29086765e+04  2.55078222e-07  9.08075400e-09 
 2.34422882e+04  2.53355733e-07  9.01972329e-09 
 2.39883292e+04  2.51658090e-07  8.95958679e-09 
 2.45470892e+04  2.49984997e-07  8.90033442e-09 
 2.51188643e+04  2.48336162e-07  8.84195619e-09 
 2.57039578e+04  2.46711290e-07  8.78444215e-09 
 2.63026799e+04  2.45110091e-07  8.72778246e-09 
 2.69153480e+04  2.43532275e-07  8.67196734e-09 
 2.75422870e+04  2.41977553e-07  8.61698706e-09 
 2.81838293e+04  2.40445640e-07  8.56283200e-09 
 2.88403150e+04  2.38936247e-07  8.50949257e-09 
 2.95120923e+04  2.37449092e-07  8.45695928e-09 
 3.01995172e+04  2.35983890e-07  8.40522269e-09 
 3.09029543e+04  2.34540359e-07  8.35427345e-09 
 3.16227766e+04  2.33118217e-07  8.30410224e-09 
 3.23593657e+04  2.31717185e-07  8.25469984e-09 
 3.31131121e+04  2.30336983e-07  8.20605709e-09 
 3.38844156e+04  2.28977332e-07  8.15816489e-09 
 3.46736850e+04  2.27637954e-07  8.11101421e-09 
 3.54813389e+04  2.26318574e-07  8.06459609e-09 
 3.63078055e+04  2.25018913e-07  8.01890162e-09 
 3.71535229e+04  2.23738698e-07  7.97392197e-09 
 3.80189396e+04  2.22477653e-07  7.92964837e-09 
 3.89045145e+04  2.21235504e-07  7.88607212e-09 
 3.98107171e+04  2.20011976e-07  7.84318457e-09 
 4.07380278e+04  2.18806797e-07  7.80097715e-09 
 4.16869383e+04  2.17619693e-07  7.75944135e-09 
 4.26579519e+04  2.16450392e-07  7.71856872e-09 
 4.36515832e+04  2.15298621e-07  7.67835087e-09 
 4.46683592e+04  2.14164107e-07  7.63877948e-09 
 4.57088190e+04  2.13046578e-07  7.59984629e-09 
 4.67735141e+04  2.11945762e-07  7.56154312e-09 
 4.78630092e+04  2.10861386e-07  7.52386184e-09 
 4.89778819e+04  2.09793178e-07  7.48679436e-09 
 5.01187234e+04  2.08740865e-07  7.45033271e-09 
 5.12861384e+04  2.07704172e-07  7.41446892e-09 
 5.24807460e+04  2.06682828e-07  7.37919514e-09 
 5.37031796e+04  2.05676556e-07  7.34450355e-09 
 5.49540874e+04  2.04685084e-07  7.31038640e-09 
 5.62341325e+04  2.03708134e-07  7.27683601e-09 
 5.75439937e+04  2.02745430e-07  7.24384475e-09 
 5.88843655e+04  2.01796696e-07  7.21140508e-09 
 6.02559586e+04  2.00861652e-07  7.17950951e-09 
 6.16595002e+04  1.99940019e-07  7.14815060e-09 
 6.30957344e+04  1.99031515e-07  7.11732100e-09 
 6.45654229e+04  1.98135858e-07  7.08701340e-09 
 6.60693448e+04  1.97252765e-07  7.05722059e-09 
 6.76082975e+04  1.96381949e-07  7.02793538e-09 
 6.91830971e+04  1.95523122e-07  6.99915068e-09 
 7.07945784e+04  1.94675995e-07  6.97085946e-09 
 7.24435960e+04  1.93840275e-07  6.94305473e-09 
 7.41310241e+04  1.93015669e-07  6.91572961e-09 
 7.58577575e+04  1.92201879e-07  6.88887724e-09 
 7.76247117e+04  1.91398607e-07  6.86249085e-09 
 7.94328235e+04  1.90605549e-07  6.83656375e-09 
 8.12830516e+04  1.89822400e-07  6.81108928e-09 
 8.31763771e+04  1.89048850e-07  6.78606087e-09 
 8.51138038e+04  1.88284589e-07  6.76147203e-09 
 8.70963590e+04  1.87529300e-07  6.73731630e-09 
 8.91250938e+04  1.86782663e-07  6.71358732e-09 
 9.12010839e+04  1.86044353e-07  6.69027877e-09 
 9.33254301e+04  1.85314043e-07  6.66738443e-09 
 9.54992586e+04  1.84591400e-07  6.64489813e-09 
 9.77237221e+04  1.83876085e-07  6.62281375e-09 
 1.00000000e+05  1.83167755e-07  6.60112526e-09 
 1.02329299e+05  1.82466063e-07  6.57982671e-09 
 1.04712855e+05  1.81770654e-07  6.55891218e-09 
 1.07151931e+05  1.81081169e-07  6.53837586e-09 
 1.09647820e+05  1.80397241e-07  6.51821197e-09 
 1.12201845e+05  1.79718497e-07  6.49841483e-09 
 1.14815362e+05  1.79044559e-07  6.47897880e-09 
 1.17489755e+05  1.78375040e-07  6.45989835e-09 
 1.20226443e+05  1.77709547e-07  6.44116797e-09 
 1.23026877e+05  1.77047677e-07  6.42278225e-09 
 1.25892541e+05  1.76389022e-07  6.40473584e-09 
 1.28824955e+05  1.75733164e-07  6.38702346e-09 
 1.31825674e+05  1.75079677e-07  6.36963990e-09 
 1.34896288e+05  1.74428125e-07  6.35258002e-09 
 1.38038426e+05  1.73778065e-07  6.33583875e-09 
 1.41253754e+05  1.73129042e-07  6.31941108e-09 
 1.44543977e+05  1.72480593e-07  6.30329208e-09 
 1.47910839e+05  1.71832244e-07  6.28747688e-09 
 1.51356125e+05  1.71183510e-07  6.27196070e-09 
 1.54881662e+05  1.70533898e-07  6.25673880e-09 
 1.58489319e+05  1.69882901e-07  6.24180652e-09 
 1.62181010e+05  1.69230001e-07  6.22715930e-09 
 1.65958691e+05  1.68574672e-07  6.21279259e-09 
 1.69824365e+05  1.67916371e-07  6.19870197e-09 
 1.73780083e+05  1.67254549e-07  6.18488305e-09 
 1.77827941e+05  1.66588639e-07  6.17133152e-09 
 1.81970086e+05  1.65918067e-07  6.15804314e-09 
 1.86208714e+05  1.65242245e-07  6.14501375e-09 
 1.90546072e+05  1.64560571e-07  6.13223924e-09 
 1.94984460e+05  1.63872432e-07  6.11971559e-09 
 1.99526231e+05  1.63177204e-07  6.10743883e-09 
 2.04173794e+05  1.62474250e-07  6.09540508e-09 
 2.08929613e+05  1.61762920e-07  6.08361051e-09 
 2.13796209e+05  1.61042554e-07  6.07205136e-09 
 2.18776162e+05  1.60312479e-07  6.06072397e-09 
 2.23872114e+05  1.59572012e-07  6.04962471e-09 
 2.29086765e+05  1.58820460e-07  6.03875004e-09 
 2.34422882e+05  1.58057118e-07  6.02809649e-09 
 2.39883292e+05  1.57281276e-07  6.01766066e-09 
 2.45470892e+05  1.56492211e-07  6.00743920e-09 
 2.51188643e+05  1.55689195e-07  5.99742885e-09 
 2.57039578e+05  1.54871494e-07  5.98762642e-09 
 2.63026799e+05  1.54038369e-07  5.97802878e-09 
 2.69153480e+05  1.53189076e-07  5.96863287e-09 
 2.75422870e+05  1.52322870e-07  5.95943571e-09 
 2.81838293e+05  1.51439005e-07  5.95043437e-09 
 2.88403150e+05  1.50536738e-07  5.94162602e-09 
 2.95120923e+05  1.49615328e-07  5.93300786e-09 
 3.01995172e+05  1.48674042e-07  5.92457718e-09 
 3.09029543e+05  1.47712155e-07  5.91633136e-09 
 3.16227766e+05  1.46728950e-07  5.90826781e-09 
 3.23593657e+05  1.45723730e-07  5.90038402e-09 
 3.31131121e+05  1.44695810e-07  5.89267758e-09 
 3.38844156e+05  1.43644529e-07  5.88514611e-09 
 3.46736850e+05  1.42569248e-07  5.87778731e-09 
 3.54813389e+05  1.41469359e-07  5.87059895e-09 
 3.63078055e+05  1.40344283e-07  5.86357889e-09 
 3.71535229e+05  1.39193478e-07  5.85672501e-09 
 3.80189396e+05  1.38016443e-07  5.85003531e-09 
 3.89045145e+05  1.36812721e-07  5.84350783e-09 
 3.98107171e+05  1.35581905e-07  5.83714066e-09 
 4.07380278e+05  1.34323642e-07  5.83093200e-09 
 4.16869383e+05  1.33037638e-07  5.82488009e-09 
 4.26579519e+05  1.31723663e-07  5.81898323e-09 
 4.36515832e+05  1.30381552e-07  5.81323979e-09 
 4.46683592e+05  1.29011219e-07  5.80764823e-09 
 4.57088190e+05  1.27612650e-07  5.80220703e-09 
 4.67735141e+05  1.26185916e-07  5.79691478e-09 
 4.78630092e+05  1.24731174e-07  5.79177008e-09 
 4.89778819e+05  1.23248670e-07  5.78677163e-09 
 5.01187234e+05  1.21738745e-07  5.78191818e-09 
 5.12861384e+05  1.20201835e-07  5.77720853e-09 
 5.24807460e+05  1.18638476e-07  5.77264154e-09 
 5.37031796e+05  1.17049307e-07  5.76821613e-09 
 5.49540874e+05  1.15435069e-07  5.76393128e-09 
 5.62341325e+05  1.13796606e-07  5.75978599e-09 
 5.75439937e+05  1.12134866e-07  5.75577934e-09 
 5.88843655e+05  1.10450903e-07  5.75191045e-09 
 6.02559586e+05  1.08745870e-07  5.74817848e-09 
 6.16595002e+05  1.07021020e-07  5.74458263e-09 
 6.30957344e+05  1.05277703e-07  5.74112214e-09 
 6.45654229e+05  1.03517363e-07  5.73779629e-09 
 6.60693448e+05  1.01741530e-07  5.73460438e-09 
 6.76082975e+05  9.99518150e-08  5.73154575e-09 
 6.91830971e+05  9.81499068e-08  5.72861977e-09 
 7.07945784e+05  9.63375614e-08  5.72582581e-09 
 7.24435960e+05  9.45165954e-08  5.72316326e-09 
 7.41310241e+05  9.26888770e-08  5.72063154e-09 
 7.58577575e+05  9.08563173e-08  5.71823005e-09 
 7.76247117e+05  8.90208605e-08  5.71595821e-09 
 7.94328235e+05  8.71844740e-08  5.71381543e-09 
 8.12830516e+05  8.53491383e-08  5.71180109e-09 
 8.31763771e+05  8.35168366e-08  5.70991460e-09 
 8.51138038e+05  8.16895447e-08  5.70815529e-09 
 8.70963590e+05  7.98692206e-08  5.70652251e-09 
 8.91250938e+05  7.80577946e-08  5.70501555e-09 
 9.12010839e+05  7.62571594e-08  5.70363365e-09 
 9.33254301e+05  7.44691613e-08  5.70237603e-09 
 9.54992586e+05  7.26955911e-08  5.70124184e-09 
 9.77237221e+05  7.09381760e-08  5.70023015e-09 
 1.00000000e+06  6.91985722e-08  5.69933999e-09 
 1.02329299e+06  6.74783584e-08  5.69857031e-09 
 1.04712855e+06  6.57790295e-08  5.69791995e-09 
 1.07151931e+06  6.41019916e-08  5.69738771e-09 
 1.09647820e+06  6.24485579e-08  5.69697226e-09 
 1.12201845e+06  6.08199451e-08  5.69667217e-09 
 1.14815362e+06  5.92172708e-08  5.69648593e-09 
 1.17489755e+06  5.76415518e-08  5.69641190e-09 
 1.20226443e+06  5.60937035e-08  5.69644834e-09 
 1.23026877e+06  5.45745390e-08  5.69659337e-09 
 1.25892541e+06  5.30847704e-08  5.69684502e-09 
 1.28824955e+06  5.16250096e-08  5.69720117e-09 
 1.31825674e+06  5.01957702e-08  5.69765960e-09 
 1.34896288e+06  4.87974703e-08  5.69821795e-09 
 1.38038426e+06  4.74304349e-08  5.69887373e-09 
 1.41253754e+06  4.60948997e-08  5.69962435e-09 
 1.44543977e+06  4.47910146e-08  5.70046708e-09 
 1.47910839e+06  4.35188479e-08  5.70139909e-09 
 1.51356125e+06  4.22783906e-08  5.70241742e-09 
 1.54881662e+06  4.10695608e-08  5.70351902e-09 
 1.58489319e+06  3.98922086e-08  5.70470073e-09 
 1.62181010e+06  3.87461207e-08  5.70595930e-09 
 1.65958691e+06  3.76310251e-08  5.70729140e-09 
 1.69824365e+06  3.65465962e-08  5.70869363e-09 
 1.73780083e+06  3.54924592e-08  5.71016252e-09 
 1.77827941e+06  3.44681950e-08  5.71169456e-09 
 1.81970086e+06  3.34733446e-08  5.71328619e-09 
 1.86208714e+06  3.25074137e-08  5.71493385e-09 
 1.90546072e+06  3.15698770e-08  5.71663393e-09 
 1.94984460e+06  3.06601821e-08  5.71838286e-09 
 1.99526231e+06  2.97777534e-08  5.72017707e-09 
 2.04173794e+06  2.89219963e-08  5.72201304e-09 
 2.08929613e+06  2.80923000e-08  5.72388728e-09 
 2.13796209e+06  2.72880413e-08  5.72579639e-09 
 2.18776162e+06  2.65085876e-08  5.72773701e-09 
 2.23872114e+06  2.57532995e-08  5.72970593e-09 
 2.29086765e+06  2.50215337e-08  5.73170000e-09 
 2.34422882e+06  2.43126455e-08  5.73371622e-09 
 2.39883292e+06  2.36259907e-08  5.73575173e-09 
 2.45470892e+06  2.29609280e-08  5.73780380e-09 
 2.51188643e+06  2.23168203e-08  5.73986988e-09 
 2.57039578e+06  2.16930372e-08  5.74194760e-09 
 2.63026799e+06  2.10889555e-08  5.74403476e-09 
 2.69153480e+06  2.05039612e-08  5.74612935e-09 
 2.75422870e+06  1.99374503e-08  5.74822959e-09 
 2.81838293e+06  1.93888299e-08  5.75033389e-09 
 2.88403150e+06  1.88575191e-08  5.75244087e-09 
 2.95120923e+06  1.83429494e-08  5.75454940e-09 
 3.01995172e+06  1.78445657e-08  5.75665855e-09 
 3.09029543e+06  1.73618267e-08  5.75876764e-09 
 3.16227766e+06  1.68942048e-08  5.76087621e-09 
 3.23593657e+06  1.64411872e-08  5.76298404e-09 
 3.31131121e+06  1.60022754e-08  5.76509115e-09 
 3.38844156e+06  1.55769855e-08  5.76719779e-09 
 3.46736850e+06  1.51648486e-08  5.76930445e-09 
 3.54813389e+06  1.47654102e-08  5.77141185e-09 
 3.63078055e+06  1.43782305e-08  5.77352096e-09 
 3.71535229e+06  1.40028842e-08  5.77563295e-09 
 3.80189396e+06  1.36389604e-08  5.77774924e-09 
 3.89045145e+06  1.32860622e-08  5.77987146e-09 
 3.98107171e+06  1.29438066e-08  5.78200148e-09 
 4.07380278e+06  1.26118241e-08  5.78414137e-09 
 4.16869383e+06  1.22897588e-08  5.78629343e-09 
 4.26579519e+06  1.19772674e-08  5.78846015e-09 
 4.36515832e+06  1.16740194e-08  5.79064426e-09 
 4.46683592e+06  1.13796968e-08  5.79284866e-09 
 4.57088190e+06  1.10939934e-08  5.79507646e-09 
 4.67735141e+06  1.08166146e-08  5.79733100e-09 
 4.78630092e+06  1.05472769e-08  5.79961576e-09 
 4.89778819e+06  1.02857081e-08  5.80193446e-09 
 5.01187234e+06  1.00316460e-08  5.80429099e-09 
 5.12861384e+06  9.78483889e-09  5.80668944e-09 
 5.24807460e+06  9.54504470e-09  5.80913406e-09 
 5.37031796e+06  9.31203081e-09  5.81162931e-09 
 5.49540874e+06  9.08557365e-09  5.81417985e-09 
 5.62341325e+06  8.86545839e-09  5.81679049e-09 
 5.75439937e+06  8.65147858e-09  5.81946625e-09 
 5.88843655e+06  8.44343582e-09  5.82221232e-09 
 6.02559586e+06  8.24113944e-09  5.82503410e-09 
 6.16595002e+06  8.04440619e-09  5.82793715e-09 
 6.30957344e+06  7.85305993e-09  5.83092725e-09 
 6.45654229e+06  7.66693132e-09  5.83401036e-09 
 6.60693448e+06  7.48585757e-09  5.83719261e-09 
 6.76082975e+06  7.30968213e-09  5.84048036e-09 
 6.91830971e+06  7.13825445e-09  5.84388017e-09 
 7.07945784e+06  6.97142971e-09  5.84739878e-09 
 7.24435960e+06  6.80906854e-09  5.85104314e-09 
 7.41310241e+06  6.65103685e-09  5.85482044e-09 
 7.58577575e+06  6.49720556e-09  5.85873805e-09 
 7.76247117e+06  6.34745035e-09  5.86280357e-09 
 7.94328235e+06  6.20165153e-09  5.86702481e-09 
 8.12830516e+06  6.05969377e-09  5.87140983e-09 
 8.31763771e+06  5.92146591e-09  5.87596690e-09 
 8.51138038e+06  5.78686082e-09  5.88070450e-09 
 8.70963590e+06  5.65577516e-09  5.88563139e-09 
 8.91250938e+06  5.52810928e-09  5.89075652e-09 
 9.12010839e+06  5.40376699e-09  5.89608912e-09 
 9.33254301e+06  5.28265543e-09  5.90163863e-09 
 9.54992586e+06  5.16468494e-09  5.90741475e-09 
 9.77237221e+06  5.04976889e-09  5.91342740e-09 
 1.00000000e+07  4.93782353e-09  5.91968678e-09 
 1.02329299e+07  4.82876792e-09  5.92620330e-09 
 1.04712855e+07  4.72252373e-09  5.93298762e-09 
 1.07151931e+07  4.61901516e-09  5.94005064e-09 
 1.09647820e+07  4.51816883e-09  5.94740349e-09 
 1.12201845e+07  4.41991365e-09  5.95505753e-09 
 1.14815362e+07  4.32418072e-09  5.96302435e-09 
 1.17489755e+07  4.23090323e-09  5.97131574e-09 
 1.20226443e+07  4.14001636e-09  5.97994371e-09 
 1.23026877e+07  4.05145720e-09  5.98892047e-09 
 1.25892541e+07  3.96516464e-09  5.99825838e-09 
 1.28824955e+07  3.88107929e-09  6.00797000e-09 
 1.31825674e+07  3.79914341e-09  6.01806803e-09 
 1.34896288e+07  3.71930080e-09  6.02856531e-09 
 1.38038426e+07  3.64149678e-09  6.03947478e-09 
 1.41253754e+07  3.56567805e-09  6.05080947e-09 
 1.44543977e+07  3.49179265e-09  6.06258249e-09 
 1.47910839e+07  3.41978992e-09  6.07480698e-09 
 1.51356125e+07  3.34962036e-09  6.08749606e-09 
 1.54881662e+07  3.28123565e-09  6.10066286e-09 
 1.58489319e+07  3.21458853e-09  6.11432043e-09 
 1.62181010e+07  3.14963277e-09  6.12848172e-09 
 1.65958691e+07  3.08632310e-09  6.14315953e-09 
 1.69824365e+07  3.02461516e-09  6.15836651e-09 
 1.73780083e+07  2.96446545e-09  6.17411503e-09 
 1.77827941e+07  2.90583128e-09  6.19041721e-09 
 1.81970086e+07  2.84867070e-09  6.20728485e-09 
 1.86208714e+07  2.79294250e-09  6.22472933e-09 
 1.90546072e+07  2.73860611e-09  6.24276163e-09 
 1.94984460e+07  2.68562160e-09  6.26139220e-09 
 1.99526231e+07  2.63394961e-09  6.28063098e-09 
 2.04173794e+07  2.58355134e-09  6.30048725e-09 
 2.08929613e+07  2.53438850e-09  6.32096964e-09 
 2.13796209e+07  2.48642325e-09  6.34208604e-09 
 2.18776162e+07  2.43961822e-09  6.36384353e-09 
 2.23872114e+07  2.39393643e-09  6.38624835e-09 
 2.29086765e+07  2.34934131e-09  6.40930581e-09 
 2.34422882e+07  2.30579664e-09  6.43302022e-09 
 2.39883292e+07  2.26326655e-09  6.45739488e-09 
 2.45470892e+07  2.22171547e-09  6.48243197e-09 
 2.51188643e+07  2.18110817e-09  6.50813255e-09 
 2.57039578e+07  2.14140970e-09  6.53449647e-09 
 2.63026799e+07  2.10258541e-09  6.56152234e-09 
 2.69153480e+07  2.06460092e-09  6.58920748e-09 
 2.75422870e+07  2.02742215e-09  6.61754793e-09 
 2.81838293e+07  1.99101531e-09  6.64653836e-09 
 2.88403150e+07  1.95534690e-09  6.67617210e-09 
 2.95120923e+07  1.92038374e-09  6.70644109e-09 
 3.01995172e+07  1.88609299e-09  6.73733592e-09 
 3.09029543e+07  1.85244216e-09  6.76884579e-09 
 3.16227766e+07  1.81939915e-09  6.80095855e-09 
 3.23593657e+07  1.78693228e-09  6.83366072e-09 
 3.31131121e+07  1.75501035e-09  6.86693753e-09 
 3.38844156e+07  1.72360265e-09  6.90077293e-09 
 3.46736850e+07  1.69267905e-09  6.93514969e-09 
 3.54813389e+07  1.66221005e-09  6.97004945e-09 
 3.63078055e+07  1.63216684e-09  7.00545279e-09 
 3.71535229e+07  1.60252138e-09  7.04133930e-09 
 3.80189396e+07  1.57324645e-09  7.07768772e-09 
 3.89045145e+07  1.54431579e-09  7.11447601e-09 
 3.98107171e+07  1.51570411e-09  7.15168146e-09 
 4.07380278e+07  1.48738726e-09  7.18928086e-09 
 4.16869383e+07  1.45934227e-09  7.22725057e-09 
 4.26579519e+07  1.43154746e-09  7.26556670e-09 
 4.36515832e+07  1.40398253e-09  7.30420524e-09 
 4.46683592e+07  1.37662868e-09  7.34314221e-09 
 4.57088190e+07  1.34946869e-09  7.38235381e-09 
 4.67735141e+07  1.32248700e-09  7.42181659e-09 
 4.78630092e+07  1.29566981e-09  7.46150759e-09 
 4.89778819e+07  1.26900515e-09  7.50140450e-09 
 5.01187234e+07  1.24248295e-09  7.54148583e-09 
 5.12861384e+07  1.21609512e-09  7.58173106e-09 
 5.24807460e+07  1.18983553e-09  7.62212079e-09 
 5.37031796e+07  1.16370013e-09  7.66263690e-09 
 5.49540874e+07  1.13768689e-09  7.70326267e-09 
 5.62341325e+07  1.11179583e-09  7.74398294e-09 
 5.75439937e+07  1.08602898e-09  7.78478424e-09 
 5.88843655e+07  1.06039035e-09  7.82565493e-09 
 6.02559586e+07  1.03488586e-09  7.86658527e-09 
 6.16595002e+07  1.00952323e-09  7.90756756e-09 
 6.30957344e+07  9.84311944e-10  7.94859627e-09 
 6.45654229e+07  9.59263033e-10  7.98966807e-09 
 6.60693448e+07  9.34389000e-10  8.03078193e-09 
 6.76082975e+07  9.09703634e-10  8.07193924e-09 
 6.91830971e+07  8.85221844e-10  8.11314380e-09 
 7.07945784e+07  8.60959470e-10  8.15440194e-09 
 7.24435960e+07  8.36933092e-10  8.19572250e-09 
 7.41310241e+07  8.13159831e-10  8.23711693e-09 
 7.58577575e+07  7.89657150e-10  8.27859928e-09 
 7.76247117e+07  7.66442650e-10  8.32018625e-09 
 7.94328235e+07  7.43533875e-10  8.36189717e-09 
 8.12830516e+07  7.20948123e-10  8.40375405e-09 
 8.31763771e+07  6.98702263e-10  8.44578154e-09 
 8.51138038e+07  6.76812573e-10  8.48800699e-09 
 8.70963590e+07  6.55294581e-10  8.53046038e-09 
 8.91250938e+07  6.34162928e-10  8.57317436e-09 
 9.12010839e+07  6.13431251e-10  8.61618422e-09 
 9.33254301e+07  5.93112078e-10  8.65952787e-09 
 9.54992586e+07  5.73216742e-10  8.70324587e-09 
 9.77237221e+07  5.53755324e-10  8.74738136e-09 
 1.00000000e+08  5.34736596e-10  8.79198009e-09 
 1.02329299e+08  5.16167998e-10  8.83709039e-09 
 1.04712855e+08  4.98055626e-10  8.88276315e-09 
 1.07151931e+08  4.80404230e-10  8.92905186e-09 
 1.09647820e+08  4.63217237e-10  8.97601251e-09 
 1.12201845e+08  4.46496775e-10  9.02370371e-09 
 1.14815362e+08  4.30243719e-10  9.07218655e-09 
 1.17489755e+08  4.14457738e-10  9.12152474e-09 
 1.20226443e+08  3.99137353e-10  9.17178449e-09 
 1.23026877e+08  3.84280004e-10  9.22303462e-09 
 1.25892541e+08  3.69882118e-10  9.27534651e-09 
 1.28824955e+08  3.55939182e-10  9.32879412e-09 
 1.31825674e+08  3.42445818e-10  9.38345404e-09 
 1.34896288e+08  3.29395859e-10  9.43940551e-09 
 1.38038426e+08  3.16782427e-10  9.49673040e-09 
 1.41253754e+08  3.04598008e-10  9.55551329e-09 
 1.44543977e+08  2.92834522e-10  9.61584149e-09 
 1.47910839e+08  2.81483403e-10  9.67780507e-09 
 1.51356125e+08  2.70535658e-10  9.74149692e-09 
 1.54881662e+08  2.59981942e-10  9.80701277e-09 
 1.58489319e+08  2.49812614e-10  9.87445125e-09 
 1.62181010e+08  2.40017799e-10  9.94391396e-09 
 1.65958691e+08  2.30587441e-10  1.00155055e-08 
 1.69824365e+08  2.21511354e-10  1.00893335e-08 
 1.73780083e+08  2.12779272e-10  1.01655087e-08 
 1.77827941e+08  2.04380888e-10  1.02441453e-08 
 1.81970086e+08  1.96305896e-10  1.03253603e-08 
 1.86208714e+08  1.88544025e-10  1.04092744e-08 
 1.90546072e+08  1.81085073e-10  1.04960117e-08 
 1.94984460e+08  1.73918934e-10  1.05856995e-08 
 1.99526231e+08  1.67035625e-10  1.06784691e-08 
 2.04173794e+08  1.60425308e-10  1.07744551e-08 
 2.08929613e+08  1.54078308e-10  1.08737961e-08 
 2.13796209e+08  1.47985133e-10  1.09766344e-08 
 2.18776162e+08  1.42136485e-10  1.10831165e-08 
 2.23872114e+08  1.36523276e-10  1.11933929e-08 
 2.29086765e+08  1.31136636e-10  1.13076182e-08 
 2.34422882e+08  1.25967922e-10  1.14259514e-08 
 2.39883292e+08  1.21008722e-10  1.15485561e-08 
 2.45470892e+08  1.16250865e-10  1.16756004e-08 
 2.51188643e+08  1.11686420e-10  1.18072572e-08 
 2.57039578e+08  1.07307700e-10  1.19437045e-08 
 2.63026799e+08  1.03107262e-10  1.20851252e-08 
 2.69153480e+08  9.90779079e-11  1.22317076e-08 
 2.75422870e+08  9.52126846e-11  1.23836458e-08 
 2.81838293e+08  9.15048794e-11  1.25411392e-08 
 2.88403150e+08  8.79480194e-11  1.27043935e-08 
 2.95120923e+08  8.45358679e-11  1.28736206e-08 
 3.01995172e+08  8.12624204e-11  1.30490389e-08 
 3.09029543e+08  7.81219007e-11  1.32308733e-08 
 3.16227766e+08  7.51087560e-11  1.34193563e-08 
 3.23593657e+08  7.22176520e-11  1.36147275e-08 
 3.31131121e+08  6.94434677e-11  1.38172343e-08 
 3.38844156e+08  6.67812895e-11  1.40271322e-08 
 3.46736850e+08  6.42264059e-11  1.42446854e-08 
 3.54813389e+08  6.17743012e-11  1.44701669e-08 
 3.63078055e+08  5.94206497e-11  1.47038590e-08 
 3.71535229e+08  5.71613092e-11  1.49460539e-08 
 3.80189396e+08  5.49923155e-11  1.51970541e-08 
 3.89045145e+08  5.29098755e-11  1.54571730e-08 
 3.98107171e+08  5.09103614e-11  1.57267352e-08 
 4.07380278e+08  4.89903042e-11  1.60060774e-08 
 4.16869383e+08  4.71463882e-11  1.62955485e-08 
 4.26579519e+08  4.53754440e-11  1.65955109e-08 
 4.36515832e+08  4.36744433e-11  1.69063405e-08 
 4.46683592e+08  4.20404927e-11  1.72284278e-08 
 4.57088190e+08  4.04708280e-11  1.75621782e-08 
 4.67735141e+08  3.89628082e-11  1.79080132e-08 
 4.78630092e+08  3.75139107e-11  1.82663709e-08 
 4.89778819e+08  3.61217253e-11  1.86377066e-08 
 5.01187234e+08  3.47839492e-11  1.90224941e-08 
 5.12861384e+08  3.34983821e-11  1.94212260e-08 
 5.24807460e+08  3.22629210e-11  1.98344149e-08 
 5.37031796e+08  3.10755558e-11  2.02625942e-08 
 5.49540874e+08  2.99343647e-11  2.07063191e-08 
 5.62341325e+08  2.88375095e-11  2.11661674e-08 
 5.75439937e+08  2.77832321e-11  2.16427406e-08 
 5.88843655e+08  2.67698499e-11  2.21366646e-08 
 6.02559586e+08  2.57957521e-11  2.26485912e-08 
 6.16595002e+08  2.48593965e-11  2.31791987e-08 
 6.30957344e+08  2.39593053e-11  2.37291932e-08 
 6.45654229e+08  2.30940626e-11  2.42993095e-08 
 6.60693448e+08  2.22623107e-11  2.48903125e-08 
 6.76082975e+08  2.14627476e-11  2.55029977e-08 
 6.91830971e+08  2.06941237e-11  2.61381931e-08 
 7.07945784e+08  1.99552399e-11  2.67967597e-08 
 7.24435960e+08  1.92449443e-11  2.74795929e-08 
 7.41310241e+08  1.85621307e-11  2.81876237e-08 
 7.58577575e+08  1.79057358e-11  2.89218196e-08 
 7.76247117e+08  1.72747375e-11  2.96831861e-08 
 7.94328235e+08  1.66681527e-11  3.04727677e-08 
 8.12830516e+08  1.60850359e-11  3.12916488e-08 
 8.31763771e+08  1.55244773e-11  3.21409552e-08 
 8.51138038e+08  1.49856011e-11  3.30218553e-08 
 8.70963590e+08  1.44675642e-11  3.39355608e-08 
 8.91250938e+08  1.39695548e-11  3.48833284e-08 
 9.12010839e+08  1.34907911e-11  3.58664602e-08 
 9.33254301e+08  1.30305201e-11  3.68863054e-08 
 9.54992586e+08  1.25880165e-11  3.79442614e-08 
 9.77237221e+08  1.21625815e-11  3.90417741e-08 
 1.00000000e+09  1.17535420e-11  4.01803401e-08 
