 frequency       onoise_spectrum inoise_spectrum
 1.00000000e+00  9.71496757e-06  3.11932018e-07 
 1.02329299e+00  9.61555022e-06  3.08739887e-07 
 1.04712855e+00  9.51716503e-06  3.05580896e-07 
 1.07151931e+00  9.41980113e-06  3.02454698e-07 
 1.09647820e+00  9.32344777e-06  2.99360946e-07 
 1.12201845e+00  9.22809429e-06  2.96299299e-07 
 1.14815362e+00  9.13373018e-06  2.93269418e-07 
 1.17489755e+00  9.04034500e-06  2.90270970e-07 
 1.20226443e+00  8.94792847e-06  2.87303624e-07 
 1.23026877e+00  8.85647038e-06  2.84367051e-07 
 1.25892541e+00  8.76596064e-06  2.81460929e-07 
 1.28824955e+00  8.67638929e-06  2.78584936e-07 
 1.31825674e+00  8.58774645e-06  2.75738757e-07 
 1.34896288e+00  8.50002235e-06  2.72922077e-07 
 1.38038426e+00  8.41320733e-06  2.70134586e-07 
 1.41253754e+00  8.32729183e-06  2.67375977e-07 
 1.44543977e+00  8.24226640e-06  2.64645947e-07 
 1.47910839e+00  8.15812169e-06  2.61944195e-07 
 1.51356125e+00  8.07484843e-06  2.59270425e-07 
 1.54881662e+00  7.99243747e-06  2.56624341e-07 
 1.58489319e+00  7.91087975e-06  2.54005654e-07 
 1.62181010e+00  7.83016632e-06  2.51414075e-07 
 1.65958691e+00  7.75028829e-06  2.48849319e-07 
 1.69824365e+00  7.67123691e-06  2.46311107e-07 
 1.73780083e+00  7.59300349e-06  2.43799157e-07 
 1.77827941e+00  7.51557945e-06  2.41313195e-07 
 1.81970086e+00  7.43895630e-06  2.38852949e-07 
 1.86208714e+00  7.36312562e-06  2.36418148e-07 
 1.90546072e+00  7.28807912e-06  2.34008525e-07 
 1.94984460e+00  7.21380855e-06  2.31623816e-07 
 1.99526231e+00  7.14030579e-06  2.29263760e-07 
 2.04173794e+00  7.06756278e-06  2.26928099e-07 
 2.08929613e+00  6.99557156e-06  2.24616576e-07 
 2.13796209e+00  6.92432425e-06  2.22328939e-07 
 2.18776162e+00  6.85381305e-06  2.20064938e-07 
 2.23872114e+00  6.78403024e-06  2.17824324e-07 
 2.29086765e+00  6.71496821e-06  2.15606853e-07 
 2.34422882e+00  6.64661939e-06  2.13412282e-07 
 2.39883292e+00  6.57897632e-06  2.11240372e-07 
 2.45470892e+00  6.51203161e-06  2.09090885e-07 
 2.51188643e+00  6.44577795e-06  2.06963586e-07 
 2.57039578e+00  6.38020810e-06  2.04858243e-07 
 2.63026799e+00  6.31531490e-06  2.02774627e-07 
 2.69153480e+00  6.25109128e-06  2.00712509e-07 
 2.75422870e+00  6.18753024e-06  1.98671666e-07 
 2.81838293e+00  6.12462483e-06  1.96651875e-07 
 2.88403150e+00  6.06236820e-06  1.94652914e-07 
 2.95120923e+00  6.00075358e-06  1.92674568e-07 
 3.01995172e+00  5.93977424e-06  1.90716619e-07 
 3.09029543e+00  5.87942355e-06  1.88778855e-07 
 3.16227766e+00  5.81969494e-06  1.86861065e-07 
 3.23593657e+00  5.76058190e-06  1.84963040e-07 
 3.31131121e+00  5.70207801e-06  1.83084574e-07 
 3.38844156e+00  5.64417690e-06  1.81225462e-07 
 3.46736850e+00  5.58687227e-06  1.79385503e-07 
 3.54813389e+00  5.53015791e-06  1.77564496e-07 
 3.63078055e+00  5.47402764e-06  1.75762243e-07 
 3.71535229e+00  5.41847536e-06  1.73978548e-07 
 3.80189396e+00  5.36349506e-06  1.72213219e-07 
 3.89045145e+00  5.30908075e-06  1.70466063e-07 
 3.98107171e+00  5.25522653e-06  1.68736890e-07 
 4.07380278e+00  5.20192657e-06  1.67025514e-07 
 4.16869383e+00  5.14917507e-06  1.65331748e-07 
 4.26579519e+00  5.09696633e-06  1.63655409e-07 
 4.36515832e+00  5.04529468e-06  1.61996316e-07 
 4.46683592e+00  4.99415452e-06  1.60354287e-07 
 4.57088190e+00  4.94354032e-06  1.58729146e-07 
 4.67735141e+00  4.89344659e-06  1.57120717e-07 
 4.78630092e+00  4.84386792e-06  1.55528825e-07 
 4.89778819e+00  4.79479893e-06  1.53953299e-07 
 5.01187234e+00  4.74623432e-06  1.52393967e-07 
 5.12861384e+00  4.69816883e-06  1.50850662e-07 
 5.24807460e+00  4.65059728e-06  1.49323216e-07 
 5.37031796e+00  4.60351452e-06  1.47811464e-07 
 5.49540874e+00  4.55691546e-06  1.46315243e-07 
 5.62341325e+00  4.51079507e-06  1.44834391e-07 
 5.75439937e+00  4.46514837e-06  1.43368749e-07 
 5.88843655e+00  4.41997043e-06  1.41918157e-07 
 6.02559586e+00  4.37525638e-06  1.40482461e-07 
 6.16595002e+00  4.33100140e-06  1.39061505e-07 
 6.30957344e+00  4.28720071e-06  1.37655135e-07 
 6.45654229e+00  4.24384959e-06  1.36263200e-07 
 6.60693448e+00  4.20094336e-06  1.34885550e-07 
 6.76082975e+00  4.15847742e-06  1.33522036e-07 
 6.91830971e+00  4.11644717e-06  1.32172513e-07 
 7.07945784e+00  4.07484811e-06  1.30836833e-07 
 7.24435960e+00  4.03367574e-06  1.29514855e-07 
 7.41310241e+00  3.99292564e-06  1.28206435e-07 
 7.58577575e+00  3.95259343e-06  1.26911432e-07 
 7.76247117e+00  3.91267477e-06  1.25629708e-07 
 7.94328235e+00  3.87316536e-06  1.24361124e-07 
 8.12830516e+00  3.83406097e-06  1.23105545e-07 
 8.31763771e+00  3.79535738e-06  1.21862835e-07 
 8.51138038e+00  3.75705045e-06  1.20632861e-07 
 8.70963590e+00  3.71913606e-06  1.19415491e-07 
 8.91250938e+00  3.68161014e-06  1.18210594e-07 
 9.12010839e+00  3.64446867e-06  1.17018040e-07 
 9.33254301e+00  3.60770766e-06  1.15837703e-07 
 9.54992586e+00  3.57132316e-06  1.14669456e-07 
 9.77237221e+00  3.53531129e-06  1.13513172e-07 
 1.00000000e+01  3.49966817e-06  1.12368729e-07 
 1.02329299e+01  3.46438999e-06  1.11236003e-07 
 1.04712855e+01  3.42947297e-06  1.10114874e-07 
 1.07151931e+01  3.39491338e-06  1.09005220e-07 
 1.09647820e+01  3.36070751e-06  1.07906925e-07 
 1.12201845e+01  3.32685170e-06  1.06819869e-07 
 1.14815362e+01  3.29334234e-06  1.05743937e-07 
 1.17489755e+01  3.26017583e-06  1.04679014e-07 
 1.20226443e+01  3.22734864e-06  1.03624986e-07 
 1.23026877e+01  3.19485725e-06  1.02581739e-07 
 1.25892541e+01  3.16269819e-06  1.01549163e-07 
 1.28824955e+01  3.13086803e-06  1.00527148e-07 
 1.31825674e+01  3.09936337e-06  9.95155842e-08 
 1.34896288e+01  3.06818085e-06  9.85143634e-08 
 1.38038426e+01  3.03731714e-06  9.75233791e-08 
 1.41253754e+01  3.00676894e-06  9.65425256e-08 
 1.44543977e+01  2.97653301e-06  9.55716981e-08 
 1.47910839e+01  2.94660610e-06  9.46107933e-08 
 1.51356125e+01  2.91698504e-06  9.36597087e-08 
 1.54881662e+01  2.88766668e-06  9.27183429e-08 
 1.58489319e+01  2.85864787e-06  9.17865957e-08 
 1.62181010e+01  2.82992555e-06  9.08643680e-08 
 1.65958691e+01  2.80149664e-06  8.99515614e-08 
 1.69824365e+01  2.77335813e-06  8.90480788e-08 
 1.73780083e+01  2.74550701e-06  8.81538243e-08 
 1.77827941e+01  2.71794034e-06  8.72687025e-08 
 1.81970086e+01  2.69065517e-06  8.63926195e-08 
 1.86208714e+01  2.66364860e-06  8.55254820e-08 
 1.90546072e+01  2.63691777e-06  8.46671980e-08 
 1.94984460e+01  2.61045984e-06  8.38176763e-08 
 1.99526231e+01  2.58427200e-06  8.29768266e-08 
 2.04173794e+01  2.55835146e-06  8.21445598e-08 
 2.08929613e+01  2.53269548e-06  8.13207873e-08 
 2.13796209e+01  2.50730133e-06  8.05054220e-08 
 2.18776162e+01  2.48216632e-06  7.96983772e-08 
 2.23872114e+01  2.45728778e-06  7.88995673e-08 
 2.29086765e+01  2.43266308e-06  7.81089078e-08 
 2.34422882e+01  2.40828961e-06  7.73263147e-08 
 2.39883292e+01  2.38416479e-06  7.65517053e-08 
 2.45470892e+01  2.36028605e-06  7.57849974e-08 
 2.51188643e+01  2.33665088e-06  7.50261099e-08 
 2.57039578e+01  2.31325676e-06  7.42749624e-08 
 2.63026799e+01  2.29010123e-06  7.35314754e-08 
 2.69153480e+01  2.26718183e-06  7.27955704e-08 
 2.75422870e+01  2.24449615e-06  7.20671694e-08 
 2.81838293e+01  2.22204177e-06  7.13461955e-08 
 2.88403150e+01  2.19981634e-06  7.06325723e-08 
 2.95120923e+01  2.17781749e-06  6.99262247e-08 
 3.01995172e+01  2.15604291e-06  6.92270778e-08 
 3.09029543e+01  2.13449029e-06  6.85350580e-08 
 3.16227766e+01  2.11315737e-06  6.78500920e-08 
 3.23593657e+01  2.09204188e-06  6.71721077e-08 
 3.31131121e+01  2.07114161e-06  6.65010335e-08 
 3.38844156e+01  2.05045434e-06  6.58367985e-08 
 3.46736850e+01  2.02997790e-06  6.51793329e-08 
 3.54813389e+01  2.00971013e-06  6.45285671e-08 
 3.63078055e+01  1.98964888e-06  6.38844328e-08 
 3.71535229e+01  1.96979206e-06  6.32468619e-08 
 3.80189396e+01  1.95013755e-06  6.26157873e-08 
 3.89045145e+01  1.93068330e-06  6.19911427e-08 
 3.98107171e+01  1.91142726e-06  6.13728621e-08 
 4.07380278e+01  1.89236740e-06  6.07608806e-08 
 4.16869383e+01  1.87350172e-06  6.01551337e-08 
 4.26579519e+01  1.85482823e-06  5.95555578e-08 
 4.36515832e+01  1.83634496e-06  5.89620898e-08 
 4.46683592e+01  1.81804998e-06  5.83746673e-08 
 4.57088190e+01  1.79994136e-06  5.77932286e-08 
 4.67735141e+01  1.78201720e-06  5.72177125e-08 
 4.78630092e+01  1.76427561e-06  5.66480587e-08 
 4.89778819e+01  1.74671474e-06  5.60842073e-08 
 5.01187234e+01  1.72933274e-06  5.55260992e-08 
 5.12861384e+01  1.71212778e-06  5.49736757e-08 
 5.24807460e+01  1.69509807e-06  5.44268789e-08 
 5.37031796e+01  1.67824181e-06  5.38856514e-08 
 5.49540874e+01  1.66155723e-06  5.33499365e-08 
 5.62341325e+01  1.64504260e-06  5.28196780e-08 
 5.75439937e+01  1.62869617e-06  5.22948205e-08 
 5.88843655e+01  1.61251623e-06  5.17753087e-08 
 6.02559586e+01  1.59650110e-06  5.12610884e-08 
 6.16595002e+01  1.58064909e-06  5.07521058e-08 
 6.30957344e+01  1.56495854e-06  5.02483074e-08 
 6.45654229e+01  1.54942781e-06  4.97496406e-08 
 6.60693448e+01  1.53405528e-06  4.92560533e-08 
 6.76082975e+01  1.51883933e-06  4.87674937e-08 
 6.91830971e+01  1.50377838e-06  4.82839109e-08 
 7.07945784e+01  1.48887086e-06  4.78052541e-08 
 7.24435960e+01  1.47411519e-06  4.73314735e-08 
 7.41310241e+01  1.45950985e-06  4.68625195e-08 
 7.58577575e+01  1.44505331e-06  4.63983431e-08 
 7.76247117e+01  1.43074405e-06  4.59388959e-08 
 7.94328235e+01  1.41658059e-06  4.54841298e-08 
 8.12830516e+01  1.40256144e-06  4.50339974e-08 
 8.31763771e+01  1.38868514e-06  4.45884518e-08 
 8.51138038e+01  1.37495025e-06  4.41474464e-08 
 8.70963590e+01  1.36135533e-06  4.37109352e-08 
 8.91250938e+01  1.34789896e-06  4.32788728e-08 
 9.12010839e+01  1.33457974e-06  4.28512141e-08 
 9.33254301e+01  1.32139629e-06  4.24279146e-08 
 9.54992586e+01  1.30834722e-06  4.20089301e-08 
 9.77237221e+01  1.29543119e-06  4.15942169e-08 
 1.00000000e+02  1.28264684e-06  4.11837320e-08 
 1.02329299e+02  1.26999284e-06  4.07774325e-08 
 1.04712855e+02  1.25746788e-06  4.03752763e-08 
 1.07151931e+02  1.24507066e-06  3.99772213e-08 
 1.09647820e+02  1.23279988e-06  3.95832263e-08 
 1.12201845e+02  1.22065427e-06  3.91932502e-08 
 1.14815362e+02  1.20863256e-06  3.88072525e-08 
 1.17489755e+02  1.19673351e-06  3.84251931e-08 
 1.20226443e+02  1.18495588e-06  3.80470323e-08 
 1.23026877e+02  1.17329844e-06  3.76727307e-08 
 1.25892541e+02  1.16175999e-06  3.73022496e-08 
 1.28824955e+02  1.15033933e-06  3.69355503e-08 
 1.31825674e+02  1.13903526e-06  3.65725950e-08 
 1.34896288e+02  1.12784662e-06  3.62133457e-08 
 1.38038426e+02  1.11677225e-06  3.58577654e-08 
 1.41253754e+02  1.10581099e-06  3.55058171e-08 
 1.44543977e+02  1.09496172e-06  3.51574643e-08 
 1.47910839e+02  1.08422329e-06  3.48126708e-08 
 1.51356125e+02  1.07359461e-06  3.44714010e-08 
 1.54881662e+02  1.06307457e-06  3.41336194e-08 
 1.58489319e+02  1.05266208e-06  3.37992911e-08 
 1.62181010e+02  1.04235606e-06  3.34683814e-08 
 1.65958691e+02  1.03215545e-06  3.31408560e-08 
 1.69824365e+02  1.02205918e-06  3.28166810e-08 
 1.73780083e+02  1.01206621e-06  3.24958229e-08 
 1.77827941e+02  1.00217551e-06  3.21782484e-08 
 1.81970086e+02  9.92386052e-07  3.18639247e-08 
 1.86208714e+02  9.82696826e-07  3.15528192e-08 
 1.90546072e+02  9.73106827e-07  3.12448998e-08 
 1.94984460e+02  9.63615066e-07  3.09401346e-08 
 1.99526231e+02  9.54220559e-07  3.06384921e-08 
 2.04173794e+02  9.44922336e-07  3.03399412e-08 
 2.08929613e+02  9.35719436e-07  3.00444508e-08 
 2.13796209e+02  9.26610907e-07  2.97519907e-08 
 2.18776162e+02  9.17595809e-07  2.94625304e-08 
 2.23872114e+02  9.08673210e-07  2.91760401e-08 
 2.29086765e+02  8.99842189e-07  2.88924903e-08 
 2.34422882e+02  8.91101834e-07  2.86118515e-08 
 2.39883292e+02  8.82451243e-07  2.83340950e-08 
 2.45470892e+02  8.73889522e-07  2.80591920e-08 
 2.51188643e+02  8.65415788e-07  2.77871140e-08 
 2.57039578e+02  8.57029167e-07  2.75178332e-08 
 2.63026799e+02  8.48728794e-07  2.72513216e-08 
 2.69153480e+02  8.40513812e-07  2.69875517e-08 
 2.75422870e+02  8.32383374e-07  2.67264965e-08 
 2.81838293e+02  8.24336641e-07  2.64681289e-08 
 2.88403150e+02  8.16372785e-07  2.62124224e-08 
 2.95120923e+02  8.08490984e-07  2.59593505e-08 
 3.01995172e+02  8.00690427e-07  2.57088872e-08 
 3.09029543e+02  7.92970308e-07  2.54610066e-08 
 3.16227766e+02  7.85329833e-07  2.52156833e-08 
 3.23593657e+02  7.77768214e-07  2.49728920e-08 
 3.31131121e+02  7.70284673e-07  2.47326076e-08 
 3.38844156e+02  7.62878440e-07  2.44948054e-08 
 3.46736850e+02  7.55548750e-07  2.42594610e-08 
 3.54813389e+02  7.48294850e-07  2.40265500e-08 
 3.63078055e+02  7.41115992e-07  2.37960485e-08 
 3.71535229e+02  7.34011439e-07  2.35679328e-08 
 3.80189396e+02  7.26980458e-07  2.33421795e-08 
 3.89045145e+02  7.20022325e-07  2.31187651e-08 
 3.98107171e+02  7.13136326e-07  2.28976669e-08 
 4.07380278e+02  7.06321750e-07  2.26788619e-08 
 4.16869383e+02  6.99577898e-07  2.24623278e-08 
 4.26579519e+02  6.92904074e-07  2.22480422e-08 
 4.36515832e+02  6.86299594e-07  2.20359831e-08 
 4.46683592e+02  6.79763776e-07  2.18261286e-08 
 4.57088190e+02  6.73295949e-07  2.16184573e-08 
 4.67735141e+02  6.66895448e-07  2.14129476e-08 
 4.78630092e+02  6.60561614e-07  2.12095786e-08 
 4.89778819e+02  6.54293796e-07  2.10083292e-08 
 5.01187234e+02  6.48091349e-07  2.08091788e-08 
 5.12861384e+02  6.41953635e-07  2.06121068e-08 
 5.24807460e+02  6.35880024e-07  2.04170931e-08 
 5.37031796e+02  6.29869889e-07  2.02241176e-08 
 5.49540874e+02  6.23922614e-07  2.00331603e-08 
 5.62341325e+02  6.18037586e-07  1.98442018e-08 
 5.75439937e+02  6.12214200e-07  1.96572225e-08 
 5.88843655e+02  6.06451858e-07  1.94722031e-08 
 6.02559586e+02  6.00749966e-07  1.92891248e-08 
 6.16595002e+02  5.95107938e-07  1.91079686e-08 
 6.30957344e+02  5.89525193e-07  1.89287160e-08 
 6.45654229e+02  5.84001158e-07  1.87513483e-08 
 6.60693448e+02  5.78535263e-07  1.85758475e-08 
 6.76082975e+02  5.73126947e-07  1.84021955e-08 
 6.91830971e+02  5.67775652e-07  1.82303744e-08 
 7.07945784e+02  5.62480829e-07  1.80603664e-08 
 7.24435960e+02  5.57241930e-07  1.78921542e-08 
 7.41310241e+02  5.52058419e-07  1.77257203e-08 
 7.58577575e+02  5.46929759e-07  1.75610477e-08 
 7.76247117e+02  5.41855424e-07  1.73981193e-08 
 7.94328235e+02  5.36834891e-07  1.72369185e-08 
 8.12830516e+02  5.31867642e-07  1.70774285e-08 
 8.31763771e+02  5.26953165e-07  1.69196330e-08 
 8.51138038e+02  5.22090953e-07  1.67635156e-08 
 8.70963590e+02  5.17280505e-07  1.66090604e-08 
 8.91250938e+02  5.12521326e-07  1.64562513e-08 
 9.12010839e+02  5.07812923e-07  1.63050725e-08 
 9.33254301e+02  5.03154811e-07  1.61555086e-08 
 9.54992586e+02  4.98546509e-07  1.60075439e-08 
 9.77237221e+02  4.93987541e-07  1.58611634e-08 
 1.00000000e+03  4.89477435e-07  1.57163517e-08 
 1.02329299e+03  4.85015726e-07  1.55730941e-08 
 1.04712855e+03  4.80601952e-07  1.54313755e-08 
 1.07151931e+03  4.76235657e-07  1.52911814e-08 
 1.09647820e+03  4.71916387e-07  1.51524973e-08 
 1.12201845e+03  4.67643697e-07  1.50153088e-08 
 1.14815362e+03  4.63417143e-07  1.48796017e-08 
 1.17489755e+03  4.59236287e-07  1.47453620e-08 
 1.20226443e+03  4.55100695e-07  1.46125756e-08 
 1.23026877e+03  4.51009939e-07  1.44812288e-08 
 1.25892541e+03  4.46963592e-07  1.43513080e-08 
 1.28824955e+03  4.42961235e-07  1.42227996e-08 
 1.31825674e+03  4.39002451e-07  1.40956904e-08 
 1.34896288e+03  4.35086828e-07  1.39699670e-08 
 1.38038426e+03  4.31213959e-07  1.38456164e-08 
 1.41253754e+03  4.27383438e-07  1.37226256e-08 
 1.44543977e+03  4.23594868e-07  1.36009818e-08 
 1.47910839e+03  4.19847852e-07  1.34806723e-08 
 1.51356125e+03  4.16141998e-07  1.33616844e-08 
 1.54881662e+03  4.12476919e-07  1.32440059e-08 
 1.58489319e+03  4.08852230e-07  1.31276242e-08 
 1.62181010e+03  4.05267553e-07  1.30125273e-08 
 1.65958691e+03  4.01722510e-07  1.28987031e-08 
 1.69824365e+03  3.98216730e-07  1.27861396e-08 
 1.73780083e+03  3.94749843e-07  1.26748249e-08 
 1.77827941e+03  3.91321485e-07  1.25647474e-08 
 1.81970086e+03  3.87931294e-07  1.24558954e-08 
 1.86208714e+03  3.84578913e-07  1.23482575e-08 
 1.90546072e+03  3.81263986e-07  1.22418222e-08 
 1.94984460e+03  3.77986163e-07  1.21365784e-08 
 1.99526231e+03  3.74745096e-07  1.20325149e-08 
 2.04173794e+03  3.71540443e-07  1.19296205e-08 
 2.08929613e+03  3.68371861e-07  1.18278845e-08 
 2.13796209e+03  3.65239014e-07  1.17272959e-08 
 2.18776162e+03  3.62141567e-07  1.16278440e-08 
 2.23872114e+03  3.59079189e-07  1.15295183e-08 
 2.29086765e+03  3.56051554e-07  1.14323081e-08 
 2.34422882e+03  3.53058336e-07  1.13362032e-08 
 2.39883292e+03  3.50099213e-07  1.12411930e-08 
 2.45470892e+03  3.47173868e-07  1.11472676e-08 
 2.51188643e+03  3.44281985e-07  1.10544166e-08 
 2.57039578e+03  3.41423251e-07  1.09626301e-08 
 2.63026799e+03  3.38597358e-07  1.08718982e-08 
 2.69153480e+03  3.35803998e-07  1.07822110e-08 
 2.75422870e+03  3.33042867e-07  1.06935587e-08 
 2.81838293e+03  3.30313666e-07  1.06059318e-08 
 2.88403150e+03  3.27616095e-07  1.05193206e-08 
 2.95120923e+03  3.24949860e-07  1.04337157e-08 
 3.01995172e+03  3.22314667e-07  1.03491076e-08 
 3.09029543e+03  3.19710226e-07  1.02654871e-08 
 3.16227766e+03  3.17136251e-07  1.01828449e-08 
 3.23593657e+03  3.14592456e-07  1.01011720e-08 
 3.31131121e+03  3.12078559e-07  1.00204592e-08 
 3.38844156e+03  3.09594281e-07  9.94069753e-09 
 3.46736850e+03  3.07139343e-07  9.86187816e-09 
 3.54813389e+03  3.04713472e-07  9.78399224e-09 
 3.63078055e+03  3.02316394e-07  9.70703105e-09 
 3.71535229e+03  2.99947840e-07  9.63098590e-09 
 3.80189396e+03  2.97607542e-07  9.55584821e-09 
 3.89045145e+03  2.95295234e-07  9.48160948e-09 
 3.98107171e+03  2.93010653e-07  9.40826125e-09 
 4.07380278e+03  2.90753539e-07  9.33579517e-09 
 4.16869383e+03  2.88523633e-07  9.26420292e-09 
 4.26579519e+03  2.86320677e-07  9.19347629e-09 
 4.36515832e+03  2.84144418e-07  9.12360712e-09 
 4.46683592e+03  2.81994604e-07  9.05458731e-09 
 4.57088190e+03  2.79870983e-07  8.98640884e-09 
 4.67735141e+03  2.77773309e-07  8.91906376e-09 
 4.78630092e+03  2.75701333e-07  8.85254416e-09 
 4.89778819e+03  2.73654814e-07  8.78684222e-09 
 5.01187234e+03  2.71633507e-07  8.72195018e-09 
 5.12861384e+03  2.69637172e-07  8.65786032e-09 
 5.24807460e+03  2.67665572e-07  8.59456501e-09 
 5.37031796e+03  2.65718469e-07  8.53205666e-09 
 5.49540874e+03  2.63795629e-07  8.47032775e-09 
 5.62341325e+03  2.61896818e-07  8.40937082e-09 
 5.75439937e+03  2.60021806e-07  8.34917844e-09 
 5.88843655e+03  2.58170362e-07  8.28974328e-09 
 6.02559586e+03  2.56342260e-07  8.23105804e-09 
 6.16595002e+03  2.54537272e-07  8.17311548e-09 
 6.30957344e+03  2.52755174e-07  8.11590841e-09 
 6.45654229e+03  2.50995744e-07  8.05942969e-09 
 6.60693448e+03  2.49258761e-07  8.00367226e-09 
 6.76082975e+03  2.47544004e-07  7.94862907e-09 
 6.91830971e+03  2.45851255e-07  7.89429316e-09 
 7.07945784e+03  2.44180299e-07  7.84065759e-09 
 7.24435960e+03  2.42530919e-07  7.78771549e-09 
 7.41310241e+03  2.40902903e-07  7.73546003e-09 
 7.58577575e+03  2.39296039e-07  7.68388442e-09 
 7.76247117e+03  2.37710115e-07  7.63298195e-09 
 7.94328235e+03  2.36144922e-07  7.58274591e-09 
 8.12830516e+03  2.34600254e-07  7.53316968e-09 
 8.31763771e+03  2.33075902e-07  7.48424666e-09 
 8.51138038e+03  2.31571663e-07  7.43597029e-09 
 8.70963590e+03  2.30087332e-07  7.38833409e-09 
 8.91250938e+03  2.28622708e-07  7.34133158e-09 
 9.12010839e+03  2.27177588e-07  7.29495635e-09 
 9.33254301e+03  2.25751773e-07  7.24920202e-09 
 9.54992586e+03  2.24345064e-07  7.20406228e-09 
 9.77237221e+03  2.22957265e-07  7.15953082e-09 
 1.00000000e+04  2.21588179e-07  7.11560140e-09 
 1.02329299e+04  2.20237610e-07  7.07226781e-09 
 1.04712855e+04  2.18905367e-07  7.02952389e-09 
 1.07151931e+04  2.17591255e-07  6.98736351e-09 
 1.09647820e+04  2.16295083e-07  6.94578059e-09 
 1.12201845e+04  2.15016662e-07  6.90476907e-09 
 1.14815362e+04  2.13755801e-07  6.86432296e-09 
 1.17489755e+04  2.12512314e-07  6.82443627e-09 
 1.20226443e+04  2.11286013e-07  6.78510309e-09 
 1.23026877e+04  2.10076713e-07  6.74631751e-09 
 1.25892541e+04  2.08884228e-07  6.70807369e-09 
 1.28824955e+04  2.07708375e-07  6.67036580e-09 
 1.31825674e+04  2.06548972e-07  6.63318807e-09 
 1.34896288e+04  2.05405836e-07  6.59653475e-09 
 1.38038426e+04  2.04278788e-07  6.56040014e-09 
 1.41253754e+04  2.03167647e-07  6.52477855e-09 
 1.44543977e+04  2.02072236e-07  6.48966437e-09 
 1.47910839e+04  2.00992376e-07  6.45505199e-09 
 1.51356125e+04  1.99927890e-07  6.42093585e-09 
 1.54881662e+04  1.98878605e-07  6.38731042e-09 
 1.58489319e+04  1.97844343e-07  6.35417022e-09 
 1.62181010e+04  1.96824933e-07  6.32150978e-09 
 1.65958691e+04  1.95820200e-07  6.28932369e-09 
 1.69824365e+04  1.94829974e-07  6.25760656e-09 
 1.73780083e+04  1.93854082e-07  6.22635304e-09 
 1.77827941e+04  1.92892356e-07  6.19555782e-09 
 1.81970086e+04  1.91944625e-07  6.16521562e-09 
 1.86208714e+04  1.91010721e-07  6.13532120e-09 
 1.90546072e+04  1.90090478e-07  6.10586933e-09 
 1.94984460e+04  1.89183727e-07  6.07685486e-09 
 1.99526231e+04  1.88290304e-07  6.04827263e-09 
 2.04173794e+04  1.87410043e-07  6.02011755e-09 
 2.08929613e+04  1.86542780e-07  5.99238455e-09 
 2.13796209e+04  1.85688352e-07  5.96506858e-09 
 2.18776162e+04  1.84846596e-07  5.93816465e-09 
 2.23872114e+04  1.84017350e-07  5.91166779e-09 
 2.29086765e+04  1.83200454e-07  5.88557307e-09 
 2.34422882e+04  1.82395746e-07  5.85987560e-09 
 2.39883292e+04  1.81603068e-07  5.83457051e-09 
 2.45470892e+04  1.80822261e-07  5.80965299e-09 
 2.51188643e+04  1.80053166e-07  5.78511823e-09 
 2.57039578e+04  1.79295625e-07  5.76096148e-09 
 2.63026799e+04  1.78549483e-07  5.73717803e-09 
 2.69153480e+04  1.77814583e-07  5.71376318e-09 
 2.75422870e+04  1.77090769e-07  5.69071229e-09 
 2.81838293e+04  1.76377887e-07  5.66802075e-09 
 2.88403150e+04  1.75675782e-07  5.64568397e-09 
 2.95120923e+04  1.74984300e-07  5.62369742e-09 
 3.01995172e+04  1.74303289e-07  5.60205657e-09 
 3.09029543e+04  1.73632596e-07  5.58075698e-09 
 3.16227766e+04  1.72972068e-07  5.55979419e-09 
 3.23593657e+04  1.72321554e-07  5.53916381e-09 
 3.31131121e+04  1.71680903e-07  5.51886147e-09 
 3.38844156e+04  1.71049963e-07  5.49888285e-09 
 3.46736850e+04  1.70428586e-07  5.47922366e-09 
 3.54813389e+04  1.69816619e-07  5.45987964e-09 
 3.63078055e+04  1.69213915e-07  5.44084657e-09 
 3.71535229e+04  1.68620323e-07  5.42212026e-09 
 3.80189396e+04  1.68035695e-07  5.40369659e-09 
 3.89045145e+04  1.67459880e-07  5.38557142e-09 
 3.98107171e+04  1.66892732e-07  5.36774070e-09 
 4.07380278e+04  1.66334101e-07  5.35020038e-09 
 4.16869383e+04  1.65783838e-07  5.33294647e-09 
 4.26579519e+04  1.65241796e-07  5.31597501e-09 
 4.36515832e+04  1.64707826e-07  5.29928207e-09 
 4.46683592e+04  1.64181779e-07  5.28286376e-09 
 4.57088190e+04  1.63663508e-07  5.26671622e-09 
 4.67735141e+04  1.63152862e-07  5.25083566e-09 
 4.78630092e+04  1.62649694e-07  5.23521828e-09 
 4.89778819e+04  1.62153854e-07  5.21986035e-09 
 5.01187234e+04  1.61665192e-07  5.20475817e-09 
 5.12861384e+04  1.61183560e-07  5.18990807e-09 
 5.24807460e+04  1.60708806e-07  5.17530642e-09 
 5.37031796e+04  1.60240779e-07  5.16094963e-09 
 5.49540874e+04  1.59779328e-07  5.14683415e-09 
 5.62341325e+04  1.59324301e-07  5.13295646e-09 
 5.75439937e+04  1.58875544e-07  5.11931308e-09 
 5.88843655e+04  1.58432904e-07  5.10590056e-09 
 6.02559586e+04  1.57996227e-07  5.09271551e-09 
 6.16595002e+04  1.57565355e-07  5.07975456e-09 
 6.30957344e+04  1.57140132e-07  5.06701436e-09 
 6.45654229e+04  1.56720399e-07  5.05449164e-09 
 6.60693448e+04  1.56305998e-07  5.04218313e-09 
 6.76082975e+04  1.55896766e-07  5.03008560e-09 
 6.91830971e+04  1.55492541e-07  5.01819589e-09 
 7.07945784e+04  1.55093158e-07  5.00651084e-09 
 7.24435960e+04  1.54698452e-07  4.99502734e-09 
 7.41310241e+04  1.54308253e-07  4.98374232e-09 
 7.58577575e+04  1.53922391e-07  4.97265275e-09 
 7.76247117e+04  1.53540694e-07  4.96175561e-09 
 7.94328235e+04  1.53162986e-07  4.95104796e-09 
 8.12830516e+04  1.52789090e-07  4.94052686e-09 
 8.31763771e+04  1.52418825e-07  4.93018942e-09 
 8.51138038e+04  1.52052007e-07  4.92003279e-09 
 8.70963590e+04  1.51688451e-07  4.91005414e-09 
 8.91250938e+04  1.51327966e-07  4.90025069e-09 
 9.12010839e+04  1.50970360e-07  4.89061971e-09 
 9.33254301e+04  1.50615435e-07  4.88115847e-09 
 9.54992586e+04  1.50262992e-07  4.87186429e-09 
 9.77237221e+04  1.49912825e-07  4.86273454e-09 
 1.00000000e+05  1.49564725e-07  4.85376662e-09 
 1.02329299e+05  1.49218479e-07  4.84495794e-09 
 1.04712855e+05  1.48873869e-07  4.83630598e-09 
 1.07151931e+05  1.48530672e-07  4.82780822e-09 
 1.09647820e+05  1.48188659e-07  4.81946222e-09 
 1.12201845e+05  1.47847597e-07  4.81126552e-09 
 1.14815362e+05  1.47507246e-07  4.80321574e-09 
 1.17489755e+05  1.47167361e-07  4.79531051e-09 
 1.20226443e+05  1.46827690e-07  4.78754749e-09 
 1.23026877e+05  1.46487974e-07  4.77992440e-09 
 1.25892541e+05  1.46147950e-07  4.77243897e-09 
 1.28824955e+05  1.45807345e-07  4.76508897e-09 
 1.31825674e+05  1.45465879e-07  4.75787219e-09 
 1.34896288e+05  1.45123265e-07  4.75078649e-09 
 1.38038426e+05  1.44779209e-07  4.74382972e-09 
 1.41253754e+05  1.44433406e-07  4.73699979e-09 
 1.44543977e+05  1.44085544e-07  4.73029463e-09 
 1.47910839e+05  1.43735303e-07  4.72371221e-09 
 1.51356125e+05  1.43382351e-07  4.71725053e-09 
 1.54881662e+05  1.43026350e-07  4.71090762e-09 
 1.58489319e+05  1.42666949e-07  4.70468153e-09 
 1.62181010e+05  1.42303789e-07  4.69857037e-09 
 1.65958691e+05  1.41936498e-07  4.69257225e-09 
 1.69824365e+05  1.41564695e-07  4.68668534e-09 
 1.73780083e+05  1.41187988e-07  4.68090783e-09 
 1.77827941e+05  1.40805974e-07  4.67523792e-09 
 1.81970086e+05  1.40418235e-07  4.66967387e-09 
 1.86208714e+05  1.40024344e-07  4.66421396e-09 
 1.90546072e+05  1.39623863e-07  4.65885651e-09 
 1.94984460e+05  1.39216338e-07  4.65359984e-09 
 1.99526231e+05  1.38801304e-07  4.64844233e-09 
 2.04173794e+05  1.38378285e-07  4.64338239e-09 
 2.08929613e+05  1.37946788e-07  4.63841844e-09 
 2.13796209e+05  1.37506311e-07  4.63354895e-09 
 2.18776162e+05  1.37056337e-07  4.62877240e-09 
 2.23872114e+05  1.36596336e-07  4.62408731e-09 
 2.29086765e+05  1.36125765e-07  4.61949224e-09 
 2.34422882e+05  1.35644067e-07  4.61498577e-09 
 2.39883292e+05  1.35150675e-07  4.61056649e-09 
 2.45470892e+05  1.34645008e-07  4.60623306e-09 
 2.51188643e+05  1.34126471e-07  4.60198413e-09 
 2.57039578e+05  1.33594459e-07  4.59781841e-09 
 2.63026799e+05  1.33048358e-07  4.59373462e-09 
 2.69153480e+05  1.32487538e-07  4.58973151e-09 
 2.75422870e+05  1.31911364e-07  4.58580786e-09 
 2.81838293e+05  1.31319190e-07  4.58196250e-09 
 2.88403150e+05  1.30710362e-07  4.57819425e-09 
 2.95120923e+05  1.30084219e-07  4.57450200e-09 
 3.01995172e+05  1.29440096e-07  4.57088464e-09 
 3.09029543e+05  1.28777322e-07  4.56734109e-09 
 3.16227766e+05  1.28095225e-07  4.56387033e-09 
 3.23593657e+05  1.27393133e-07  4.56047133e-09 
 3.31131121e+05  1.26670374e-07  4.55714311e-09 
 3.38844156e+05  1.25926282e-07  4.55388472e-09 
 3.46736850e+05  1.25160195e-07  4.55069523e-09 
 3.54813389e+05  1.24371463e-07  4.54757375e-09 
 3.63078055e+05  1.23559445e-07  4.54451941e-09 
 3.71535229e+05  1.22723517e-07  4.54153138e-09 
 3.80189396e+05  1.21863074e-07  4.53860884e-09 
 3.89045145e+05  1.20977532e-07  4.53575103e-09 
 3.98107171e+05  1.20066334e-07  4.53295720e-09 
 4.07380278e+05  1.19128953e-07  4.53022664e-09 
 4.16869383e+05  1.18164896e-07  4.52755865e-09 
 4.26579519e+05  1.17173709e-07  4.52495259e-09 
 4.36515832e+05  1.16154983e-07  4.52240783e-09 
 4.46683592e+05  1.15108355e-07  4.51992378e-09 
 4.57088190e+05  1.14033517e-07  4.51749989e-09 
 4.67735141e+05  1.12930218e-07  4.51513562e-09 
 4.78630092e+05  1.11798272e-07  4.51283048e-09 
 4.89778819e+05  1.10637560e-07  4.51058400e-09 
 5.01187234e+05  1.09448036e-07  4.50839575e-09 
 5.12861384e+05  1.08229733e-07  4.50626534e-09 
 5.24807460e+05  1.06982766e-07  4.50419240e-09 
 5.37031796e+05  1.05707337e-07  4.50217659e-09 
 5.49540874e+05  1.04403740e-07  4.50021762e-09 
 5.62341325e+05  1.03072363e-07  4.49831522e-09 
 5.75439937e+05  1.01713692e-07  4.49646915e-09 
 5.88843655e+05  1.00328317e-07  4.49467924e-09 
 6.02559586e+05  9.89169258e-08  4.49294530e-09 
 6.16595002e+05  9.74803150e-08  4.49126721e-09 
 6.30957344e+05  9.60193843e-08  4.48964489e-09 
 6.45654229e+05  9.45351390e-08  4.48807826e-09 
 6.60693448e+05  9.30286886e-08  4.48656732e-09 
 6.76082975e+05  9.15012448e-08  4.48511206e-09 
 6.91830971e+05  8.99541190e-08  4.48371254e-09 
 7.07945784e+05  8.83887184e-08  4.48236885e-09 
 7.24435960e+05  8.68065416e-08  4.48108109e-09 
 7.41310241e+05  8.52091730e-08  4.47984943e-09 
 7.58577575e+05  8.35982766e-08  4.47867405e-09 
 7.76247117e+05  8.19755883e-08  4.47755517e-09 
 7.94328235e+05  8.03429085e-08  4.47649306e-09 
 8.12830516e+05  7.87020926e-08  4.47548800e-09 
 8.31763771e+05  7.70550425e-08  4.47454032e-09 
 8.51138038e+05  7.54036960e-08  4.47365039e-09 
 8.70963590e+05  7.37500172e-08  4.47281859e-09 
 8.91250938e+05  7.20959852e-08  4.47204535e-09 
 9.12010839e+05  7.04435840e-08  4.47133112e-09 
 9.33254301e+05  6.87947916e-08  4.47067640e-09 
 9.54992586e+05  6.71515693e-08  4.47008169e-09 
 9.77237221e+05  6.55158510e-08  4.46954754e-09 
 1.00000000e+06  6.38895337e-08  4.46907452e-09 
 1.02329299e+06  6.22744674e-08  4.46866322e-09 
 1.04712855e+06  6.06724462e-08  4.46831427e-09 
 1.07151931e+06  5.90852001e-08  4.46802831e-09 
 1.09647820e+06  5.75143867e-08  4.46780599e-09 
 1.12201845e+06  5.59615851e-08  4.46764799e-09 
 1.14815362e+06  5.44282891e-08  4.46755502e-09 
 1.17489755e+06  5.29159027e-08  4.46752778e-09 
 1.20226443e+06  5.14257354e-08  4.46756698e-09 
 1.23026877e+06  4.99589988e-08  4.46767336e-09 
 1.25892541e+06  4.85168044e-08  4.46784765e-09 
 1.28824955e+06  4.71001617e-08  4.46809059e-09 
 1.31825674e+06  4.57099778e-08  4.46840292e-09 
 1.34896288e+06  4.43470571e-08  4.46878535e-09 
 1.38038426e+06  4.30121019e-08  4.46923864e-09 
 1.41253754e+06  4.17057146e-08  4.46976348e-09 
 1.44543977e+06  4.04283989e-08  4.47036058e-09 
 1.47910839e+06  3.91805632e-08  4.47103064e-09 
 1.51356125e+06  3.79625231e-08  4.47177432e-09 
 1.54881662e+06  3.67745055e-08  4.47259226e-09 
 1.58489319e+06  3.56166522e-08  4.47348510e-09 
 1.62181010e+06  3.44890243e-08  4.47445342e-09 
 1.65958691e+06  3.33916064e-08  4.47549778e-09 
 1.69824365e+06  3.23243115e-08  4.47661871e-09 
 1.73780083e+06  3.12869857e-08  4.47781671e-09 
 1.77827941e+06  3.02794129e-08  4.47909223e-09 
 1.81970086e+06  2.93013195e-08  4.48044568e-09 
 1.86208714e+06  2.83523793e-08  4.48187745e-09 
 1.90546072e+06  2.74322186e-08  4.48338786e-09 
 1.94984460e+06  2.65404199e-08  4.48497722e-09 
 1.99526231e+06  2.56765275e-08  4.48664577e-09 
 2.04173794e+06  2.48400510e-08  4.48839373e-09 
 2.08929613e+06  2.40304699e-08  4.49022128e-09 
 2.13796209e+06  2.32472374e-08  4.49212857e-09 
 2.18776162e+06  2.24897846e-08  4.49411570e-09 
 2.23872114e+06  2.17575234e-08  4.49618275e-09 
 2.29086765e+06  2.10498507e-08  4.49832980e-09 
 2.34422882e+06  2.03661509e-08  4.50055689e-09 
 2.39883292e+06  1.97057993e-08  4.50286406e-09 
 2.45470892e+06  1.90681647e-08  4.50525133e-09 
 2.51188643e+06  1.84526119e-08  4.50771876e-09 
 2.57039578e+06  1.78585042e-08  4.51026640e-09 
 2.63026799e+06  1.72852055e-08  4.51289433e-09 
 2.69153480e+06  1.67320821e-08  4.51560267e-09 
 2.75422870e+06  1.61985046e-08  4.51839158e-09 
 2.81838293e+06  1.56838495e-08  4.52126131e-09 
 2.88403150e+06  1.51875008e-08  4.52421214e-09 
 2.95120923e+06  1.47088507e-08  4.52724448e-09 
 3.01995172e+06  1.42473016e-08  4.53035880e-09 
 3.09029543e+06  1.38022662e-08  4.53355572e-09 
 3.16227766e+06  1.33731689e-08  4.53683598e-09 
 3.23593657e+06  1.29594463e-08  4.54020046e-09 
 3.31131121e+06  1.25605479e-08  4.54365021e-09 
 3.38844156e+06  1.21759368e-08  4.54718645e-09 
 3.46736850e+06  1.18050894e-08  4.55081062e-09 
 3.54813389e+06  1.14474967e-08  4.55452433e-09 
 3.63078055e+06  1.11026638e-08  4.55832944e-09 
 3.71535229e+06  1.07701102e-08  4.56222804e-09 
 3.80189396e+06  1.04493703e-08  4.56622250e-09 
 3.89045145e+06  1.01399928e-08  4.57031542e-09 
 3.98107171e+06  9.84154106e-09  4.57450973e-09 
 4.07380278e+06  9.55359308e-09  4.57880863e-09 
 4.16869383e+06  9.27574111e-09  4.58321564e-09 
 4.26579519e+06  9.00759164e-09  4.58773461e-09 
 4.36515832e+06  8.74876517e-09  4.59236974e-09 
 4.46683592e+06  8.49889598e-09  4.59712557e-09 
 4.57088190e+06  8.25763187e-09  4.60200700e-09 
 4.67735141e+06  8.02463387e-09  4.60701933e-09 
 4.78630092e+06  7.79957594e-09  4.61216823e-09 
 4.89778819e+06  7.58214469e-09  4.61745976e-09 
 5.01187234e+06  7.37203898e-09  4.62290041e-09 
 5.12861384e+06  7.16896962e-09  4.62849707e-09 
 5.24807460e+06  6.97265903e-09  4.63425706e-09 
 5.37031796e+06  6.78284085e-09  4.64018814e-09 
 5.49540874e+06  6.59925962e-09  4.64629851e-09 
 5.62341325e+06  6.42167036e-09  4.65259683e-09 
 5.75439937e+06  6.24983829e-09  4.65909222e-09 
 5.88843655e+06  6.08353838e-09  4.66579425e-09 
 6.02559586e+06  5.92255506e-09  4.67271298e-09 
 6.16595002e+06  5.76668183e-09  4.67985895e-09 
 6.30957344e+06  5.61572092e-09  4.68724319e-09 
 6.45654229e+06  5.46948295e-09  4.69487723e-09 
 6.60693448e+06  5.32778658e-09  4.70277308e-09 
 6.76082975e+06  5.19045819e-09  4.71094328e-09 
 6.91830971e+06  5.05733156e-09  4.71940087e-09 
 7.07945784e+06  4.92824754e-09  4.72815943e-09 
 7.24435960e+06  4.80305376e-09  4.73723305e-09 
 7.41310241e+06  4.68160432e-09  4.74663633e-09 
 7.58577575e+06  4.56375950e-09  4.75638445e-09 
 7.76247117e+06  4.44938551e-09  4.76649308e-09 
 7.94328235e+06  4.33835418e-09  4.77697847e-09 
 8.12830516e+06  4.23054274e-09  4.78785739e-09 
 8.31763771e+06  4.12583351e-09  4.79914718e-09 
 8.51138038e+06  4.02411374e-09  4.81086569e-09 
 8.70963590e+06  3.92527531e-09  4.82303137e-09 
 8.91250938e+06  3.82921456e-09  4.83566318e-09 
 9.12010839e+06  3.73583202e-09  4.84878064e-09 
 9.33254301e+06  3.64503227e-09  4.86240382e-09 
 9.54992586e+06  3.55672369e-09  4.87655334e-09 
 9.77237221e+06  3.47081832e-09  4.89125035e-09 
 1.00000000e+07  3.38723165e-09  4.90651651e-09 
 1.02329299e+07  3.30588247e-09  4.92237403e-09 
 1.04712855e+07  3.22669270e-09  4.93884564e-09 
 1.07151931e+07  3.14958727e-09  4.95595453e-09 
 1.09647820e+07  3.07449391e-09  4.97372441e-09 
 1.12201845e+07  3.00134310e-09  4.99217947e-09 
 1.14815362e+07  2.93006787e-09  5.01134432e-09 
 1.17489755e+07  2.86060372e-09  5.03124401e-09 
 1.20226443e+07  2.79288850e-09  5.05190403e-09 
 1.23026877e+07  2.72686231e-09  5.07335022e-09 
 1.25892541e+07  2.66246737e-09  5.09560878e-09 
 1.28824955e+07  2.59964799e-09  5.11870625e-09 
 1.31825674e+07  2.53835042e-09  5.14266944e-09 
 1.34896288e+07  2.47852281e-09  5.16752543e-09 
 1.38038426e+07  2.42011516e-09  5.19330149e-09 
 1.41253754e+07  2.36307919e-09  5.22002509e-09 
 1.44543977e+07  2.30736833e-09  5.24772379e-09 
 1.47910839e+07  2.25293766e-09  5.27642527e-09 
 1.51356125e+07  2.19974386e-09  5.30615720e-09 
 1.54881662e+07  2.14774517e-09  5.33694723e-09 
 1.58489319e+07  2.09690132e-09  5.36882294e-09 
 1.62181010e+07  2.04717356e-09  5.40181175e-09 
 1.65958691e+07  1.99852459e-09  5.43594089e-09 
 1.69824365e+07  1.95091853e-09  5.47123731e-09 
 1.73780083e+07  1.90432092e-09  5.50772766e-09 
 1.77827941e+07  1.85869872e-09  5.54543817e-09 
 1.81970086e+07  1.81402024e-09  5.58439462e-09 
 1.86208714e+07  1.77025519e-09  5.62462226e-09 
 1.90546072e+07  1.72737463e-09  5.66614577e-09 
 1.94984460e+07  1.68535098e-09  5.70898916e-09 
 1.99526231e+07  1.64415801e-09  5.75317572e-09 
 2.04173794e+07  1.60377082e-09  5.79872795e-09 
 2.08929613e+07  1.56416586e-09  5.84566754e-09 
 2.13796209e+07  1.52532089e-09  5.89401524e-09 
 2.18776162e+07  1.48721499e-09  5.94379089e-09 
 2.23872114e+07  1.44982856e-09  5.99501330e-09 
 2.29086765e+07  1.41314325e-09  6.04770026e-09 
 2.34422882e+07  1.37714202e-09  6.10186845e-09 
 2.39883292e+07  1.34180906e-09  6.15753347e-09 
 2.45470892e+07  1.30712979e-09  6.21470976e-09 
 2.51188643e+07  1.27309081e-09  6.27341063e-09 
 2.57039578e+07  1.23967990e-09  6.33364820e-09 
 2.63026799e+07  1.20688594e-09  6.39543348e-09 
 2.69153480e+07  1.17469889e-09  6.45877629e-09 
 2.75422870e+07  1.14310974e-09  6.52368536e-09 
 2.81838293e+07  1.11211042e-09  6.59016833e-09 
 2.88403150e+07  1.08169381e-09  6.65823181e-09 
 2.95120923e+07  1.05185360e-09  6.72788140e-09 
 3.01995172e+07  1.02258427e-09  6.79912184e-09 
 3.09029543e+07  9.93880995e-10  6.87195702e-09 
 3.16227766e+07  9.65739593e-10  6.94639012e-09 
 3.23593657e+07  9.38156419e-10  7.02242368e-09 
 3.31131121e+07  9.11128309e-10  7.10005979e-09 
 3.38844156e+07  8.84652488e-10  7.17930016e-09 
 3.46736850e+07  8.58726498e-10  7.26014631e-09 
 3.54813389e+07  8.33348120e-10  7.34259972e-09 
 3.63078055e+07  8.08515290e-10  7.42666198e-09 
 3.71535229e+07  7.84226034e-10  7.51233503e-09 
 3.80189396e+07  7.60478392e-10  7.59962128e-09 
 3.89045145e+07  7.37270353e-10  7.68852387e-09 
 3.98107171e+07  7.14599793e-10  7.77904685e-09 
 4.07380278e+07  6.92464416e-10  7.87119542e-09 
 4.16869383e+07  6.70861705e-10  7.96497612e-09 
 4.26579519e+07  6.49788875e-10  8.06039707e-09 
 4.36515832e+07  6.29242831e-10  8.15746821e-09 
 4.46683592e+07  6.09220139e-10  8.25620151e-09 
 4.57088190e+07  5.89716994e-10  8.35661119e-09 
 4.67735141e+07  5.70729204e-10  8.45871397e-09 
 4.78630092e+07  5.52252167e-10  8.56252927e-09 
 4.89778819e+07  5.34280871e-10  8.66807944e-09 
 5.01187234e+07  5.16809882e-10  8.77538993e-09 
 5.12861384e+07  4.99833350e-10  8.88448954e-09 
 5.24807460e+07  4.83345014e-10  8.99541055e-09 
 5.37031796e+07  4.67338212e-10  9.10818895e-09 
 5.49540874e+07  4.51805894e-10  9.22286456e-09 
 5.62341325e+07  4.36740644e-10  9.33948117e-09 
 5.75439937e+07  4.22134695e-10  9.45808673e-09 
 5.88843655e+07  4.07979955e-10  9.57873339e-09 
 6.02559586e+07  3.94268034e-10  9.70147764e-09 
 6.16595002e+07  3.80990266e-10  9.82638038e-09 
 6.30957344e+07  3.68137743e-10  9.95350697e-09 
 6.45654229e+07  3.55701336e-10  1.00829273e-08 
 6.60693448e+07  3.43671731e-10  1.02147158e-08 
 6.76082975e+07  3.32039456e-10  1.03489513e-08 
 6.91830971e+07  3.20794906e-10  1.04857174e-08 
 7.07945784e+07  3.09928380e-10  1.06251020e-08 
 7.24435960e+07  2.99430098e-10  1.07671975e-08 
 7.41310241e+07  2.89290239e-10  1.09121007e-08 
 7.58577575e+07  2.79498957e-10  1.10599126e-08 
 7.76247117e+07  2.70046413e-10  1.12107384e-08 
 7.94328235e+07  2.60922795e-10  1.13646875e-08 
 8.12830516e+07  2.52118339e-10  1.15218730e-08 
 8.31763771e+07  2.43623355e-10  1.16824122e-08 
 8.51138038e+07  2.35428238e-10  1.18464257e-08 
 8.70963590e+07  2.27523493e-10  1.20140377e-08 
 8.91250938e+07  2.19899747e-10  1.21853757e-08 
 9.12010839e+07  2.12547766e-10  1.23605706e-08 
 9.33254301e+07  2.05458467e-10  1.25397559e-08 
 9.54992586e+07  1.98622931e-10  1.27230681e-08 
 9.77237221e+07  1.92032411e-10  1.29106463e-08 
 1.00000000e+08  1.85678345e-10  1.31026319e-08 
 1.02329299e+08  1.79552361e-10  1.32991686e-08 
 1.04712855e+08  1.73646284e-10  1.35004021e-08 
 1.07151931e+08  1.67952145e-10  1.37064798e-08 
 1.09647820e+08  1.62462181e-10  1.39175508e-08 
 1.12201845e+08  1.57168840e-10  1.41337657e-08 
 1.14815362e+08  1.52064786e-10  1.43552762e-08 
 1.17489755e+08  1.47142898e-10  1.45822352e-08 
 1.20226443e+08  1.42396270e-10  1.48147963e-08 
 1.23026877e+08  1.37818216e-10  1.50531138e-08 
 1.25892541e+08  1.33402264e-10  1.52973427e-08 
 1.28824955e+08  1.29142158e-10  1.55476382e-08 
 1.31825674e+08  1.25031856e-10  1.58041556e-08 
 1.34896288e+08  1.21065525e-10  1.60670503e-08 
 1.38038426e+08  1.17237543e-10  1.63364776e-08 
 1.41253754e+08  1.13542491e-10  1.66125925e-08 
 1.44543977e+08  1.09975155e-10  1.68955494e-08 
 1.47910839e+08  1.06530514e-10  1.71855024e-08 
 1.51356125e+08  1.03203745e-10  1.74826047e-08 
 1.54881662e+08  9.99902129e-11  1.77870086e-08 
 1.58489319e+08  9.68854667e-11  1.80988655e-08 
 1.62181010e+08  9.38852364e-11  1.84183258e-08 
 1.65958691e+08  9.09854266e-11  1.87455386e-08 
 1.69824365e+08  8.81821124e-11  1.90806516e-08 
 1.73780083e+08  8.54715336e-11  1.94238113e-08 
 1.77827941e+08  8.28500900e-11  1.97751625e-08 
 1.81970086e+08  8.03143364e-11  2.01348483e-08 
 1.86208714e+08  7.78609766e-11  2.05030104e-08 
 1.90546072e+08  7.54868591e-11  2.08797884e-08 
 1.94984460e+08  7.31889714e-11  2.12653202e-08 
 1.99526231e+08  7.09644349e-11  2.16597417e-08 
 2.04173794e+08  6.88105000e-11  2.20631868e-08 
 2.08929613e+08  6.67245409e-11  2.24757874e-08 
 2.13796209e+08  6.47040507e-11  2.28976734e-08 
 2.18776162e+08  6.27466365e-11  2.33289723e-08 
 2.23872114e+08  6.08500146e-11  2.37698099e-08 
 2.29086765e+08  5.90120060e-11  2.42203095e-08 
 2.34422882e+08  5.72305312e-11  2.46805924e-08 
 2.39883292e+08  5.55036066e-11  2.51507779e-08 
 2.45470892e+08  5.38293394e-11  2.56309833e-08 
 2.51188643e+08  5.22059236e-11  2.61213237e-08 
 2.57039578e+08  5.06316359e-11  2.66219125e-08 
 2.63026799e+08  4.91048314e-11  2.71328614e-08 
 2.69153480e+08  4.76239403e-11  2.76542802e-08 
 2.75422870e+08  4.61874632e-11  2.81862775e-08 
 2.81838293e+08  4.47939682e-11  2.87289606e-08 
 2.88403150e+08  4.34420871e-11  2.92824354e-08 
 2.95120923e+08  4.21305120e-11  2.98468075e-08 
 3.01995172e+08  4.08579918e-11  3.04221815e-08 
 3.09029543e+08  3.96233293e-11  3.10086620e-08 
 3.16227766e+08  3.84253780e-11  3.16063535e-08 
 3.23593657e+08  3.72630392e-11  3.22153612e-08 
 3.31131121e+08  3.61352594e-11  3.28357909e-08 
 3.38844156e+08  3.50410273e-11  3.34677498e-08 
 3.46736850e+08  3.39793713e-11  3.41113467e-08 
 3.54813389e+08  3.29493572e-11  3.47666927e-08 
 3.63078055e+08  3.19500860e-11  3.54339015e-08 
 3.71535229e+08  3.09806912e-11  3.61130899e-08 
 3.80189396e+08  3.00403373e-11  3.68043785e-08 
 3.89045145e+08  2.91282175e-11  3.75078922e-08 
 3.98107171e+08  2.82435519e-11  3.82237606e-08 
 4.07380278e+08  2.73855859e-11  3.89521187e-08 
 4.16869383e+08  2.65535882e-11  3.96931075e-08 
 4.26579519e+08  2.57468499e-11  4.04468743e-08 
 4.36515832e+08  2.49646826e-11  4.12135733e-08 
 4.46683592e+08  2.42064171e-11  4.19933665e-08 
 4.57088190e+08  2.34714026e-11  4.27864237e-08 
 4.67735141e+08  2.27590053e-11  4.35929230e-08 
 4.78630092e+08  2.20686071e-11  4.44130515e-08 
 4.89778819e+08  2.13996055e-11  4.52470055e-08 
 5.01187234e+08  2.07514120e-11  4.60949909e-08 
 5.12861384e+08  2.01234517e-11  4.69572231e-08 
 5.24807460e+08  1.95151626e-11  4.78339279e-08 
 5.37031796e+08  1.89259949e-11  4.87253409e-08 
 5.49540874e+08  1.83554108e-11  4.96317079e-08 
 5.62341325e+08  1.78028835e-11  5.05532852e-08 
 5.75439937e+08  1.72678974e-11  5.14903388e-08 
 5.88843655e+08  1.67499473e-11  5.24431449e-08 
 6.02559586e+08  1.62485384e-11  5.34119891e-08 
 6.16595002e+08  1.57631860e-11  5.43971666e-08 
 6.30957344e+08  1.52934152e-11  5.53989813e-08 
 6.45654229e+08  1.48387607e-11  5.64177459e-08 
 6.60693448e+08  1.43987669e-11  5.74537805e-08 
 6.76082975e+08  1.39729878e-11  5.85074130e-08 
 6.91830971e+08  1.35609867e-11  5.95789774e-08 
 7.07945784e+08  1.31623361e-11  6.06688138e-08 
 7.24435960e+08  1.27766181e-11  6.17772674e-08 
 7.41310241e+08  1.24034239e-11  6.29046873e-08 
 7.58577575e+08  1.20423540e-11  6.40514261e-08 
 7.76247117e+08  1.16930183e-11  6.52178388e-08 
 7.94328235e+08  1.13550357e-11  6.64042819e-08 
 8.12830516e+08  1.10280345e-11  6.76111123e-08 
 8.31763771e+08  1.07116523e-11  6.88386868e-08 
 8.51138038e+08  1.04055358e-11  7.00873608e-08 
 8.70963590e+08  1.01093410e-11  7.13574876e-08 
 8.91250938e+08  9.82273285e-12  7.26494177e-08 
 9.12010839e+08  9.54538575e-12  7.39634977e-08 
 9.33254301e+08  9.27698300e-12  7.53000701e-08 
 9.54992586e+08  9.01721700e-12  7.66594721e-08 
 9.77237221e+08  8.76578912e-12  7.80420356e-08 
 1.00000000e+09  8.52240963e-12  7.94480862e-08 
