 frequency       onoise_spectrum inoise_spectrum
 1.00000000e+00  2.73678889e-05  8.61990929e-07 
 1.02329299e+00  2.70620011e-05  8.52356554e-07 
 1.04712855e+00  2.67595554e-05  8.42830591e-07 
 1.07151931e+00  2.64605128e-05  8.33411816e-07 
 1.09647820e+00  2.61648349e-05  8.24099016e-07 
 1.12201845e+00  2.58724836e-05  8.14890992e-07 
 1.14815362e+00  2.55834213e-05  8.05786560e-07 
 1.17489755e+00  2.52976108e-05  7.96784549e-07 
 1.20226443e+00  2.50150154e-05  7.87883800e-07 
 1.23026877e+00  2.47355986e-05  7.79083169e-07 
 1.25892541e+00  2.44593247e-05  7.70381524e-07 
 1.28824955e+00  2.41861579e-05  7.61777746e-07 
 1.31825674e+00  2.39160633e-05  7.53270728e-07 
 1.34896288e+00  2.36490061e-05  7.44859378e-07 
 1.38038426e+00  2.33849519e-05  7.36542612e-07 
 1.41253754e+00  2.31238668e-05  7.28319363e-07 
 1.44543977e+00  2.28657173e-05  7.20188574e-07 
 1.47910839e+00  2.26104701e-05  7.12149199e-07 
 1.51356125e+00  2.23580926e-05  7.04200205e-07 
 1.54881662e+00  2.21085521e-05  6.96340571e-07 
 1.58489319e+00  2.18618168e-05  6.88569288e-07 
 1.62181010e+00  2.16178549e-05  6.80885356e-07 
 1.65958691e+00  2.13766350e-05  6.73287789e-07 
 1.69824365e+00  2.11381261e-05  6.65775612e-07 
 1.73780083e+00  2.09022978e-05  6.58347858e-07 
 1.77827941e+00  2.06691195e-05  6.51003576e-07 
 1.81970086e+00  2.04385615e-05  6.43741820e-07 
 1.86208714e+00  2.02105941e-05  6.36561660e-07 
 1.90546072e+00  1.99851881e-05  6.29462174e-07 
 1.94984460e+00  1.97623145e-05  6.22442450e-07 
 1.99526231e+00  1.95419447e-05  6.15501588e-07 
 2.04173794e+00  1.93240505e-05  6.08638696e-07 
 2.08929613e+00  1.91086038e-05  6.01852894e-07 
 2.13796209e+00  1.88955771e-05  5.95143312e-07 
 2.18776162e+00  1.86849430e-05  5.88509089e-07 
 2.23872114e+00  1.84766745e-05  5.81949374e-07 
 2.29086765e+00  1.82707449e-05  5.75463325e-07 
 2.34422882e+00  1.80671277e-05  5.69050111e-07 
 2.39883292e+00  1.78657970e-05  5.62708909e-07 
 2.45470892e+00  1.76667268e-05  5.56438907e-07 
 2.51188643e+00  1.74698916e-05  5.50239300e-07 
 2.57039578e+00  1.72752662e-05  5.44109295e-07 
 2.63026799e+00  1.70828256e-05  5.38048104e-07 
 2.69153480e+00  1.68925453e-05  5.32054952e-07 
 2.75422870e+00  1.67044008e-05  5.26129070e-07 
 2.81838293e+00  1.65183680e-05  5.20269700e-07 
 2.88403150e+00  1.63344230e-05  5.14476090e-07 
 2.95120923e+00  1.61525424e-05  5.08747499e-07 
 3.01995172e+00  1.59727028e-05  5.03083192e-07 
 3.09029543e+00  1.57948812e-05  4.97482444e-07 
 3.16227766e+00  1.56190547e-05  4.91944539e-07 
 3.23593657e+00  1.54452010e-05  4.86468767e-07 
 3.31131121e+00  1.52732977e-05  4.81054426e-07 
 3.38844156e+00  1.51033229e-05  4.75700825e-07 
 3.46736850e+00  1.49352547e-05  4.70407277e-07 
 3.54813389e+00  1.47690718e-05  4.65173106e-07 
 3.63078055e+00  1.46047527e-05  4.59997641e-07 
 3.71535229e+00  1.44422765e-05  4.54880220e-07 
 3.80189396e+00  1.42816224e-05  4.49820189e-07 
 3.89045145e+00  1.41227699e-05  4.44816900e-07 
 3.98107171e+00  1.39656986e-05  4.39869714e-07 
 4.07380278e+00  1.38103884e-05  4.34977997e-07 
 4.16869383e+00  1.36568195e-05  4.30141125e-07 
 4.26579519e+00  1.35049723e-05  4.25358478e-07 
 4.36515832e+00  1.33548273e-05  4.20629446e-07 
 4.46683592e+00  1.32063653e-05  4.15953424e-07 
 4.57088190e+00  1.30595674e-05  4.11329813e-07 
 4.67735141e+00  1.29144148e-05  4.06758024e-07 
 4.78630092e+00  1.27708890e-05  4.02237473e-07 
 4.89778819e+00  1.26289716e-05  3.97767581e-07 
 5.01187234e+00  1.24886445e-05  3.93347777e-07 
 5.12861384e+00  1.23498898e-05  3.88977498e-07 
 5.24807460e+00  1.22126897e-05  3.84656184e-07 
 5.37031796e+00  1.20770267e-05  3.80383284e-07 
 5.49540874e+00  1.19428836e-05  3.76158253e-07 
 5.62341325e+00  1.18102431e-05  3.71980551e-07 
 5.75439937e+00  1.16790884e-05  3.67849645e-07 
 5.88843655e+00  1.15494026e-05  3.63765007e-07 
 6.02559586e+00  1.14211694e-05  3.59726116e-07 
 6.16595002e+00  1.12943722e-05  3.55732457e-07 
 6.30957344e+00  1.11689949e-05  3.51783521e-07 
 6.45654229e+00  1.10450216e-05  3.47878803e-07 
 6.60693448e+00  1.09224364e-05  3.44017805e-07 
 6.76082975e+00  1.08012236e-05  3.40200036e-07 
 6.91830971e+00  1.06813679e-05  3.36425007e-07 
 7.07945784e+00  1.05628539e-05  3.32692238e-07 
 7.24435960e+00  1.04456665e-05  3.29001254e-07 
 7.41310241e+00  1.03297908e-05  3.25351582e-07 
 7.58577575e+00  1.02152120e-05  3.21742759e-07 
 7.76247117e+00  1.01019155e-05  3.18174324e-07 
 7.94328235e+00  9.98988694e-06  3.14645823e-07 
 8.12830516e+00  9.87911194e-06  3.11156805e-07 
 8.31763771e+00  9.76957644e-06  3.07706827e-07 
 8.51138038e+00  9.66126647e-06  3.04295449e-07 
 8.70963590e+00  9.55416825e-06  3.00922237e-07 
 8.91250938e+00  9.44826813e-06  2.97586761e-07 
 9.12010839e+00  9.34355263e-06  2.94288596e-07 
 9.33254301e+00  9.24000843e-06  2.91027323e-07 
 9.54992586e+00  9.13762233e-06  2.87802526e-07 
 9.77237221e+00  9.03638132e-06  2.84613795e-07 
 1.00000000e+01  8.93627250e-06  2.81460724e-07 
 1.02329299e+01  8.83728313e-06  2.78342912e-07 
 1.04712855e+01  8.73940064e-06  2.75259962e-07 
 1.07151931e+01  8.64261255e-06  2.72211483e-07 
 1.09647820e+01  8.54690656e-06  2.69197085e-07 
 1.12201845e+01  8.45227051e-06  2.66216387e-07 
 1.14815362e+01  8.35869235e-06  2.63269009e-07 
 1.17489755e+01  8.26616019e-06  2.60354575e-07 
 1.20226443e+01  8.17466227e-06  2.57472717e-07 
 1.23026877e+01  8.08418695e-06  2.54623067e-07 
 1.25892541e+01  7.99472275e-06  2.51805264e-07 
 1.28824955e+01  7.90625828e-06  2.49018949e-07 
 1.31825674e+01  7.81878232e-06  2.46263768e-07 
 1.34896288e+01  7.73228375e-06  2.43539371e-07 
 1.38038426e+01  7.64675158e-06  2.40845413e-07 
 1.41253754e+01  7.56217495e-06  2.38181550e-07 
 1.44543977e+01  7.47854312e-06  2.35547446e-07 
 1.47910839e+01  7.39584547e-06  2.32942765e-07 
 1.51356125e+01  7.31407151e-06  2.30367176e-07 
 1.54881662e+01  7.23321085e-06  2.27820354e-07 
 1.58489319e+01  7.15325324e-06  2.25301974e-07 
 1.62181010e+01  7.07418853e-06  2.22811718e-07 
 1.65958691e+01  6.99600668e-06  2.20349268e-07 
 1.69824365e+01  6.91869777e-06  2.17914313e-07 
 1.73780083e+01  6.84225202e-06  2.15506545e-07 
 1.77827941e+01  6.76665971e-06  2.13125656e-07 
 1.81970086e+01  6.69191126e-06  2.10771347e-07 
 1.86208714e+01  6.61799720e-06  2.08443317e-07 
 1.90546072e+01  6.54490816e-06  2.06141273e-07 
 1.94984460e+01  6.47263487e-06  2.03864922e-07 
 1.99526231e+01  6.40116817e-06  2.01613976e-07 
 2.04173794e+01  6.33049901e-06  1.99388150e-07 
 2.08929613e+01  6.26061844e-06  1.97187161e-07 
 2.13796209e+01  6.19151761e-06  1.95010731e-07 
 2.18776162e+01  6.12318775e-06  1.92858584e-07 
 2.23872114e+01  6.05562022e-06  1.90730448e-07 
 2.29086765e+01  5.98880647e-06  1.88626053e-07 
 2.34422882e+01  5.92273803e-06  1.86545132e-07 
 2.39883292e+01  5.85740655e-06  1.84487423e-07 
 2.45470892e+01  5.79280375e-06  1.82452666e-07 
 2.51188643e+01  5.72892145e-06  1.80440601e-07 
 2.57039578e+01  5.66575159e-06  1.78450976e-07 
 2.63026799e+01  5.60328616e-06  1.76483537e-07 
 2.69153480e+01  5.54151727e-06  1.74538037e-07 
 2.75422870e+01  5.48043710e-06  1.72614230e-07 
 2.81838293e+01  5.42003793e-06  1.70711871e-07 
 2.88403150e+01  5.36031212e-06  1.68830721e-07 
 2.95120923e+01  5.30125213e-06  1.66970542e-07 
 3.01995172e+01  5.24285048e-06  1.65131099e-07 
 3.09029543e+01  5.18509981e-06  1.63312158e-07 
 3.16227766e+01  5.12799281e-06  1.61513491e-07 
 3.23593657e+01  5.07152227e-06  1.59734871e-07 
 3.31131121e+01  5.01568105e-06  1.57976071e-07 
 3.38844156e+01  4.96046211e-06  1.56236872e-07 
 3.46736850e+01  4.90585847e-06  1.54517051e-07 
 3.54813389e+01  4.85186323e-06  1.52816394e-07 
 3.63078055e+01  4.79846959e-06  1.51134685e-07 
 3.71535229e+01  4.74567079e-06  1.49471711e-07 
 3.80189396e+01  4.69346019e-06  1.47827263e-07 
 3.89045145e+01  4.64183119e-06  1.46201134e-07 
 3.98107171e+01  4.59077728e-06  1.44593117e-07 
 4.07380278e+01  4.54029201e-06  1.43003012e-07 
 4.16869383e+01  4.49036903e-06  1.41430616e-07 
 4.26579519e+01  4.44100203e-06  1.39875731e-07 
 4.36515832e+01  4.39218480e-06  1.38338162e-07 
 4.46683592e+01  4.34391118e-06  1.36817715e-07 
 4.57088190e+01  4.29617508e-06  1.35314199e-07 
 4.67735141e+01  4.24897049e-06  1.33827422e-07 
 4.78630092e+01  4.20229147e-06  1.32357199e-07 
 4.89778819e+01  4.15613212e-06  1.30903345e-07 
 5.01187234e+01  4.11048665e-06  1.29465675e-07 
 5.12861384e+01  4.06534929e-06  1.28044009e-07 
 5.24807460e+01  4.02071437e-06  1.26638168e-07 
 5.37031796e+01  3.97657627e-06  1.25247976e-07 
 5.49540874e+01  3.93292943e-06  1.23873256e-07 
 5.62341325e+01  3.88976836e-06  1.22513836e-07 
 5.75439937e+01  3.84708762e-06  1.21169545e-07 
 5.88843655e+01  3.80488186e-06  1.19840214e-07 
 6.02559586e+01  3.76314575e-06  1.18525675e-07 
 6.16595002e+01  3.72187405e-06  1.17225764e-07 
 6.30957344e+01  3.68106158e-06  1.15940316e-07 
 6.45654229e+01  3.64070319e-06  1.14669171e-07 
 6.60693448e+01  3.60079381e-06  1.13412168e-07 
 6.76082975e+01  3.56132844e-06  1.12169149e-07 
 6.91830971e+01  3.52230211e-06  1.10939959e-07 
 7.07945784e+01  3.48370991e-06  1.09724442e-07 
 7.24435960e+01  3.44554700e-06  1.08522447e-07 
 7.41310241e+01  3.40780858e-06  1.07333821e-07 
 7.58577575e+01  3.37048992e-06  1.06158417e-07 
 7.76247117e+01  3.33358634e-06  1.04996085e-07 
 7.94328235e+01  3.29709319e-06  1.03846681e-07 
 8.12830516e+01  3.26100589e-06  1.02710060e-07 
 8.31763771e+01  3.22531992e-06  1.01586079e-07 
 8.51138038e+01  3.19003081e-06  1.00474598e-07 
 8.70963590e+01  3.15513411e-06  9.93754767e-08 
 8.91250938e+01  3.12062547e-06  9.82885773e-08 
 9.12010839e+01  3.08650054e-06  9.72137637e-08 
 9.33254301e+01  3.05275505e-06  9.61509011e-08 
 9.54992586e+01  3.01938477e-06  9.50998563e-08 
 9.77237221e+01  2.98638551e-06  9.40604974e-08 
 1.00000000e+02  2.95375314e-06  9.30326942e-08 
 1.02329299e+02  2.92148358e-06  9.20163180e-08 
 1.04712855e+02  2.88957277e-06  9.10112414e-08 
 1.07151931e+02  2.85801673e-06  9.00173385e-08 
 1.09647820e+02  2.82681149e-06  8.90344849e-08 
 1.12201845e+02  2.79595316e-06  8.80625574e-08 
 1.14815362e+02  2.76543786e-06  8.71014344e-08 
 1.17489755e+02  2.73526178e-06  8.61509956e-08 
 1.20226443e+02  2.70542115e-06  8.52111220e-08 
 1.23026877e+02  2.67591222e-06  8.42816960e-08 
 1.25892541e+02  2.64673131e-06  8.33626014e-08 
 1.28824955e+02  2.61787476e-06  8.24537232e-08 
 1.31825674e+02  2.58933898e-06  8.15549476e-08 
 1.34896288e+02  2.56112038e-06  8.06661624e-08 
 1.38038426e+02  2.53321544e-06  7.97872565e-08 
 1.41253754e+02  2.50562068e-06  7.89181198e-08 
 1.44543977e+02  2.47833264e-06  7.80586439e-08 
 1.47910839e+02  2.45134791e-06  7.72087213e-08 
 1.51356125e+02  2.42466313e-06  7.63682459e-08 
 1.54881662e+02  2.39827496e-06  7.55371126e-08 
 1.58489319e+02  2.37218010e-06  7.47152177e-08 
 1.62181010e+02  2.34637530e-06  7.39024586e-08 
 1.65958691e+02  2.32085734e-06  7.30987337e-08 
 1.69824365e+02  2.29562302e-06  7.23039428e-08 
 1.73780083e+02  2.27066920e-06  7.15179867e-08 
 1.77827941e+02  2.24599277e-06  7.07407672e-08 
 1.81970086e+02  2.22159065e-06  6.99721875e-08 
 1.86208714e+02  2.19745980e-06  6.92121516e-08 
 1.90546072e+02  2.17359720e-06  6.84605649e-08 
 1.94984460e+02  2.14999988e-06  6.77173335e-08 
 1.99526231e+02  2.12666489e-06  6.69823648e-08 
 2.04173794e+02  2.10358934e-06  6.62555673e-08 
 2.08929613e+02  2.08077034e-06  6.55368502e-08 
 2.13796209e+02  2.05820505e-06  6.48261242e-08 
 2.18776162e+02  2.03589066e-06  6.41233006e-08 
 2.23872114e+02  2.01382440e-06  6.34282919e-08 
 2.29086765e+02  1.99200350e-06  6.27410116e-08 
 2.34422882e+02  1.97042526e-06  6.20613741e-08 
 2.39883292e+02  1.94908699e-06  6.13892948e-08 
 2.45470892e+02  1.92798603e-06  6.07246900e-08 
 2.51188643e+02  1.90711976e-06  6.00674770e-08 
 2.57039578e+02  1.88648558e-06  5.94175741e-08 
 2.63026799e+02  1.86608093e-06  5.87749004e-08 
 2.69153480e+02  1.84590326e-06  5.81393760e-08 
 2.75422870e+02  1.82595008e-06  5.75109218e-08 
 2.81838293e+02  1.80621888e-06  5.68894598e-08 
 2.88403150e+02  1.78670724e-06  5.62749126e-08 
 2.95120923e+02  1.76741271e-06  5.56672040e-08 
 3.01995172e+02  1.74833290e-06  5.50662583e-08 
 3.09029543e+02  1.72946545e-06  5.44720010e-08 
 3.16227766e+02  1.71080800e-06  5.38843581e-08 
 3.23593657e+02  1.69235825e-06  5.33032568e-08 
 3.31131121e+02  1.67411389e-06  5.27286248e-08 
 3.38844156e+02  1.65607267e-06  5.21603908e-08 
 3.46736850e+02  1.63823234e-06  5.15984844e-08 
 3.54813389e+02  1.62059070e-06  5.10428357e-08 
 3.63078055e+02  1.60314555e-06  5.04933758e-08 
 3.71535229e+02  1.58589472e-06  4.99500365e-08 
 3.80189396e+02  1.56883608e-06  4.94127505e-08 
 3.89045145e+02  1.55196752e-06  4.88814511e-08 
 3.98107171e+02  1.53528693e-06  4.83560724e-08 
 4.07380278e+02  1.51879226e-06  4.78365493e-08 
 4.16869383e+02  1.50248146e-06  4.73228174e-08 
 4.26579519e+02  1.48635250e-06  4.68148131e-08 
 4.36515832e+02  1.47040339e-06  4.63124733e-08 
 4.46683592e+02  1.45463215e-06  4.58157359e-08 
 4.57088190e+02  1.43903684e-06  4.53245393e-08 
 4.67735141e+02  1.42361551e-06  4.48388227e-08 
 4.78630092e+02  1.40836625e-06  4.43585260e-08 
 4.89778819e+02  1.39328719e-06  4.38835896e-08 
 5.01187234e+02  1.37837645e-06  4.34139548e-08 
 5.12861384e+02  1.36363219e-06  4.29495635e-08 
 5.24807460e+02  1.34905258e-06  4.24903582e-08 
 5.37031796e+02  1.33463582e-06  4.20362821e-08 
 5.49540874e+02  1.32038013e-06  4.15872791e-08 
 5.62341325e+02  1.30628374e-06  4.11432935e-08 
 5.75439937e+02  1.29234491e-06  4.07042705e-08 
 5.88843655e+02  1.27856191e-06  4.02701558e-08 
 6.02559586e+02  1.26493305e-06  3.98408958e-08 
 6.16595002e+02  1.25145664e-06  3.94164373e-08 
 6.30957344e+02  1.23813101e-06  3.89967280e-08 
 6.45654229e+02  1.22495451e-06  3.85817159e-08 
 6.60693448e+02  1.21192552e-06  3.81713498e-08 
 6.76082975e+02  1.19904244e-06  3.77655791e-08 
 6.91830971e+02  1.18630365e-06  3.73643535e-08 
 7.07945784e+02  1.17370761e-06  3.69676236e-08 
 7.24435960e+02  1.16125274e-06  3.65753403e-08 
 7.41310241e+02  1.14893751e-06  3.61874553e-08 
 7.58577575e+02  1.13676041e-06  3.58039206e-08 
 7.76247117e+02  1.12471992e-06  3.54246889e-08 
 7.94328235e+02  1.11281457e-06  3.50497134e-08 
 8.12830516e+02  1.10104288e-06  3.46789479e-08 
 8.31763771e+02  1.08940340e-06  3.43123466e-08 
 8.51138038e+02  1.07789469e-06  3.39498643e-08 
 8.70963590e+02  1.06651534e-06  3.35914563e-08 
 8.91250938e+02  1.05526395e-06  3.32370783e-08 
 9.12010839e+02  1.04413911e-06  3.28866868e-08 
 9.33254301e+02  1.03313948e-06  3.25402384e-08 
 9.54992586e+02  1.02226368e-06  3.21976904e-08 
 9.77237221e+02  1.01151037e-06  3.18590008e-08 
 1.00000000e+03  1.00087824e-06  3.15241276e-08 
 1.02329299e+03  9.90365968e-07  3.11930296e-08 
 1.04712855e+03  9.79972261e-07  3.08656661e-08 
 1.07151931e+03  9.69695839e-07  3.05419967e-08 
 1.09647820e+03  9.59535436e-07  3.02219814e-08 
 1.12201845e+03  9.49489799e-07  2.99055810e-08 
 1.14815362e+03  9.39557691e-07  2.95927564e-08 
 1.17489755e+03  9.29737888e-07  2.92834690e-08 
 1.20226443e+03  9.20029182e-07  2.89776808e-08 
 1.23026877e+03  9.10430375e-07  2.86753541e-08 
 1.25892541e+03  9.00940286e-07  2.83764517e-08 
 1.28824955e+03  8.91557747e-07  2.80809368e-08 
 1.31825674e+03  8.82281600e-07  2.77887730e-08 
 1.34896288e+03  8.73110705e-07  2.74999242e-08 
 1.38038426e+03  8.64043932e-07  2.72143550e-08 
 1.41253754e+03  8.55080164e-07  2.69320301e-08 
 1.44543977e+03  8.46218298e-07  2.66529149e-08 
 1.47910839e+03  8.37457242e-07  2.63769748e-08 
 1.51356125e+03  8.28795917e-07  2.61041761e-08 
 1.54881662e+03  8.20233256e-07  2.58344850e-08 
 1.58489319e+03  8.11768206e-07  2.55678683e-08 
 1.62181010e+03  8.03399724e-07  2.53042933e-08 
 1.65958691e+03  7.95126778e-07  2.50437274e-08 
 1.69824365e+03  7.86948351e-07  2.47861386e-08 
 1.73780083e+03  7.78863435e-07  2.45314951e-08 
 1.77827941e+03  7.70871033e-07  2.42797656e-08 
 1.81970086e+03  7.62970162e-07  2.40309192e-08 
 1.86208714e+03  7.55159848e-07  2.37849250e-08 
 1.90546072e+03  7.47439128e-07  2.35417528e-08 
 1.94984460e+03  7.39807051e-07  2.33013727e-08 
 1.99526231e+03  7.32262676e-07  2.30637550e-08 
 2.04173794e+03  7.24805074e-07  2.28288705e-08 
 2.08929613e+03  7.17433325e-07  2.25966901e-08 
 2.13796209e+03  7.10146521e-07  2.23671853e-08 
 2.18776162e+03  7.02943761e-07  2.21403278e-08 
 2.23872114e+03  6.95824158e-07  2.19160895e-08 
 2.29086765e+03  6.88786834e-07  2.16944429e-08 
 2.34422882e+03  6.81830920e-07  2.14753606e-08 
 2.39883292e+03  6.74955557e-07  2.12588154e-08 
 2.45470892e+03  6.68159896e-07  2.10447808e-08 
 2.51188643e+03  6.61443098e-07  2.08332302e-08 
 2.57039578e+03  6.54804333e-07  2.06241376e-08 
 2.63026799e+03  6.48242780e-07  2.04174770e-08 
 2.69153480e+03  6.41757628e-07  2.02132230e-08 
 2.75422870e+03  6.35348076e-07  2.00113503e-08 
 2.81838293e+03  6.29013330e-07  1.98118339e-08 
 2.88403150e+03  6.22752605e-07  1.96146492e-08 
 2.95120923e+03  6.16565127e-07  1.94197716e-08 
 3.01995172e+03  6.10450128e-07  1.92271772e-08 
 3.09029543e+03  6.04406851e-07  1.90368419e-08 
 3.16227766e+03  5.98434547e-07  1.88487423e-08 
 3.23593657e+03  5.92532473e-07  1.86628549e-08 
 3.31131121e+03  5.86699898e-07  1.84791567e-08 
 3.38844156e+03  5.80936096e-07  1.82976249e-08 
 3.46736850e+03  5.75240351e-07  1.81182370e-08 
 3.54813389e+03  5.69611954e-07  1.79409706e-08 
 3.63078055e+03  5.64050205e-07  1.77658036e-08 
 3.71535229e+03  5.58554411e-07  1.75927143e-08 
 3.80189396e+03  5.53123885e-07  1.74216810e-08 
 3.89045145e+03  5.47757952e-07  1.72526825e-08 
 3.98107171e+03  5.42455940e-07  1.70856976e-08 
 4.07380278e+03  5.37217188e-07  1.69207056e-08 
 4.16869383e+03  5.32041038e-07  1.67576857e-08 
 4.26579519e+03  5.26926843e-07  1.65966175e-08 
 4.36515832e+03  5.21873963e-07  1.64374810e-08 
 4.46683592e+03  5.16881762e-07  1.62802560e-08 
 4.57088190e+03  5.11949614e-07  1.61249229e-08 
 4.67735141e+03  5.07076898e-07  1.59714622e-08 
 4.78630092e+03  5.02263001e-07  1.58198545e-08 
 4.89778819e+03  4.97507316e-07  1.56700808e-08 
 5.01187234e+03  4.92809242e-07  1.55221222e-08 
 5.12861384e+03  4.88168185e-07  1.53759599e-08 
 5.24807460e+03  4.83583559e-07  1.52315755e-08 
 5.37031796e+03  4.79054781e-07  1.50889507e-08 
 5.49540874e+03  4.74581276e-07  1.49480675e-08 
 5.62341325e+03  4.70162477e-07  1.48089078e-08 
 5.75439937e+03  4.65797819e-07  1.46714541e-08 
 5.88843655e+03  4.61486747e-07  1.45356888e-08 
 6.02559586e+03  4.57228709e-07  1.44015946e-08 
 6.16595002e+03  4.53023160e-07  1.42691543e-08 
 6.30957344e+03  4.48869560e-07  1.41383510e-08 
 6.45654229e+03  4.44767376e-07  1.40091678e-08 
 6.60693448e+03  4.40716079e-07  1.38815883e-08 
 6.76082975e+03  4.36715147e-07  1.37555958e-08 
 6.91830971e+03  4.32764061e-07  1.36311743e-08 
 7.07945784e+03  4.28862311e-07  1.35083075e-08 
 7.24435960e+03  4.25009389e-07  1.33869796e-08 
 7.41310241e+03  4.21204792e-07  1.32671748e-08 
 7.58577575e+03  4.17448026e-07  1.31488775e-08 
 7.76247117e+03  4.13738597e-07  1.30320722e-08 
 7.94328235e+03  4.10076019e-07  1.29167436e-08 
 8.12830516e+03  4.06459810e-07  1.28028766e-08 
 8.31763771e+03  4.02889493e-07  1.26904563e-08 
 8.51138038e+03  3.99364595e-07  1.25794678e-08 
 8.70963590e+03  3.95884649e-07  1.24698963e-08 
 8.91250938e+03  3.92449190e-07  1.23617274e-08 
 9.12010839e+03  3.89057762e-07  1.22549467e-08 
 9.33254301e+03  3.85709907e-07  1.21495399e-08 
 9.54992586e+03  3.82405178e-07  1.20454929e-08 
 9.77237221e+03  3.79143127e-07  1.19427917e-08 
 1.00000000e+04  3.75923314e-07  1.18414224e-08 
 1.02329299e+04  3.72745300e-07  1.17413714e-08 
 1.04712855e+04  3.69608651e-07  1.16426250e-08 
 1.07151931e+04  3.66512940e-07  1.15451699e-08 
 1.09647820e+04  3.63457738e-07  1.14489926e-08 
 1.12201845e+04  3.60442626e-07  1.13540799e-08 
 1.14815362e+04  3.57467185e-07  1.12604189e-08 
 1.17489755e+04  3.54531000e-07  1.11679964e-08 
 1.20226443e+04  3.51633661e-07  1.10767997e-08 
 1.23026877e+04  3.48774761e-07  1.09868161e-08 
 1.25892541e+04  3.45953896e-07  1.08980329e-08 
 1.28824955e+04  3.43170666e-07  1.08104375e-08 
 1.31825674e+04  3.40424675e-07  1.07240178e-08 
 1.34896288e+04  3.37715528e-07  1.06387612e-08 
 1.38038426e+04  3.35042836e-07  1.05546557e-08 
 1.41253754e+04  3.32406212e-07  1.04716893e-08 
 1.44543977e+04  3.29805271e-07  1.03898499e-08 
 1.47910839e+04  3.27239634e-07  1.03091256e-08 
 1.51356125e+04  3.24708923e-07  1.02295048e-08 
 1.54881662e+04  3.22212762e-07  1.01509757e-08 
 1.58489319e+04  3.19750780e-07  1.00735268e-08 
 1.62181010e+04  3.17322608e-07  9.99714666e-09 
 1.65958691e+04  3.14927880e-07  9.92182385e-09 
 1.69824365e+04  3.12566233e-07  9.84754712e-09 
 1.73780083e+04  3.10237305e-07  9.77430527e-09 
 1.77827941e+04  3.07940739e-07  9.70208721e-09 
 1.81970086e+04  3.05676179e-07  9.63088194e-09 
 1.86208714e+04  3.03443271e-07  9.56067852e-09 
 1.90546072e+04  3.01241667e-07  9.49146613e-09 
 1.94984460e+04  2.99071016e-07  9.42323401e-09 
 1.99526231e+04  2.96930974e-07  9.35597152e-09 
 2.04173794e+04  2.94821198e-07  9.28966805e-09 
 2.08929613e+04  2.92741345e-07  9.22431312e-09 
 2.13796209e+04  2.90691078e-07  9.15989630e-09 
 2.18776162e+04  2.88670059e-07  9.09640725e-09 
 2.23872114e+04  2.86677953e-07  9.03383572e-09 
 2.29086765e+04  2.84714428e-07  8.97217152e-09 
 2.34422882e+04  2.82779154e-07  8.91140453e-09 
 2.39883292e+04  2.80871802e-07  8.85152474e-09 
 2.45470892e+04  2.78992045e-07  8.79252218e-09 
 2.51188643e+04  2.77139558e-07  8.73438696e-09 
 2.57039578e+04  2.75314018e-07  8.67710928e-09 
 2.63026799e+04  2.73515105e-07  8.62067940e-09 
 2.69153480e+04  2.71742498e-07  8.56508764e-09 
 2.75422870e+04  2.69995880e-07  8.51032443e-09 
 2.81838293e+04  2.68274935e-07  8.45638021e-09 
 2.88403150e+04  2.66579348e-07  8.40324555e-09 
 2.95120923e+04  2.64908806e-07  8.35091104e-09 
 3.01995172e+04  2.63262998e-07  8.29936737e-09 
 3.09029543e+04  2.61641613e-07  8.24860529e-09 
 3.16227766e+04  2.60044344e-07  8.19861560e-09 
 3.23593657e+04  2.58470882e-07  8.14938919e-09 
 3.31131121e+04  2.56920922e-07  8.10091700e-09 
 3.38844156e+04  2.55394159e-07  8.05319004e-09 
 3.46736850e+04  2.53890290e-07  8.00619939e-09 
 3.54813389e+04  2.52409012e-07  7.95993620e-09 
 3.63078055e+04  2.50950024e-07  7.91439165e-09 
 3.71535229e+04  2.49513025e-07  7.86955704e-09 
 3.80189396e+04  2.48097718e-07  7.82542368e-09 
 3.89045145e+04  2.46703803e-07  7.78198297e-09 
 3.98107171e+04  2.45330983e-07  7.73922638e-09 
 4.07380278e+04  2.43978961e-07  7.69714542e-09 
 4.16869383e+04  2.42647443e-07  7.65573169e-09 
 4.26579519e+04  2.41336133e-07  7.61497684e-09 
 4.36515832e+04  2.40044736e-07  7.57487256e-09 
 4.46683592e+04  2.38772960e-07  7.53541065e-09 
 4.57088190e+04  2.37520511e-07  7.49658293e-09 
 4.67735141e+04  2.36287096e-07  7.45838130e-09 
 4.78630092e+04  2.35072424e-07  7.42079774e-09 
 4.89778819e+04  2.33876202e-07  7.38382425e-09 
 5.01187234e+04  2.32698139e-07  7.34745292e-09 
 5.12861384e+04  2.31537943e-07  7.31167591e-09 
 5.24807460e+04  2.30395323e-07  7.27648543e-09 
 5.37031796e+04  2.29269988e-07  7.24187374e-09 
 5.49540874e+04  2.28161647e-07  7.20783319e-09 
 5.62341325e+04  2.27070009e-07  7.17435617e-09 
 5.75439937e+04  2.25994781e-07  7.14143514e-09 
 5.88843655e+04  2.24935672e-07  7.10906264e-09 
 6.02559586e+04  2.23892390e-07  7.07723123e-09 
 6.16595002e+04  2.22864642e-07  7.04593358e-09 
 6.30957344e+04  2.21852136e-07  7.01516240e-09 
 6.45654229e+04  2.20854576e-07  6.98491046e-09 
 6.60693448e+04  2.19871668e-07  6.95517060e-09 
 6.76082975e+04  2.18903117e-07  6.92593573e-09 
 6.91830971e+04  2.17948626e-07  6.89719881e-09 
 7.07945784e+04  2.17007897e-07  6.86895287e-09 
 7.24435960e+04  2.16080632e-07  6.84119100e-09 
 7.41310241e+04  2.15166530e-07  6.81390637e-09 
 7.58577575e+04  2.14265288e-07  6.78709220e-09 
 7.76247117e+04  2.13376605e-07  6.76074177e-09 
 7.94328235e+04  2.12500174e-07  6.73484844e-09 
 8.12830516e+04  2.11635688e-07  6.70940562e-09 
 8.31763771e+04  2.10782839e-07  6.68440679e-09 
 8.51138038e+04  2.09941314e-07  6.65984550e-09 
 8.70963590e+04  2.09110800e-07  6.63571537e-09 
 8.91250938e+04  2.08290981e-07  6.61201007e-09 
 9.12010839e+04  2.07481538e-07  6.58872334e-09 
 9.33254301e+04  2.06682148e-07  6.56584899e-09 
 9.54992586e+04  2.05892488e-07  6.54338089e-09 
 9.77237221e+04  2.05112230e-07  6.52131299e-09 
 1.00000000e+05  2.04341041e-07  6.49963930e-09 
 1.02329299e+05  2.03578587e-07  6.47835388e-09 
 1.04712855e+05  2.02824530e-07  6.45745087e-09 
 1.07151931e+05  2.02078527e-07  6.43692448e-09 
 1.09647820e+05  2.01340231e-07  6.41676899e-09 
 1.12201845e+05  2.00609293e-07  6.39697873e-09 
 1.14815362e+05  1.99885356e-07  6.37754810e-09 
 1.17489755e+05  1.99168061e-07  6.35847158e-09 
 1.20226443e+05  1.98457043e-07  6.33974371e-09 
 1.23026877e+05  1.97751933e-07  6.32135909e-09 
 1.25892541e+05  1.97052355e-07  6.30331240e-09 
 1.28824955e+05  1.96357930e-07  6.28559838e-09 
 1.31825674e+05  1.95668272e-07  6.26821183e-09 
 1.34896288e+05  1.94982990e-07  6.25114764e-09 
 1.38038426e+05  1.94301686e-07  6.23440074e-09 
 1.41253754e+05  1.93623957e-07  6.21796614e-09 
 1.44543977e+05  1.92949394e-07  6.20183891e-09 
 1.47910839e+05  1.92277582e-07  6.18601421e-09 
 1.51356125e+05  1.91608099e-07  6.17048724e-09 
 1.54881662e+05  1.90940516e-07  6.15525329e-09 
 1.58489319e+05  1.90274398e-07  6.14030769e-09 
 1.62181010e+05  1.89609304e-07  6.12564586e-09 
 1.65958691e+05  1.88944786e-07  6.11126328e-09 
 1.69824365e+05  1.88280390e-07  6.09715549e-09 
 1.73780083e+05  1.87615653e-07  6.08331812e-09 
 1.77827941e+05  1.86950109e-07  6.06974684e-09 
 1.81970086e+05  1.86283282e-07  6.05643740e-09 
 1.86208714e+05  1.85614692e-07  6.04338562e-09 
 1.90546072e+05  1.84943852e-07  6.03058738e-09 
 1.94984460e+05  1.84270269e-07  6.01803863e-09 
 1.99526231e+05  1.83593444e-07  6.00573538e-09 
 2.04173794e+05  1.82912873e-07  5.99367372e-09 
 2.08929613e+05  1.82228046e-07  5.98184980e-09 
 2.13796209e+05  1.81538450e-07  5.97025983e-09 
 2.18776162e+05  1.80843565e-07  5.95890010e-09 
 2.23872114e+05  1.80142871e-07  5.94776696e-09 
 2.29086765e+05  1.79435841e-07  5.93685682e-09 
 2.34422882e+05  1.78721947e-07  5.92616616e-09 
 2.39883292e+05  1.78000661e-07  5.91569154e-09 
 2.45470892e+05  1.77271451e-07  5.90542957e-09 
 2.51188643e+05  1.76533788e-07  5.89537693e-09 
 2.57039578e+05  1.75787142e-07  5.88553037e-09 
 2.63026799e+05  1.75030985e-07  5.87588669e-09 
 2.69153480e+05  1.74264793e-07  5.86644279e-09 
 2.75422870e+05  1.73488046e-07  5.85719560e-09 
 2.81838293e+05  1.72700230e-07  5.84814212e-09 
 2.88403150e+05  1.71900838e-07  5.83927945e-09 
 2.95120923e+05  1.71089371e-07  5.83060471e-09 
 3.01995172e+05  1.70265342e-07  5.82211512e-09 
 3.09029543e+05  1.69428272e-07  5.81380794e-09 
 3.16227766e+05  1.68577701e-07  5.80568051e-09 
 3.23593657e+05  1.67713180e-07  5.79773024e-09 
 3.31131121e+05  1.66834279e-07  5.78995457e-09 
 3.38844156e+05  1.65940588e-07  5.78235105e-09 
 3.46736850e+05  1.65031717e-07  5.77491726e-09 
 3.54813389e+05  1.64107298e-07  5.76765087e-09 
 3.63078055e+05  1.63166992e-07  5.76054958e-09 
 3.71535229e+05  1.62210485e-07  5.75361120e-09 
 3.80189396e+05  1.61237491e-07  5.74683355e-09 
 3.89045145e+05  1.60247760e-07  5.74021456e-09 
 3.98107171e+05  1.59241071e-07  5.73375218e-09 
 4.07380278e+05  1.58217241e-07  5.72744446e-09 
 4.16869383e+05  1.57176125e-07  5.72128948e-09 
 4.26579519e+05  1.56117617e-07  5.71528540e-09 
 4.36515832e+05  1.55041652e-07  5.70943043e-09 
 4.46683592e+05  1.53948208e-07  5.70372285e-09 
 4.57088190e+05  1.52837307e-07  5.69816097e-09 
 4.67735141e+05  1.51709020e-07  5.69274320e-09 
 4.78630092e+05  1.50563461e-07  5.68746798e-09 
 4.89778819e+05  1.49400795e-07  5.68233379e-09 
 5.01187234e+05  1.48221235e-07  5.67733921e-09 
 5.12861384e+05  1.47025044e-07  5.67248284e-09 
 5.24807460e+05  1.45812536e-07  5.66776332e-09 
 5.37031796e+05  1.44584073e-07  5.66317938e-09 
 5.49540874e+05  1.43340068e-07  5.65872977e-09 
 5.62341325e+05  1.42080985e-07  5.65441330e-09 
 5.75439937e+05  1.40807336e-07  5.65022881e-09 
 5.88843655e+05  1.39519679e-07  5.64617519e-09 
 6.02559586e+05  1.38218621e-07  5.64225138e-09 
 6.16595002e+05  1.36904815e-07  5.63845635e-09 
 6.30957344e+05  1.35578953e-07  5.63478910e-09 
 6.45654229e+05  1.34241773e-07  5.63124867e-09 
 6.60693448e+05  1.32894049e-07  5.62783413e-09 
 6.76082975e+05  1.31536593e-07  5.62454458e-09 
 6.91830971e+05  1.30170247e-07  5.62137913e-09 
 7.07945784e+05  1.28795887e-07  5.61833693e-09 
 7.24435960e+05  1.27414414e-07  5.61541711e-09 
 7.41310241e+05  1.26026753e-07  5.61261886e-09 
 7.58577575e+05  1.24633850e-07  5.60994134e-09 
 7.76247117e+05  1.23236665e-07  5.60738374e-09 
 7.94328235e+05  1.21836173e-07  5.60494522e-09 
 8.12830516e+05  1.20433357e-07  5.60262495e-09 
 8.31763771e+05  1.19029204e-07  5.60042210e-09 
 8.51138038e+05  1.17624702e-07  5.59833580e-09 
 8.70963590e+05  1.16220837e-07  5.59636519e-09 
 8.91250938e+05  1.14818587e-07  5.59450934e-09 
 9.12010839e+05  1.13418922e-07  5.59276733e-09 
 9.33254301e+05  1.12022793e-07  5.59113818e-09 
 9.54992586e+05  1.10631139e-07  5.58962086e-09 
 9.77237221e+05  1.09244873e-07  5.58821432e-09 
 1.00000000e+06  1.07864888e-07  5.58691743e-09 
 1.02329299e+06  1.06492045e-07  5.58572900e-09 
 1.04712855e+06  1.05127179e-07  5.58464780e-09 
 1.07151931e+06  1.03771090e-07  5.58367250e-09 
 1.09647820e+06  1.02424543e-07  5.58280172e-09 
 1.12201845e+06  1.01088265e-07  5.58203398e-09 
 1.14815362e+06  9.97629443e-08  5.58136772e-09 
 1.17489755e+06  9.84492285e-08  5.58080130e-09 
 1.20226443e+06  9.71477215e-08  5.58033298e-09 
 1.23026877e+06  9.58589837e-08  5.57996094e-09 
 1.25892541e+06  9.45835306e-08  5.57968325e-09 
 1.28824955e+06  9.33218320e-08  5.57949788e-09 
 1.31825674e+06  9.20743115e-08  5.57940270e-09 
 1.34896288e+06  9.08413460e-08  5.57939550e-09 
 1.38038426e+06  8.96232660e-08  5.57947394e-09 
 1.41253754e+06  8.84203553e-08  5.57963560e-09 
 1.44543977e+06  8.72328514e-08  5.57987797e-09 
 1.47910839e+06  8.60609463e-08  5.58019841e-09 
 1.51356125e+06  8.49047867e-08  5.58059424e-09 
 1.54881662e+06  8.37644753e-08  5.58106267e-09 
 1.58489319e+06  8.26400716e-08  5.58160081e-09 
 1.62181010e+06  8.15315930e-08  5.58220573e-09 
 1.65958691e+06  8.04390164e-08  5.58287442e-09 
 1.69824365e+06  7.93622794e-08  5.58360381e-09 
 1.73780083e+06  7.83012818e-08  5.58439078e-09 
 1.77827941e+06  7.72558877e-08  5.58523217e-09 
 1.81970086e+06  7.62259267e-08  5.58612480e-09 
 1.86208714e+06  7.52111964e-08  5.58706547e-09 
 1.90546072e+06  7.42114638e-08  5.58805094e-09 
 1.94984460e+06  7.32264675e-08  5.58907801e-09 
 1.99526231e+06  7.22559201e-08  5.59014349e-09 
 2.04173794e+06  7.12995098e-08  5.59124421e-09 
 2.08929613e+06  7.03569031e-08  5.59237702e-09 
 2.13796209e+06  6.94277466e-08  5.59353886e-09 
 2.18776162e+06  6.85116694e-08  5.59472671e-09 
 2.23872114e+06  6.76082855e-08  5.59593763e-09 
 2.29086765e+06  6.67171959e-08  5.59716877e-09 
 2.34422882e+06  6.58379907e-08  5.59841737e-09 
 2.39883292e+06  6.49702519e-08  5.59968078e-09 
 2.45470892e+06  6.41135549e-08  5.60095648e-09 
 2.51188643e+06  6.32674714e-08  5.60224207e-09 
 2.57039578e+06  6.24315711e-08  5.60353528e-09 
 2.63026799e+06  6.16054238e-08  5.60483400e-09 
 2.69153480e+06  6.07886019e-08  5.60613625e-09 
 2.75422870e+06  5.99806821e-08  5.60744023e-09 
 2.81838293e+06  5.91812471e-08  5.60874428e-09 
 2.88403150e+06  5.83898879e-08  5.61004694e-09 
 2.95120923e+06  5.76062055e-08  5.61134690e-09 
 3.01995172e+06  5.68298121e-08  5.61264301e-09 
 3.09029543e+06  5.60603332e-08  5.61393433e-09 
 3.16227766e+06  5.52974089e-08  5.61522007e-09 
 3.23593657e+06  5.45406950e-08  5.61649964e-09 
 3.31131121e+06  5.37898645e-08  5.61777260e-09 
 3.38844156e+06  5.30446087e-08  5.61903871e-09 
 3.46736850e+06  5.23046377e-08  5.62029791e-09 
 3.54813389e+06  5.15696820e-08  5.62155028e-09 
 3.63078055e+06  5.08394923e-08  5.62279610e-09 
 3.71535229e+06  5.01138409e-08  5.62403582e-09 
 3.80189396e+06  4.93925212e-08  5.62527003e-09 
 3.89045145e+06  4.86753489e-08  5.62649950e-09 
 3.98107171e+06  4.79621613e-08  5.62772516e-09 
 4.07380278e+06  4.72528179e-08  5.62894807e-09 
 4.16869383e+06  4.65471997e-08  5.63016948e-09 
 4.26579519e+06  4.58452094e-08  5.63139074e-09 
 4.36515832e+06  4.51467706e-08  5.63261338e-09 
 4.46683592e+06  4.44518275e-08  5.63383903e-09 
 4.57088190e+06  4.37603444e-08  5.63506950e-09 
 4.67735141e+06  4.30723045e-08  5.63630668e-09 
 4.78630092e+06  4.23877093e-08  5.63755263e-09 
 4.89778819e+06  4.17065779e-08  5.63880951e-09 
 5.01187234e+06  4.10289457e-08  5.64007960e-09 
 5.12861384e+06  4.03548634e-08  5.64136531e-09 
 5.24807460e+06  3.96843958e-08  5.64266915e-09 
 5.37031796e+06  3.90176210e-08  5.64399376e-09 
 5.49540874e+06  3.83546287e-08  5.64534188e-09 
 5.62341325e+06  3.76955195e-08  5.64671637e-09 
 5.75439937e+06  3.70404032e-08  5.64812017e-09 
 5.88843655e+06  3.63893979e-08  5.64955638e-09 
 6.02559586e+06  3.57426287e-08  5.65102815e-09 
 6.16595002e+06  3.51002263e-08  5.65253878e-09 
 6.30957344e+06  3.44623262e-08  5.65409165e-09 
 6.45654229e+06  3.38290674e-08  5.65569027e-09 
 6.60693448e+06  3.32005911e-08  5.65733825e-09 
 6.76082975e+06  3.25770400e-08  5.65903929e-09 
 6.91830971e+06  3.19585571e-08  5.66079723e-09 
 7.07945784e+06  3.13452848e-08  5.66261601e-09 
 7.24435960e+06  3.07373642e-08  5.66449968e-09 
 7.41310241e+06  3.01349339e-08  5.66645241e-09 
 7.58577575e+06  2.95381299e-08  5.66847848e-09 
 7.76247117e+06  2.89470842e-08  5.67058229e-09 
 7.94328235e+06  2.83619248e-08  5.67276839e-09 
 8.12830516e+06  2.77827749e-08  5.67504141e-09 
 8.31763771e+06  2.72097524e-08  5.67740614e-09 
 8.51138038e+06  2.66429696e-08  5.67986748e-09 
 8.70963590e+06  2.60825332e-08  5.68243047e-09 
 8.91250938e+06  2.55285432e-08  5.68510027e-09 
 9.12010839e+06  2.49810937e-08  5.68788221e-09 
 9.33254301e+06  2.44402719e-08  5.69078171e-09 
 9.54992586e+06  2.39061586e-08  5.69380436e-09 
 9.77237221e+06  2.33788279e-08  5.69695589e-09 
 1.00000000e+07  2.28583472e-08  5.70024217e-09 
 1.02329299e+07  2.23447772e-08  5.70366919e-09 
 1.04712855e+07  2.18381723e-08  5.70724311e-09 
 1.07151931e+07  2.13385803e-08  5.71097022e-09 
 1.09647820e+07  2.08460428e-08  5.71485698e-09 
 1.12201845e+07  2.03605951e-08  5.71890994e-09 
 1.14815362e+07  1.98822669e-08  5.72313584e-09 
 1.17489755e+07  1.94110820e-08  5.72754154e-09 
 1.20226443e+07  1.89470587e-08  5.73213402e-09 
 1.23026877e+07  1.84902102e-08  5.73692042e-09 
 1.25892541e+07  1.80405444e-08  5.74190798e-09 
 1.28824955e+07  1.75980647e-08  5.74710407e-09 
 1.31825674e+07  1.71627699e-08  5.75251619e-09 
 1.34896288e+07  1.67346544e-08  5.75815191e-09 
 1.38038426e+07  1.63137085e-08  5.76401894e-09 
 1.41253754e+07  1.58999190e-08  5.77012504e-09 
 1.44543977e+07  1.54932689e-08  5.77647806e-09 
 1.47910839e+07  1.50937376e-08  5.78308592e-09 
 1.51356125e+07  1.47013016e-08  5.78995658e-09 
 1.54881662e+07  1.43159344e-08  5.79709802e-09 
 1.58489319e+07  1.39376066e-08  5.80451825e-09 
 1.62181010e+07  1.35662861e-08  5.81222527e-09 
 1.65958691e+07  1.32019384e-08  5.82022707e-09 
 1.69824365e+07  1.28445265e-08  5.82853156e-09 
 1.73780083e+07  1.24940112e-08  5.83714662e-09 
 1.77827941e+07  1.21503513e-08  5.84608000e-09 
 1.81970086e+07  1.18135032e-08  5.85533935e-09 
 1.86208714e+07  1.14834216e-08  5.86493215e-09 
 1.90546072e+07  1.11600593e-08  5.87486572e-09 
 1.94984460e+07  1.08433669e-08  5.88514716e-09 
 1.99526231e+07  1.05332935e-08  5.89578333e-09 
 2.04173794e+07  1.02297862e-08  5.90678080e-09 
 2.08929613e+07  9.93279054e-09  5.91814583e-09 
 2.13796209e+07  9.64225008e-09  5.92988436e-09 
 2.18776162e+07  9.35810674e-09  5.94200191e-09 
 2.23872114e+07  9.08030071e-09  5.95450360e-09 
 2.29086765e+07  8.80877042e-09  5.96739410e-09 
 2.34422882e+07  8.54345259e-09  5.98067757e-09 
 2.39883292e+07  8.28428224e-09  5.99435764e-09 
 2.45470892e+07  8.03119264e-09  6.00843740e-09 
 2.51188643e+07  7.78411539e-09  6.02291933e-09 
 2.57039578e+07  7.54298040e-09  6.03780528e-09 
 2.63026799e+07  7.30771591e-09  6.05309644e-09 
 2.69153480e+07  7.07824853e-09  6.06879330e-09 
 2.75422870e+07  6.85450325e-09  6.08489566e-09 
 2.81838293e+07  6.63640352e-09  6.10140258e-09 
 2.88403150e+07  6.42387126e-09  6.11831236e-09 
 2.95120923e+07  6.21682694e-09  6.13562252e-09 
 3.01995172e+07  6.01518962e-09  6.15332983e-09 
 3.09029543e+07  5.81887705e-09  6.17143027e-09 
 3.16227766e+07  5.62780574e-09  6.18991901e-09 
 3.23593657e+07  5.44189103e-09  6.20879049e-09 
 3.31131121e+07  5.26104723e-09  6.22803836e-09 
 3.38844156e+07  5.08518764e-09  6.24765552e-09 
 3.46736850e+07  4.91422474e-09  6.26763417e-09 
 3.54813389e+07  4.74807025e-09  6.28796580e-09 
 3.63078055e+07  4.58663523e-09  6.30864126e-09 
 3.71535229e+07  4.42983026e-09  6.32965080e-09 
 3.80189396e+07  4.27756547e-09  6.35098409e-09 
 3.89045145e+07  4.12975073e-09  6.37263032e-09 
 3.98107171e+07  3.98629572e-09  6.39457824e-09 
 4.07380278e+07  3.84711006e-09  6.41681624e-09 
 4.16869383e+07  3.71210343e-09  6.43933240e-09 
 4.26579519e+07  3.58118567e-09  6.46211462e-09 
 4.36515832e+07  3.45426688e-09  6.48515066e-09 
 4.46683592e+07  3.33125753e-09  6.50842824e-09 
 4.57088190e+07  3.21206858e-09  6.53193515e-09 
 4.67735141e+07  3.09661151e-09  6.55565932e-09 
 4.78630092e+07  2.98479847e-09  6.57958895e-09 
 4.89778819e+07  2.87654233e-09  6.60371258e-09 
 5.01187234e+07  2.77175674e-09  6.62801921e-09 
 5.12861384e+07  2.67035623e-09  6.65249839e-09 
 5.24807460e+07  2.57225626e-09  6.67714032e-09 
 5.37031796e+07  2.47737326e-09  6.70193597e-09 
 5.49540874e+07  2.38562470e-09  6.72687713e-09 
 5.62341325e+07  2.29692914e-09  6.75195656e-09 
 5.75439937e+07  2.21120623e-09  6.77716804e-09 
 5.88843655e+07  2.12837679e-09  6.80250647e-09 
 6.02559586e+07  2.04836281e-09  6.82796798e-09 
 6.16595002e+07  1.97108751e-09  6.85354994e-09 
 6.30957344e+07  1.89647531e-09  6.87925110e-09 
 6.45654229e+07  1.82445189e-09  6.90507164e-09 
 6.60693448e+07  1.75494418e-09  6.93101321e-09 
 6.76082975e+07  1.68788042e-09  6.95707901e-09 
 6.91830971e+07  1.62319007e-09  6.98327382e-09 
 7.07945784e+07  1.56080395e-09  7.00960408e-09 
 7.24435960e+07  1.50065411e-09  7.03607790e-09 
 7.41310241e+07  1.44267394e-09  7.06270509e-09 
 7.58577575e+07  1.38679812e-09  7.08949722e-09 
 7.76247117e+07  1.33296262e-09  7.11646761e-09 
 7.94328235e+07  1.28110474e-09  7.14363138e-09 
 8.12830516e+07  1.23116305e-09  7.17100544e-09 
 8.31763771e+07  1.18307742e-09  7.19860850e-09 
 8.51138038e+07  1.13678903e-09  7.22646112e-09 
 8.70963590e+07  1.09224034e-09  7.25458566e-09 
 8.91250938e+07  1.04937510e-09  7.28300631e-09 
 9.12010839e+07  1.00813835e-09  7.31174908e-09 
 9.33254301e+07  9.68476374e-10  7.34084179e-09 
 9.54992586e+07  9.30336758e-10  7.37031409e-09 
 9.77237221e+07  8.93668334e-10  7.40019743e-09 
 1.00000000e+08  8.58421191e-10  7.43052504e-09 
 1.02329299e+08  8.24546663e-10  7.46133197e-09 
 1.04712855e+08  7.91997319e-10  7.49265502e-09 
 1.07151931e+08  7.60726956e-10  7.52453279e-09 
 1.09647820e+08  7.30690586e-10  7.55700560e-09 
 1.12201845e+08  7.01844425e-10  7.59011555e-09 
 1.14815362e+08  6.74145882e-10  7.62390647e-09 
 1.17489755e+08  6.47553547e-10  7.65842391e-09 
 1.20226443e+08  6.22027172e-10  7.69371516e-09 
 1.23026877e+08  5.97527665e-10  7.72982919e-09 
 1.25892541e+08  5.74017068e-10  7.76681670e-09 
 1.28824955e+08  5.51458544e-10  7.80473008e-09 
 1.31825674e+08  5.29816363e-10  7.84362339e-09 
 1.34896288e+08  5.09055881e-10  7.88355238e-09 
 1.38038426e+08  4.89143522e-10  7.92457446e-09 
 1.41253754e+08  4.70046765e-10  7.96674872e-09 
 1.44543977e+08  4.51734120e-10  8.01013588e-09 
 1.47910839e+08  4.34175110e-10  8.05479834e-09 
 1.51356125e+08  4.17340254e-10  8.10080012e-09 
 1.54881662e+08  4.01201042e-10  8.14820686e-09 
 1.58489319e+08  3.85729921e-10  8.19708585e-09 
 1.62181010e+08  3.70900267e-10  8.24750598e-09 
 1.65958691e+08  3.56686369e-10  8.29953773e-09 
 1.69824365e+08  3.43063406e-10  8.35325320e-09 
 1.73780083e+08  3.30007428e-10  8.40872603e-09 
 1.77827941e+08  3.17495330e-10  8.46603146e-09 
 1.81970086e+08  3.05504835e-10  8.52524627e-09 
 1.86208714e+08  2.94014469e-10  8.58644875e-09 
 1.90546072e+08  2.83003542e-10  8.64971873e-09 
 1.94984460e+08  2.72452128e-10  8.71513753e-09 
 1.99526231e+08  2.62341038e-10  8.78278794e-09 
 2.04173794e+08  2.52651806e-10  8.85275421e-09 
 2.08929613e+08  2.43366662e-10  8.92512199e-09 
 2.13796209e+08  2.34468516e-10  8.99997835e-09 
 2.18776162e+08  2.25940935e-10  9.07741175e-09 
 2.23872114e+08  2.17768124e-10  9.15751197e-09 
 2.29086765e+08  2.09934904e-10  9.24037010e-09 
 2.34422882e+08  2.02426697e-10  9.32607854e-09 
 2.39883292e+08  1.95229501e-10  9.41473091e-09 
 2.45470892e+08  1.88329878e-10  9.50642207e-09 
 2.51188643e+08  1.81714927e-10  9.60124804e-09 
 2.57039578e+08  1.75372274e-10  9.69930601e-09 
 2.63026799e+08  1.69290051e-10  9.80069426e-09 
 2.69153480e+08  1.63456876e-10  9.90551216e-09 
 2.75422870e+08  1.57861842e-10  1.00138601e-08 
 2.81838293e+08  1.52494493e-10  1.01258395e-08 
 2.88403150e+08  1.47344817e-10  1.02415528e-08 
 2.95120923e+08  1.42403221e-10  1.03611032e-08 
 3.01995172e+08  1.37660523e-10  1.04845949e-08 
 3.09029543e+08  1.33107931e-10  1.06121331e-08 
 3.16227766e+08  1.28737035e-10  1.07438236e-08 
 3.23593657e+08  1.24539786e-10  1.08797730e-08 
 3.31131121e+08  1.20508488e-10  1.10200889e-08 
 3.38844156e+08  1.16635781e-10  1.11648795e-08 
 3.46736850e+08  1.12914629e-10  1.13142535e-08 
 3.54813389e+08  1.09338311e-10  1.14683207e-08 
 3.63078055e+08  1.05900399e-10  1.16271911e-08 
 3.71535229e+08  1.02594760e-10  1.17909757e-08 
 3.80189396e+08  9.94155305e-11  1.19597858e-08 
 3.89045145e+08  9.63571163e-11  1.21337334e-08 
 3.98107171e+08  9.34141754e-11  1.23129311e-08 
 4.07380278e+08  9.05816098e-11  1.24974919e-08 
 4.16869383e+08  8.78545552e-11  1.26875293e-08 
 4.26579519e+08  8.52283707e-11  1.28831574e-08 
 4.36515832e+08  8.26986300e-11  1.30844907e-08 
 4.46683592e+08  8.02611115e-11  1.32916439e-08 
 4.57088190e+08  7.79117903e-11  1.35047325e-08 
 4.67735141e+08  7.56468288e-11  1.37238720e-08 
 4.78630092e+08  7.34625691e-11  1.39491785e-08 
 4.89778819e+08  7.13555249e-11  1.41807682e-08 
 5.01187234e+08  6.93223736e-11  1.44187579e-08 
 5.12861384e+08  6.73599492e-11  1.46632644e-08 
 5.24807460e+08  6.54652352e-11  1.49144048e-08 
 5.37031796e+08  6.36353575e-11  1.51722965e-08 
 5.49540874e+08  6.18675781e-11  1.54370568e-08 
 5.62341325e+08  6.01592887e-11  1.57088035e-08 
 5.75439937e+08  5.85080047e-11  1.59876541e-08 
 5.88843655e+08  5.69113592e-11  1.62737265e-08 
 6.02559586e+08  5.53670976e-11  1.65671384e-08 
 6.16595002e+08  5.38730721e-11  1.68680074e-08 
 6.30957344e+08  5.24272369e-11  1.71764512e-08 
 6.45654229e+08  5.10276428e-11  1.74925872e-08 
 6.60693448e+08  4.96724328e-11  1.78165326e-08 
 6.76082975e+08  4.83598377e-11  1.81484047e-08 
 6.91830971e+08  4.70881715e-11  1.84883199e-08 
 7.07945784e+08  4.58558276e-11  1.88363949e-08 
 7.24435960e+08  4.46612747e-11  1.91927456e-08 
 7.41310241e+08  4.35030530e-11  1.95574875e-08 
 7.58577575e+08  4.23797710e-11  1.99307358e-08 
 7.76247117e+08  4.12901016e-11  2.03126051e-08 
 7.94328235e+08  4.02327792e-11  2.07032094e-08 
 8.12830516e+08  3.92065967e-11  2.11026620e-08 
 8.31763771e+08  3.82104022e-11  2.15110760e-08 
 8.51138038e+08  3.72430965e-11  2.19285634e-08 
 8.70963590e+08  3.63036303e-11  2.23552358e-08 
 8.91250938e+08  3.53910019e-11  2.27912043e-08 
 9.12010839e+08  3.45042543e-11  2.32365791e-08 
 9.33254301e+08  3.36424737e-11  2.36914700e-08 
 9.54992586e+08  3.28047866e-11  2.41559864e-08 
 9.77237221e+08  3.19903581e-11  2.46302371e-08 
 1.00000000e+09  3.11983902e-11  2.51143306e-08 
