 frequency              onoise_spectrum        inoise_spectrum       
 1.000000000000000e+00  5.921817292996845e-06  5.657752857604325e-06 
 1.019373485938873e+00  5.872189746726826e-06  5.610338292474481e-06 
 1.039122303835169e+00  5.822983024165725e-06  5.563325785771234e-06 
 1.059253725177289e+00  5.774193508620272e-06  5.516711882075361e-06 
 1.079775162327710e+00  5.725817614949139e-06  5.470493156114649e-06 
 1.100694171252210e+00  5.677851789283463e-06  5.424666212492283e-06 
 1.122018454301964e+00  5.630292508749733e-06  5.379227685426681e-06 
 1.143755863049539e+00  5.583136281195780e-06  5.334174238486881e-06 
 1.165914401179832e+00  5.536379644917479e-06  5.289502564332474e-06 
 1.188502227437019e+00  5.490019168389443e-06  5.245209384455647e-06 
 1.211527658628589e+00  5.444051449998956e-06  5.201291448927554e-06 
 1.234999172687586e+00  5.398473117779539e-06  5.157745536144432e-06 
 1.258925411794168e+00  5.353280829149770e-06  5.114568452576129e-06 
 1.283315185557652e+00  5.308471270651502e-06  5.071757032517245e-06 
 1.308177474260195e+00  5.264041157695250e-06  5.029308137844600e-06 
 1.333521432163325e+00  5.219987234300593e-06  4.987218657767312e-06 
 1.359356390878527e+00  5.176306272847013e-06  4.945485508590171e-06 
 1.385691862803129e+00  5.132995073819751e-06  4.904105633471130e-06 
 1.412537544622755e+00  5.090050465563688e-06  4.863076002184331e-06 
 1.439903320881634e+00  5.047469304035638e-06  4.822393610885243e-06 
 1.467799267622071e+00  5.005248472560418e-06  4.782055481876922e-06 
 1.496235656094435e+00  4.963384881589489e-06  4.742058663378935e-06 
 1.525222956539020e+00  4.921875468460123e-06  4.702400229298726e-06 
 1.554771842041175e+00  4.880717197158552e-06  4.663077279003395e-06 
 1.584893192461115e+00  4.839907058083776e-06  4.624086937095577e-06 
 1.615598098439875e+00  4.799442067815453e-06  4.585426353191001e-06 
 1.646897865482870e+00  4.759319268881241e-06  4.547092701696126e-06 
 1.678804018122562e+00  4.719535729528106e-06  4.509083181590391e-06 
 1.711328304161782e+00  4.680088543494793e-06  4.471395016207702e-06 
 1.744482698999256e+00  4.640974829788172e-06  4.434025453023638e-06 
 1.778279410038925e+00  4.602191732458012e-06  4.396971763440110e-06 
 1.812730881184701e+00  4.563736420377224e-06  4.360231242574458e-06 
 1.847849797422293e+00  4.525606087022218e-06  4.323801209051498e-06 
 1.883649089489803e+00  4.487797950256050e-06  4.287679004794639e-06 
 1.920141938638804e+00  4.450309252113792e-06  4.251861994821519e-06 
 1.957341781487663e+00  4.413137258586943e-06  4.216347567037879e-06 
 1.995262314968882e+00  4.376279259415382e-06  4.181133132039284e-06 
 2.033917501372295e+00  4.339732567874951e-06  4.146216122907053e-06 
 2.073321573485958e+00  4.303494520571710e-06  4.111593995012795e-06 
 2.113489039836649e+00  4.267562477235272e-06  4.077264225820827e-06 
 2.154434690031886e+00  4.231933820515986e-06  4.043224314693326e-06 
 2.196173600205439e+00  4.196605955781228e-06  4.009471782697362e-06 
 2.238721138568343e+00  4.161576310915745e-06  3.976004172412875e-06 
 2.282092971067454e+00  4.126842336124683e-06  3.942819047744729e-06 
 2.326305067153629e+00  4.092401503734812e-06  3.909913993733341e-06 
 2.371373705661659e+00  4.058251308000587e-06  3.877286616368712e-06 
 2.417315480804108e+00  4.024389264911461e-06  3.844934542406705e-06 
 2.464147308281285e+00  3.990812911998828e-06  3.812855419184840e-06 
 2.511886431509584e+00  3.957519808148183e-06  3.781046914442176e-06 
 2.560550427970480e+00  3.924507533409453e-06  3.749506716138524e-06 
 2.610157215682541e+00  3.891773688812225e-06  3.718232532277977e-06 
 2.660725059798814e+00  3.859315896179388e-06  3.687222090730488e-06 
 2.712272579332033e+00  3.827131797945358e-06  3.656473139058427e-06 
 2.764818754010113e+00  3.795219056973981e-06  3.625983444342760e-06 
 2.818382931264459e+00  3.763575356379546e-06  3.595750793012144e-06 
 2.872984833353670e+00  3.732198399347547e-06  3.565772990670760e-06 
 2.928644564625242e+00  3.701085908958809e-06  3.536047861931592e-06 
 2.985382618917966e+00  3.670235628013935e-06  3.506573250247831e-06 
 3.043219887107728e+00  3.639645318861534e-06  3.477347017748775e-06 
 3.102177664799508e+00  3.609312763223125e-06  3.448367045072961e-06 
 3.162277660168387e+00  3.579235762026190e-06  3.419631231208725e-06 
 3.223542001952470e+00  3.549412135233516e-06  3.391137493330397e-06 
 3.285993247600662e+00  3.519839721675833e-06  3.362883766639085e-06 
 3.349654391578285e+00  3.490516378887080e-06  3.334868004205073e-06 
 3.414548873833610e+00  3.461439982938518e-06  3.307088176809716e-06 
 3.480700588428419e+00  3.432608428276901e-06  3.279542272789852e-06 
 3.548133892335763e+00  3.404019627563721e-06  3.252228297885262e-06 
 3.616873614408168e+00  3.375671511513322e-06  3.225144275083409e-06 
 3.686945064519584e+00  3.347562028736038e-06  3.198288244469702e-06 
 3.758374042884451e+00  3.319689145579836e-06  3.171658263076534e-06 
 3.831186849557297e+00  3.292050845975280e-06  3.145252404734540e-06 
 3.905410294116390e+00  3.264645131281499e-06  3.119068759925465e-06 
 3.981071705534982e+00  3.237470020132506e-06  3.093105435636434e-06 
 4.058198942243808e+00  3.210523548285406e-06  3.067360555213372e-06 
 4.136820402388517e+00  3.183803768471068e-06  3.041832258219394e-06 
 4.216965034285833e+00  3.157308750244402e-06  3.016518700291574e-06 
 4.298662347082288e+00  3.131036579837587e-06  2.991418053000574e-06 
 4.381942421619448e+00  3.104985360012697e-06  2.966528503709138e-06 
 4.466835921509642e+00  3.079153209917695e-06  2.941848255436198e-06 
 4.553374104426261e+00  3.053538264942253e-06  2.917375526717581e-06 
 4.641588833612791e+00  3.028138676575457e-06  2.893108551471088e-06 
 4.731512589614817e+00  3.002952612264854e-06  2.869045578860752e-06 
 4.823178482239319e+00  2.977978255276567e-06  2.845184873164048e-06 
 4.916620262745656e+00  2.953213804556327e-06  2.821524713639164e-06 
 5.011872336272736e+00  2.928657474592341e-06  2.798063394393407e-06 
 5.108969774506941e+00  2.904307495278783e-06  2.774799224253198e-06 
 5.207948328595478e+00  2.880162111781799e-06  2.751730526635642e-06 
 5.308844442309899e+00  2.856219584404921e-06  2.728855639420747e-06 
 5.411695265464652e+00  2.832478188456436e-06  2.706172914823759e-06 
 5.516538667595595e+00  2.808936214118265e-06  2.683680719270435e-06 
 5.623413251903506e+00  2.785591966315936e-06  2.661377433272644e-06 
 5.732358369467730e+00  2.762443764589011e-06  2.639261451304824e-06 
 5.843414133735193e+00  2.739489942964069e-06  2.617331181682157e-06 
 5.956621435290122e+00  2.716728849827012e-06  2.595585046439113e-06 
 6.072021956909904e+00  2.694158847797529e-06  2.574021481208956e-06 
 6.189658188912625e+00  2.671778313605331e-06  2.552638935106076e-06 
 6.309573444801952e+00  2.649585637965743e-06  2.531435870606455e-06 
 6.431811877215107e+00  2.627579225458555e-06  2.510410763432833e-06 
 6.556418494179809e+00  2.605757494405287e-06  2.489562102436356e-06 
 6.683439175686167e+00  2.584118876750188e-06  2.468888389483874e-06 
 6.812920690579634e+00  2.562661817941085e-06  2.448388139343437e-06 
 6.944910713781234e+00  2.541384776810638e-06  2.428059879570995e-06 
 7.079457843841402e+00  2.520286225460061e-06  2.407902150399568e-06 
 7.216611620833906e+00  2.499364649142652e-06  2.387913504627555e-06 
 7.356422544596438e+00  2.478618546149869e-06  2.368092507510770e-06 
 7.498942093324583e+00  2.458046427695297e-06  2.348437736650000e-06 
 7.644222742526028e+00  2.437646817804460e-06  2.328947781887206e-06 
 7.792317984341968e+00  2.417418253201499e-06  2.309621245196645e-06 
 7.943282347242842e+00  2.397359283197758e-06  2.290456740578616e-06 
 8.097171416105647e+00  2.377468469583238e-06  2.271452893955282e-06 
 8.254041852680212e+00  2.357744386516793e-06  2.252608343066316e-06 
 8.413951416451980e+00  2.338185620418045e-06  2.233921737365534e-06 
 8.576958985908970e+00  2.318790769861304e-06  2.215391737919275e-06 
 8.743124580220766e+00  2.299558445468494e-06  2.197017017304367e-06 
 8.912509381337486e+00  2.280487269804874e-06  2.178796259508121e-06 
 9.085175756516900e+00  2.261575877273715e-06  2.160728159828652e-06 
 9.261187281287969e+00  2.242822914014758e-06  2.142811424776229e-06 
 9.440608762859268e+00  2.224227037800345e-06  2.125044771975999e-06 
 9.623506263980921e+00  2.205786917934221e-06  2.107426930069578e-06 
 9.809947127268810e+00  2.187501235151961e-06  2.089956638620887e-06 
 1.000000000000004e+01  2.169368681520582e-06  2.072632648020132e-06 
 1.019373485938877e+01  2.151387960339469e-06  2.055453719388793e-06 
 1.039122303835173e+01  2.133557786043090e-06  2.038418624487063e-06 
 1.059253725177293e+01  2.115876884104022e-06  2.021526145621022e-06 
 1.079775162327714e+01  2.098343990936286e-06  2.004775075550176e-06 
 1.100694171252214e+01  2.080957853800306e-06  1.988164217396857e-06 
 1.122018454301968e+01  2.063717230708553e-06  1.971692384556055e-06 
 1.143755863049543e+01  2.046620890331622e-06  1.955358400605501e-06 
 1.165914401179836e+01  2.029667611906117e-06  1.939161099217818e-06 
 1.188502227437023e+01  2.012856185141304e-06  1.923099324071254e-06 
 1.211527658628593e+01  1.996185410129475e-06  1.907171928764286e-06 
 1.234999172687590e+01  1.979654097254946e-06  1.891377776728173e-06 
 1.258925411794172e+01  1.963261067103941e-06  1.875715741141363e-06 
 1.283315185557657e+01  1.947005150376914e-06  1.860184704845414e-06 
 1.308177474260200e+01  1.930885187799814e-06  1.844783560260583e-06 
 1.333521432163330e+01  1.914900030036744e-06  1.829511209301671e-06 
 1.359356390878532e+01  1.899048537604273e-06  1.814366563297002e-06 
 1.385691862803134e+01  1.883329580785475e-06  1.799348542905747e-06 
 1.412537544622761e+01  1.867742039544317e-06  1.784456078036188e-06 
 1.439903320881639e+01  1.852284803442729e-06  1.769688107766636e-06 
 1.467799267622076e+01  1.836956771555970e-06  1.755043580264787e-06 
 1.496235656094440e+01  1.821756852390754e-06  1.740521452708803e-06 
 1.525222956539026e+01  1.806683963803363e-06  1.726120691209737e-06 
 1.554771842041181e+01  1.791737032917380e-06  1.711840270732742e-06 
 1.584893192461121e+01  1.776914996044832e-06  1.697679175021432e-06 
 1.615598098439882e+01  1.762216798604437e-06  1.683636396520283e-06 
 1.646897865482876e+01  1.747641395044707e-06  1.669710936300835e-06 
 1.678804018122569e+01  1.733187748763354e-06  1.655901803984731e-06 
 1.711328304161789e+01  1.718854832031184e-06  1.642208017671090e-06 
 1.744482698999263e+01  1.704641625914417e-06  1.628628603862100e-06 
 1.778279410038932e+01  1.690547120198396e-06  1.615162597390545e-06 
 1.812730881184708e+01  1.676570313312098e-06  1.601809041347125e-06 
 1.847849797422300e+01  1.662710212252810e-06  1.588566987008977e-06 
 1.883649089489810e+01  1.648965832512304e-06  1.575435493768832e-06 
 1.920141938638811e+01  1.635336198002594e-06  1.562413629064177e-06 
 1.957341781487670e+01  1.621820340983175e-06  1.549500468307858e-06 
 1.995262314968890e+01  1.608417301988780e-06  1.536695094818828e-06 
 2.033917501372302e+01  1.595126129757452e-06  1.523996599753564e-06 
 2.073321573485966e+01  1.581945881159362e-06  1.511404082038133e-06 
 2.113489039836658e+01  1.568875621126364e-06  1.498916648300873e-06 
 2.154434690031895e+01  1.555914422582470e-06  1.486533412805601e-06 
 2.196173600205448e+01  1.543061366373924e-06  1.474253497385328e-06 
 2.238721138568352e+01  1.530315541201371e-06  1.462076031377131e-06 
 2.282092971067463e+01  1.517676043550933e-06  1.450000151556564e-06 
 2.326305067153639e+01  1.505141977627606e-06  1.438025002073516e-06 
 2.371373705661668e+01  1.492712455287786e-06  1.426149734388510e-06 
 2.417315480804117e+01  1.480386595973398e-06  1.414373507208983e-06 
 2.464147308281295e+01  1.468163526645949e-06  1.402695486426885e-06 
 2.511886431509594e+01  1.456042381721831e-06  1.391114845056475e-06 
 2.560550427970491e+01  1.444022303007382e-06  1.379630763172566e-06 
 2.610157215682552e+01  1.432102439634974e-06  1.368242427849093e-06 
 2.660725059798825e+01  1.420281948000053e-06  1.356949033099408e-06 
 2.712272579332044e+01  1.408559991697633e-06  1.345749779815358e-06 
 2.764818754010124e+01  1.396935741460678e-06  1.334643875708448e-06 
 2.818382931264470e+01  1.385408375097756e-06  1.323630535250081e-06 
 2.872984833353682e+01  1.373977077432566e-06  1.312708979614256e-06 
 2.928644564625254e+01  1.362641040242419e-06  1.301878436618411e-06 
 2.985382618917978e+01  1.351399462199182e-06  1.291138140666922e-06 
 3.043219887107740e+01  1.340251548808497e-06  1.280487332693413e-06 
 3.102177664799520e+01  1.329196512351435e-06  1.269925260104892e-06 
 3.162277660168399e+01  1.318233571826116e-06  1.259451176725482e-06 
 3.223542001952483e+01  1.307361952889059e-06  1.249064342741372e-06 
 3.285993247600675e+01  1.296580887798182e-06  1.238764024645228e-06 
 3.349654391578298e+01  1.285889615355369e-06  1.228549495182224e-06 
 3.414548873833623e+01  1.275287380850441e-06  1.218420033296035e-06 
 3.480700588428433e+01  1.264773436004532e-06  1.208374924074928e-06 
 3.548133892335778e+01  1.254347038915086e-06  1.198413458699076e-06 
 3.616873614408183e+01  1.244007454000795e-06  1.188534934388036e-06 
 3.686945064519600e+01  1.233753951946298e-06  1.178738654348081e-06 
 3.758374042884466e+01  1.223585809649236e-06  1.169023927721089e-06 
 3.831186849557313e+01  1.213502310165859e-06  1.159390069533101e-06 
 3.905410294116406e+01  1.203502742657876e-06  1.149836400643548e-06 
 3.981071705534999e+01  1.193586402340557e-06  1.140362247695179e-06 
 4.058198942243826e+01  1.183752590429493e-06  1.130966943063686e-06 
 4.136820402388535e+01  1.174000614089445e-06  1.121649824808589e-06 
 4.216965034285851e+01  1.164329786383112e-06  1.112410236624398e-06 
 4.298662347082306e+01  1.154739426220154e-06  1.103247527791684e-06 
 4.381942421619467e+01  1.145228858306439e-06  1.094161053129031e-06 
 4.466835921509661e+01  1.135797413094629e-06  1.085150172945330e-06 
 4.553374104426280e+01  1.126444426734494e-06  1.076214252992688e-06 
 4.641588833612811e+01  1.117169241023618e-06  1.067352664418956e-06 
 4.731512589614837e+01  1.107971203359071e-06  1.058564783722136e-06 
 4.823178482239340e+01  1.098849666688805e-06  1.049849992703312e-06 
 4.916620262745678e+01  1.089803989464199e-06  1.041207678421634e-06 
 5.011872336272758e+01  1.080833535592490e-06  1.032637233148870e-06 
 5.108969774506964e+01  1.071937674389766e-06  1.024138054324470e-06 
 5.207948328595500e+01  1.063115780534602e-06  1.015709544511161e-06 
 5.308844442309921e+01  1.054367234021569e-06  1.007351111350657e-06 
 5.411695265464675e+01  1.045691420115964e-06  9.990621675204909e-07 
 5.516538667595619e+01  1.037087729308016e-06  9.908421306898825e-07 
 5.623413251903531e+01  1.028555557268093e-06  9.826904234774244e-07 
 5.732358369467754e+01  1.020094304802128e-06  9.746064734080889e-07 
 5.843414133735218e+01  1.011703377807713e-06  9.665897128717603e-07 
 5.956621435290148e+01  1.003382187229833e-06  9.586395790801697e-07 
 6.072021956909929e+01  9.951301490177547e-07  9.507555140266776e-07 
 6.189658188912651e+01  9.869466840821346e-07  9.429369644444276e-07 
 6.309573444801979e+01  9.788312182519989e-07  9.351833817658690e-07 
 6.431811877215135e+01  9.707831822327836e-07  9.274942220822298e-07 
 6.556418494179837e+01  9.628020115644637e-07  9.198689461038052e-07 
 6.683439175686196e+01  9.548871465795519e-07  9.123070191196558e-07 
 6.812920690579664e+01  9.470380323625998e-07  9.048079109590257e-07 
 6.944910713781265e+01  9.392541187088553e-07  8.973710959517404e-07 
 7.079457843841433e+01  9.315348600840923e-07  8.899960528899891e-07 
 7.216611620833937e+01  9.238797155843762e-07  8.826822649896746e-07 
 7.356422544596469e+01  9.162881488963091e-07  8.754292198525571e-07 
 7.498942093324617e+01  9.087596282578175e-07  8.682364094287977e-07 
 7.644222742526063e+01  9.012936264187730e-07  8.611033299793385e-07 
 7.792317984342003e+01  8.938896206025903e-07  8.540294820390856e-07 
 7.943282347242878e+01  8.865470924675996e-07  8.470143703801180e-07 
 8.097171416105684e+01  8.792655280691478e-07  8.400575039756225e-07 
 8.254041852680250e+01  8.720444178218787e-07  8.331583959635050e-07 
 8.413951416452018e+01  8.648832564622124e-07  8.263165636106943e-07 
 8.576958985909010e+01  8.577815430114287e-07  8.195315282781503e-07 
 8.743124580220807e+01  8.507387807389303e-07  8.128028153853362e-07 
 8.912509381337527e+01  8.437544771257679e-07  8.061299543756124e-07 
 9.085175756516942e+01  8.368281438285272e-07  7.995124786815911e-07 
 9.261187281288011e+01  8.299592966435893e-07  7.929499256912860e-07 
 9.440608762859311e+01  8.231474554717143e-07  7.864418367138733e-07 
 9.623506263980966e+01  8.163921442827095e-07  7.799877569462193e-07 
 9.809947127268855e+01  8.096928910808836e-07  7.735872354397104e-07 
 1.000000000000008e+02  8.030492278700035e-07  7.672398250669722e-07 
 1.019373485938881e+02  7.964606906196730e-07  7.609450824895389e-07 
 1.039122303835178e+02  7.899268192306864e-07  7.547025681248603e-07 
 1.059253725177298e+02  7.834471575021801e-07  7.485118461148637e-07 
 1.079775162327719e+02  7.770212530973483e-07  7.423724842932235e-07 
 1.100694171252219e+02  7.706486575112535e-07  7.362840541547431e-07 
 1.122018454301973e+02  7.643289260374070e-07  7.302461308231216e-07 
 1.143755863049548e+02  7.580616177356429e-07  7.242582930204770e-07 
 1.165914401179842e+02  7.518462953996212e-07  7.183201230363437e-07 
 1.188502227437029e+02  7.456825255253014e-07  7.124312066974034e-07 
 1.211527658628599e+02  7.395698782787498e-07  7.065911333367424e-07 
 1.234999172687595e+02  7.335079274651695e-07  7.007994957643645e-07 
 1.258925411794178e+02  7.274962504976633e-07  6.950558902373161e-07 
 1.283315185557662e+02  7.215344283664119e-07  6.893599164301566e-07 
 1.308177474260206e+02  7.156220456080618e-07  6.837111774057602e-07 
 1.333521432163336e+02  7.097586902754123e-07  6.781092795864416e-07 
 1.359356390878538e+02  7.039439539075732e-07  6.725538327252701e-07 
 1.385691862803140e+02  6.981774314998742e-07  6.670444498775287e-07 
 1.412537544622767e+02  6.924587214745783e-07  6.615807473724461e-07 
 1.439903320881646e+02  6.867874256515653e-07  6.561623447855491e-07 
 1.467799267622083e+02  6.811631492192442e-07  6.507888649105727e-07 
 1.496235656094447e+02  6.755855007059757e-07  6.454599337323030e-07 
 1.525222956539033e+02  6.700540919513664e-07  6.401751803991397e-07 
 1.554771842041188e+02  6.645685380781734e-07  6.349342371961524e-07 
 1.584893192461128e+02  6.591284574641444e-07  6.297367395183666e-07 
 1.615598098439889e+02  6.537334717143880e-07  6.245823258441747e-07 
 1.646897865482883e+02  6.483832056338000e-07  6.194706377090744e-07 
 1.678804018122576e+02  6.430772871997311e-07  6.144013196796307e-07 
 1.711328304161796e+02  6.378153475349220e-07  6.093740193274316e-07 
 1.744482698999270e+02  6.325970208809749e-07  6.043883872039122e-07 
 1.778279410038939e+02  6.274219445712116e-07  5.994440768143662e-07 
 1.812730881184716e+02  6.222897590048459e-07  5.945407445932560e-07 
 1.847849797422308e+02  6.172001076206297e-07  5.896780498790347e-07 
 1.883649089489818e+02  6.121526368709598e-07  5.848556548893899e-07 
 1.920141938638820e+02  6.071469961962770e-07  5.800732246968918e-07 
 1.957341781487679e+02  6.021828379994927e-07  5.753304272044316e-07 
 1.995262314968899e+02  5.972598176209954e-07  5.706269331213366e-07 
 2.033917501372311e+02  5.923775933133622e-07  5.659624159393424e-07 
 2.073321573485975e+02  5.875358262167440e-07  5.613365519089965e-07 
 2.113489039836667e+02  5.827341803342000e-07  5.567490200160265e-07 
 2.154434690031904e+02  5.779723225074822e-07  5.521995019583194e-07 
 2.196173600205457e+02  5.732499223926602e-07  5.476876821226492e-07 
 2.238721138568361e+02  5.685666524364011e-07  5.432132475617478e-07 
 2.282092971067473e+02  5.639221878520652e-07  5.387758879718296e-07 
 2.326305067153649e+02  5.593162065962488e-07  5.343752956700762e-07 
 2.371373705661678e+02  5.547483893455237e-07  5.300111655721632e-07 
 2.417315480804128e+02  5.502184194730881e-07  5.256831951703090e-07 
 2.464147308281306e+02  5.457259830261792e-07  5.213910845114644e-07 
 2.511886431509605e+02  5.412707687030527e-07  5.171345361753290e-07 
 2.560550427970502e+02  5.368524678306535e-07  5.129132552532046e-07 
 2.610157215682563e+02  5.324707743421143e-07  5.087269493262805e-07 
 2.660725059798837e+02  5.281253847547784e-07  5.045753284447047e-07 
 2.712272579332056e+02  5.238159981480803e-07  5.004581051065467e-07 
 2.764818754010136e+02  5.195423161420596e-07  4.963749942371564e-07 
 2.818382931264483e+02  5.153040428754988e-07  4.923257131682619e-07 
 2.872984833353694e+02  5.111008849846636e-07  4.883099816177222e-07 
 2.928644564625267e+02  5.069325515821450e-07  4.843275216694210e-07 
 2.985382618917990e+02  5.027987542357714e-07  4.803780577527810e-07 
 3.043219887107753e+02  4.986992069478559e-07  4.764613166233490e-07 
 3.102177664799533e+02  4.946336261345275e-07  4.725770273427543e-07 
 3.162277660168412e+02  4.906017306050738e-07  4.687249212590692e-07 
 3.223542001952496e+02  4.866032415420147e-07  4.649047319877983e-07 
 3.285993247600689e+02  4.826378824806726e-07  4.611161953923433e-07 
 3.349654391578312e+02  4.787053792892793e-07  4.573590495649474e-07 
 3.414548873833638e+02  4.748054601493661e-07  4.536330348080082e-07 
 3.480700588428447e+02  4.709378555359550e-07  4.499378936152095e-07 
 3.548133892335792e+02  4.671022981982174e-07  4.462733706528416e-07 
 3.616873614408197e+02  4.632985231402681e-07  4.426392127417112e-07 
 3.686945064519614e+02  4.595262676019535e-07  4.390351688386221e-07 
 3.758374042884482e+02  4.557852710399831e-07  4.354609900183482e-07 
 3.831186849557329e+02  4.520752751091289e-07  4.319164294557961e-07 
 3.905410294116422e+02  4.483960236436723e-07  4.284012424081014e-07 
 3.981071705535015e+02  4.447472626388813e-07  4.249151861970746e-07 
 4.058198942243842e+02  4.411287402327802e-07  4.214580201917357e-07 
 4.136820402388552e+02  4.375402066879594e-07  4.180295057908914e-07 
 4.216965034285868e+02  4.339814143736747e-07  4.146294064061542e-07 
 4.298662347082324e+02  4.304521177480199e-07  4.112574874447069e-07 
 4.381942421619485e+02  4.269520733401474e-07  4.079135162925804e-07 
 4.466835921509680e+02  4.234810397329183e-07  4.045972622978493e-07 
 4.553374104426299e+02  4.200387775454402e-07  4.013084967540246e-07 
 4.641588833612830e+02  4.166250494158605e-07  3.980469928836857e-07 
 4.731512589614857e+02  4.132396199843295e-07  3.948125258220648e-07 
 4.823178482239360e+02  4.098822558761461e-07  3.916048726011121e-07 
 4.916620262745698e+02  4.065527256847802e-07  3.884238121331346e-07 
 5.011872336272779e+02  4.032507999554650e-07  3.852691251951440e-07 
 5.108969774506985e+02  3.999762511686819e-07  3.821405944131165e-07 
 5.207948328595522e+02  3.967288537236540e-07  3.790380042463159e-07 
 5.308844442309944e+02  3.935083839223175e-07  3.759611409717276e-07 
 5.411695265464699e+02  3.903146199532268e-07  3.729097926688730e-07 
 5.516538667595644e+02  3.871473418755614e-07  3.698837492045339e-07 
 5.623413251903556e+02  3.840063316034421e-07  3.668828022176539e-07 
 5.732358369467780e+02  3.808913728901897e-07  3.639067451044247e-07 
 5.843414133735243e+02  3.778022513128048e-07  3.609553730033489e-07 
 5.956621435290174e+02  3.747387542567684e-07  3.580284827807673e-07 
 6.072021956909956e+02  3.717006709004629e-07  3.551258730160287e-07 
 6.189658188912678e+02  3.686877922003913e-07  3.522473439872197e-07 
 6.309573444802006e+02  3.656999108760003e-07  3.493926976568536e-07 
 6.431811877215163e+02  3.627368213948204e-07  3.465617376575450e-07 
 6.556418494179866e+02  3.597983199577882e-07  3.437542692779815e-07 
 6.683439175686225e+02  3.568842044846942e-07  3.409700994490858e-07 
 6.812920690579693e+02  3.539942745995397e-07  3.382090367300032e-07 
 6.944910713781295e+02  3.511283316163425e-07  3.354708912945425e-07 
 7.079457843841464e+02  3.482861785248355e-07  3.327554749175322e-07 
 7.216611620833969e+02  3.454676199762780e-07  3.300626009611282e-07 
 7.356422544596502e+02  3.426724622696533e-07  3.273920843618479e-07 
 7.498942093324649e+02  3.399005133376338e-07  3.247437416169825e-07 
 7.644222742526096e+02  3.371515827329336e-07  3.221173907716852e-07 
 7.792317984342036e+02  3.344254816145677e-07  3.195128514057445e-07 
 7.943282347242912e+02  3.317220227344283e-07  3.169299446207835e-07 
 8.097171416105718e+02  3.290410204239130e-07  3.143684930275179e-07 
 8.254041852680285e+02  3.263822905804710e-07  3.118283207328951e-07 
 8.413951416452054e+02  3.237456506546545e-07  3.093092533276882e-07 
 8.576958985909047e+02  3.211309196368956e-07  3.068111178739012e-07 
 8.743124580220845e+02  3.185379180445925e-07  3.043337428924005e-07 
 8.912509381337566e+02  3.159664679093422e-07  3.018769583507243e-07 
 9.085175756516981e+02  3.134163927640852e-07  2.994405956508518e-07 
 9.261187281288051e+02  3.108875176306752e-07  2.970244876172184e-07 
 9.440608762859353e+02  3.083796690071678e-07  2.946284684847077e-07 
 9.623506263981008e+02  3.058926748555436e-07  2.922523738868003e-07 
 9.809947127268898e+02  3.034263645893844e-07  2.898960408438380e-07 
 1.000000000000013e+03  3.009805690616050e-07  2.875593077513445e-07 
 1.019373485938886e+03  2.985551205525449e-07  2.852420143686462e-07 
 1.039122303835182e+03  2.961498527577550e-07  2.829440018070924e-07 
 1.059253725177302e+03  2.937646007762891e-07  2.806651125190149e-07 
 1.079775162327723e+03  2.913992010988430e-07  2.784051902863231e-07 
 1.100694171252224e+03  2.890534915960880e-07  2.761640802093738e-07 
 1.122018454301978e+03  2.867273115070734e-07  2.739416286958410e-07 
 1.143755863049553e+03  2.844205014277718e-07  2.717376834498442e-07 
 1.165914401179847e+03  2.821329032996831e-07  2.695520934610860e-07 
 1.188502227437034e+03  2.798643603984968e-07  2.673847089938380e-07 
 1.211527658628604e+03  2.776147173229889e-07  2.652353815765926e-07 
 1.234999172687601e+03  2.753838199838432e-07  2.631039639911782e-07 
 1.258925411794184e+03  2.731715155926932e-07  2.609903102623759e-07 
 1.283315185557668e+03  2.709776526511734e-07  2.588942756474419e-07 
 1.308177474260211e+03  2.688020809401334e-07  2.568157166258172e-07 
 1.333521432163342e+03  2.666446515088766e-07  2.547544908888470e-07 
 1.359356390878544e+03  2.645052166645521e-07  2.527104573296176e-07 
 1.385691862803146e+03  2.623836299616084e-07  2.506834760328656e-07 
 1.412537544622773e+03  2.602797461913093e-07  2.486734082650432e-07 
 1.439903320881652e+03  2.581934213713777e-07  2.466801164643810e-07 
 1.467799267622089e+03  2.561245127357471e-07  2.447034642310334e-07 
 1.496235656094454e+03  2.540728787242958e-07  2.427433163173440e-07 
 1.525222956539040e+03  2.520383789727825e-07  2.407995386182719e-07 
 1.554771842041195e+03  2.500208743028397e-07  2.388719981616700e-07 
 1.584893192461135e+03  2.480202267119573e-07  2.369605630989180e-07 
 1.615598098439896e+03  2.460362993637373e-07  2.350651026954266e-07 
 1.646897865482891e+03  2.440689565780309e-07  2.331854873213475e-07 
 1.678804018122584e+03  2.421180638212702e-07  2.313215884422686e-07 
 1.711328304161804e+03  2.401834876968581e-07  2.294732786100719e-07 
 1.744482698999278e+03  2.382650959356898e-07  2.276404314538463e-07 
 1.778279410038948e+03  2.363627573865820e-07  2.258229216707188e-07 
 1.812730881184724e+03  2.344763420070380e-07  2.240206250171320e-07 
 1.847849797422317e+03  2.326057208538566e-07  2.222334182997565e-07 
 1.883649089489827e+03  2.307507660739704e-07  2.204611793668066e-07 
 1.920141938638829e+03  2.289113508952744e-07  2.187037870992746e-07 
 1.957341781487688e+03  2.270873496175864e-07  2.169611214022455e-07 
 1.995262314968908e+03  2.252786376036607e-07  2.152330631963690e-07 
 2.033917501372321e+03  2.234850912702491e-07  2.135194944092981e-07 
 2.073321573485985e+03  2.217065880792867e-07  2.118202979672306e-07 
 2.113489039836677e+03  2.199430065291193e-07  2.101353577866205e-07 
 2.154434690031915e+03  2.181942261457968e-07  2.084645587657576e-07 
 2.196173600205468e+03  2.164601274745057e-07  2.068077867766341e-07 
 2.238721138568372e+03  2.147405920709344e-07  2.051649286566900e-07 
 2.282092971067484e+03  2.130355024928699e-07  2.035358722007925e-07 
 2.326305067153660e+03  2.113447422917332e-07  2.019205061531376e-07 
 2.371373705661690e+03  2.096681960042849e-07  2.003187201993119e-07 
 2.417315480804139e+03  2.080057491443002e-07  1.987304049583611e-07 
 2.464147308281318e+03  2.063572881944655e-07  1.971554519750301e-07 
 2.511886431509617e+03  2.047227005981119e-07  1.955937537119070e-07 
 2.560550427970514e+03  2.031018747512000e-07  1.940452035416978e-07 
 2.610157215682575e+03  2.014946999943669e-07  1.925096957396837e-07 
 2.660725059798849e+03  1.999010666049341e-07  1.909871254760792e-07 
 2.712272579332068e+03  1.983208657889976e-07  1.894773888084057e-07 
 2.764818754010148e+03  1.967539896737138e-07  1.879803826742649e-07 
 2.818382931264496e+03  1.952003312994673e-07  1.864960048836935e-07 
 2.872984833353707e+03  1.936597846122414e-07  1.850241541119685e-07 
 2.928644564625281e+03  1.921322444559409e-07  1.835647298922891e-07 
 2.985382618918004e+03  1.906176065648923e-07  1.821176326085429e-07 
 3.043219887107768e+03  1.891157675562943e-07  1.806827634881243e-07 
 3.102177664799548e+03  1.876266249228348e-07  1.792600245948966e-07 
 3.162277660168427e+03  1.861500770251873e-07  1.778493188220200e-07 
 3.223542001952512e+03  1.846860230848784e-07  1.764505498850862e-07 
 3.285993247600705e+03  1.832343631768514e-07  1.750636223151148e-07 
 3.349654391578328e+03  1.817949982223695e-07  1.736884414516490e-07 
 3.414548873833654e+03  1.803678299817933e-07  1.723249134359746e-07 
 3.480700588428464e+03  1.789527610475821e-07  1.709729452043135e-07 
 3.548133892335809e+03  1.775496948371309e-07  1.696324444811244e-07 
 3.616873614408215e+03  1.761585355859054e-07  1.683033197724097e-07 
 3.686945064519632e+03  1.747791883404736e-07  1.669854803591359e-07 
 3.758374042884499e+03  1.734115589516189e-07  1.656788362906028e-07 
 3.831186849557347e+03  1.720555540675535e-07  1.643832983780307e-07 
 3.905410294116440e+03  1.707110811271299e-07  1.630987781879908e-07 
 3.981071705535034e+03  1.693780483531366e-07  1.618251880360962e-07 
 4.058198942243861e+03  1.680563647456582e-07  1.605624409805345e-07 
 4.136820402388571e+03  1.667459400754423e-07  1.593104508158493e-07 
 4.216965034285888e+03  1.654466848773386e-07  1.580691320666150e-07 
 4.298662347082343e+03  1.641585104438462e-07  1.568383999812748e-07 
 4.381942421619505e+03  1.628813288185835e-07  1.556181705258923e-07 
 4.466835921509701e+03  1.616150527899187e-07  1.544083603781191e-07 
 4.553374104426321e+03  1.603595958846346e-07  1.532088869210791e-07 
 4.641588833612851e+03  1.591148723615571e-07  1.520196682372933e-07 
 4.731512589614878e+03  1.578807972053757e-07  1.508406231028166e-07 
 4.823178482239382e+03  1.566572861203205e-07  1.496716709811617e-07 
 4.916620262745721e+03  1.554442555241057e-07  1.485127320175432e-07 
 5.011872336272801e+03  1.542416225417209e-07  1.473637270328813e-07 
 5.108969774507008e+03  1.530493049994438e-07  1.462245775181440e-07 
 5.207948328595546e+03  1.518672214186924e-07  1.450952056284831e-07 
 5.308844442309967e+03  1.506952910101408e-07  1.439755341775554e-07 
 5.411695265464722e+03  1.495334336677326e-07  1.428654866318268e-07 
 5.516538667595667e+03  1.483815699627679e-07  1.417649871049587e-07 
 5.623413251903579e+03  1.472396211380896e-07  1.406739603522188e-07 
 5.732358369467805e+03  1.461075091022476e-07  1.395923317648787e-07 
 5.843414133735268e+03  1.449851564236903e-07  1.385200273647575e-07 
 5.956621435290199e+03  1.438724863251389e-07  1.374569737987279e-07 
 6.072021956909982e+03  1.427694226777616e-07  1.364030983332582e-07 
 6.189658188912704e+03  1.416758899956544e-07  1.353583288490632e-07 
 6.309573444802033e+03  1.405918134301583e-07  1.343225938357315e-07 
 6.431811877215190e+03  1.395171187642818e-07  1.332958223863519e-07 
 6.556418494179894e+03  1.384517324072700e-07  1.322779441923299e-07 
 6.683439175686253e+03  1.373955813889635e-07  1.312688895380706e-07 
 6.812920690579723e+03  1.363485933545061e-07  1.302685892958051e-07 
 6.944910713781324e+03  1.353106965588142e-07  1.292769749203971e-07 
 7.079457843841494e+03  1.342818198612784e-07  1.282939784442498e-07 
 7.216611620834000e+03  1.332618927203394e-07  1.273195324721406e-07 
 7.356422544596533e+03  1.322508451883033e-07  1.263535701762094e-07 
 7.498942093324681e+03  1.312486079059766e-07  1.253960252909245e-07 
 7.644222742526128e+03  1.302551120974709e-07  1.244468321080766e-07 
 7.792317984342069e+03  1.292702895650211e-07  1.235059254717762e-07 
 7.943282347242946e+03  1.282940726838288e-07  1.225732407736524e-07 
 8.097171416105754e+03  1.273263943968866e-07  1.216487139477728e-07 
 8.254041852680322e+03  1.263671882099630e-07  1.207322814659427e-07 
 8.413951416452092e+03  1.254163881864883e-07  1.198238803327861e-07 
 8.576958985909085e+03  1.244739289425542e-07  1.189234480809691e-07 
 8.743124580220883e+03  1.235397456419063e-07  1.180309227664592e-07 
 8.912509381337606e+03  1.226137739910195e-07  1.171462429637305e-07 
 9.085175756517023e+03  1.216959502341313e-07  1.162693477611150e-07 
 9.261187281288094e+03  1.207862111483910e-07  1.154001767561137e-07 
 9.440608762859396e+03  1.198844940389483e-07  1.145386700507233e-07 
 9.623506263981051e+03  1.189907367341537e-07  1.136847682468617e-07 
 9.809947127268942e+03  1.181048775807569e-07  1.128384124417308e-07 
 1.000000000000017e+04  1.172268554391193e-07  1.119995442233341e-07 
 1.019373485938890e+04  1.163566096784708e-07  1.111681056658651e-07 
 1.039122303835187e+04  1.154940801722356e-07  1.103440393252659e-07 
 1.059253725177307e+04  1.146392072933075e-07  1.095272882347407e-07 
 1.079775162327729e+04  1.137919319094096e-07  1.087177959002936e-07 
 1.100694171252229e+04  1.129521953784767e-07  1.079155062963401e-07 
 1.122018454301983e+04  1.121199395440478e-07  1.071203638612793e-07 
 1.143755863049558e+04  1.112951067307252e-07  1.063323134931849e-07 
 1.165914401179852e+04  1.104776397395871e-07  1.055513005454204e-07 
 1.188502227437039e+04  1.096674818437241e-07  1.047772708223405e-07 
 1.211527658628610e+04  1.088645767837148e-07  1.040101705750401e-07 
 1.234999172687607e+04  1.080688687631834e-07  1.032499464970425e-07 
 1.258925411794190e+04  1.072803024443725e-07  1.024965457200994e-07 
 1.283315185557674e+04  1.064988229437220e-07  1.017499158099905e-07 
 1.308177474260217e+04  1.057243758274928e-07  1.010100047623029e-07 
 1.333521432163348e+04  1.049569071074271e-07  1.002767609983240e-07 
 1.359356390878550e+04  1.041963632363999e-07  9.955013336085608e-08 
 1.385691862803152e+04  1.034426911041369e-07  9.883007111015919e-08 
 1.412537544622780e+04  1.026958380328962e-07  9.811652391981467e-08 
 1.439903320881659e+04  1.019557517732752e-07  9.740944187270373e-08 
 1.467799267622096e+04  1.012223804999243e-07  9.670877545694898e-08 
 1.496235656094461e+04  1.004956728073720e-07  9.601447556189777e-08 
 1.525222956539047e+04  9.977557770583831e-08  9.532649347415636e-08 
 1.554771842041202e+04  9.906204461709007e-08  9.464478087359046e-08 
 1.584893192461143e+04  9.835502337029350e-08  9.396928982941456e-08 
 1.615598098439904e+04  9.765446419791659e-08  9.329997279624979e-08 
 1.646897865482899e+04  9.696031773162343e-08  9.263678261019318e-08 
 1.678804018122592e+04  9.627253499825725e-08  9.197967248501880e-08 
 1.711328304161813e+04  9.559106741575922e-08  9.132859600826304e-08 
 1.744482698999287e+04  9.491586678918325e-08  9.068350713742117e-08 
 1.778279410038956e+04  9.424688530668745e-08  9.004436019611639e-08 
 1.812730881184733e+04  9.358407553557771e-08  8.941110987034147e-08 
 1.847849797422326e+04  9.292739041836919e-08  8.878371120467194e-08 
 1.883649089489836e+04  9.227678326884211e-08  8.816211959852754e-08 
 1.920141938638838e+04  9.163220776816736e-08  8.754629080247253e-08 
 1.957341781487698e+04  9.099361796101924e-08  8.693618091447559e-08 
 1.995262314968918e+04  9.036096825171866e-08  8.633174637629099e-08 
 2.033917501372331e+04  8.973421340042728e-08  8.573294396976127e-08 
 2.073321573485995e+04  8.911330851930542e-08  8.513973081317821e-08 
 2.113489039836688e+04  8.849820906876882e-08  8.455206435772514e-08 
 2.154434690031925e+04  8.788887085367969e-08  8.396990238384314e-08 
 2.196173600205479e+04  8.728525001965102e-08  8.339320299766433e-08 
 2.238721138568383e+04  8.668730304931877e-08  8.282192462751041e-08 
 2.282092971067495e+04  8.609498675863690e-08  8.225602602032636e-08 
 2.326305067153671e+04  8.550825829323329e-08  8.169546623820847e-08 
 2.371373705661701e+04  8.492707512471252e-08  8.114020465490144e-08 
 2.417315480804151e+04  8.435139504711367e-08  8.059020095236939e-08 
 2.464147308281330e+04  8.378117617323480e-08  8.004541511736429e-08 
 2.511886431509629e+04  8.321637693110217e-08  7.950580743799330e-08 
 2.560550427970526e+04  8.265695606041384e-08  7.897133850036254e-08 
 2.610157215682588e+04  8.210287260898400e-08  7.844196918518351e-08 
 2.660725059798862e+04  8.155408592926740e-08  7.791766066444708e-08 
 2.712272579332082e+04  8.101055567485543e-08  7.739837439811837e-08 
 2.764818754010162e+04  8.047224179704464e-08  7.688407213080817e-08 
 2.818382931264510e+04  7.993910454137822e-08  7.637471588854777e-08 
 2.872984833353721e+04  7.941110444426864e-08  7.587026797550613e-08 
 2.928644564625295e+04  7.888820232957961e-08  7.537069097078537e-08 
 2.985382618918019e+04  7.837035930529379e-08  7.487594772522434e-08 
 3.043219887107782e+04  7.785753676018186e-08  7.438600135822545e-08 
 3.102177664799563e+04  7.734969636045906e-08  7.390081525455019e-08 
 3.162277660168443e+04  7.684680004655670e-08  7.342035306129530e-08 
 3.223542001952527e+04  7.634881002982606e-08  7.294457868473296e-08 
 3.285993247600720e+04  7.585568878933655e-08  7.247345628723966e-08 
 3.349654391578344e+04  7.536739906865014e-08  7.200695028425811e-08 
 3.414548873833670e+04  7.488390387265658e-08  7.154502534127494e-08 
 3.480700588428481e+04  7.440516646442077e-08  7.108764637082468e-08 
 3.548133892335826e+04  7.393115036207436e-08  7.063477852952540e-08 
 3.616873614408232e+04  7.346181933570178e-08  7.018638721512933e-08 
 3.686945064519650e+04  7.299713740429120e-08  6.974243806361402e-08 
 3.758374042884518e+04  7.253706883268915e-08  6.930289694629011e-08 
 3.831186849557365e+04  7.208157812859506e-08  6.886772996696380e-08 
 3.905410294116459e+04  7.163063003957836e-08  6.843690345908839e-08 
 3.981071705535053e+04  7.118418955017075e-08  6.801038398298802e-08 
 4.058198942243881e+04  7.074222187882174e-08  6.758813832298635e-08 
 4.136820402388591e+04  7.030469247517347e-08  6.717013348483264e-08 
 4.216965034285909e+04  6.987156701710593e-08  6.675633669287425e-08 
 4.298662347082365e+04  6.944281140790924e-08  6.634671538739181e-08 
 4.381942421619527e+04  6.901839177352680e-08  6.594123722195922e-08 
 4.466835921509723e+04  6.859827445975738e-08  6.553987006083206e-08 
 4.553374104426344e+04  6.818242602954148e-08  6.514258197634593e-08 
 4.641588833612874e+04  6.777081326025908e-08  6.474934124637069e-08 
 4.731512589614902e+04  6.736340314103384e-08  6.436011635176291e-08 
 4.823178482239406e+04  6.696016287013547e-08  6.397487597390218e-08 
 4.916620262745745e+04  6.656105985237467e-08  6.359358899221047e-08 
 5.011872336272826e+04  6.616606169652896e-08  6.321622448175229e-08 
 5.108969774507033e+04  6.577513621280659e-08  6.284275171084367e-08 
 5.207948328595571e+04  6.538825141036837e-08  6.247314013865054e-08 
 5.308844442309994e+04  6.500537549480377e-08  6.210735941290722e-08 
 5.411695265464750e+04  6.462647686578248e-08  6.174537936758564e-08 
 5.516538667595695e+04  6.425152411465308e-08  6.138717002073809e-08 
 5.623413251903608e+04  6.388048602205885e-08  6.103270157220181e-08 
 5.732358369467833e+04  6.351333155564351e-08  6.068194440143840e-08 
 5.843414133735298e+04  6.315002986771264e-08  6.033486906539172e-08 
 5.956621435290229e+04  6.279055029308342e-08  5.999144629637985e-08 
 6.072021956910013e+04  6.243486234686504e-08  5.965164700006081e-08 
 6.189658188912735e+04  6.208293572213917e-08  5.931544225330689e-08 
 6.309573444802065e+04  6.173474028807113e-08  5.898280330233692e-08 
 6.431811877215223e+04  6.139024608765979e-08  5.865370156068380e-08 
 6.556418494179926e+04  6.104942333573204e-08  5.832810860731015e-08 
 6.683439175686287e+04  6.071224241691069e-08  5.800599618471619e-08 
 6.812920690579756e+04  6.037867388366606e-08  5.768733619710407e-08 
 6.944910713781358e+04  6.004868845438792e-08  5.737210070860134e-08 
 7.079457843841528e+04  5.972225701147122e-08  5.706026194147096e-08 
 7.216611620834035e+04  5.939935059941075e-08  5.675179227441997e-08 
 7.356422544596568e+04  5.907994042312418e-08  5.644666424093058e-08 
 7.498942093324717e+04  5.876399784605870e-08  5.614485052759521e-08 
 7.644222742526165e+04  5.845149438857009e-08  5.584632397261255e-08 
 7.792317984342107e+04  5.814240172597342e-08  5.555105756394184e-08 
 7.943282347242984e+04  5.783669168726412e-08  5.525902443822137e-08 
 8.097171416105793e+04  5.753433625325674e-08  5.497019787902802e-08 
 8.254041852680361e+04  5.723530755506392e-08  5.468455131547319e-08 
 8.413951416452132e+04  5.693957787259397e-08  5.440205832087332e-08 
 8.576958985909125e+04  5.664711963305106e-08  5.412269261135213e-08 
 8.743124580220925e+04  5.635790540947835e-08  5.384642804458211e-08 
 8.912509381337647e+04  5.607190791939986e-08  5.357323861853329e-08 
 9.085175756517064e+04  5.578910002330353e-08  5.330309847008952e-08 
 9.261187281288135e+04  5.550945472351713e-08  5.303598187412292e-08 
 9.440608762859438e+04  5.523294516284361e-08  5.277186324223204e-08 
 9.623506263981095e+04  5.495954462320333e-08  5.251071712154222e-08 
 9.809947127268986e+04  5.468922652460718e-08  5.225251819391885e-08 
 1.000000000000022e+05  5.442196442384446e-08  5.199724127459007e-08 
 1.019373485938895e+05  5.415773201344523e-08  5.174486131155846e-08 
 1.039122303835192e+05  5.389650312058749e-08  5.149535338444003e-08 
 1.059253725177312e+05  5.363825170599412e-08  5.124869270360174e-08 
 1.079775162327733e+05  5.338295186296163e-08  5.100485460938275e-08 
 1.100694171252234e+05  5.313057781642131e-08  5.076381457129255e-08 
 1.122018454301988e+05  5.288110392181962e-08  5.052554818704866e-08 
 1.143755863049563e+05  5.263450466449475e-08  5.029003118215285e-08 
 1.165914401179858e+05  5.239075465866655e-08  5.005723940905254e-08 
 1.188502227437045e+05  5.214982864651008e-08  4.982714884640691e-08 
 1.211527658628615e+05  5.191170149760074e-08  4.959973559870733e-08 
 1.234999172687612e+05  5.167634820800164e-08  4.937497589548525e-08 
 1.258925411794195e+05  5.144374389946928e-08  4.915284609087780e-08 
 1.283315185557680e+05  5.121386381898717e-08  4.893332266319340e-08 
 1.308177474260223e+05  5.098668333794645e-08  4.871638221441583e-08 
 1.333521432163354e+05  5.076217795158499e-08  4.850200146971940e-08 
 1.359356390878556e+05  5.054032327831872e-08  4.829015727718074e-08 
 1.385691862803159e+05  5.032109505923820e-08  4.808082660737182e-08 
 1.412537544622786e+05  5.010446915763984e-08  4.787398655316581e-08 
 1.439903320881665e+05  4.989042155834227e-08  4.766961432928642e-08 
 1.467799267622102e+05  4.967892836739294e-08  4.746768727223508e-08 
 1.496235656094467e+05  4.946996581153591e-08  4.726818284002911e-08 
 1.525222956539053e+05  4.926351023774256e-08  4.707107861197689e-08 
 1.554771842041208e+05  4.905953811285962e-08  4.687635228857677e-08 
 1.584893192461149e+05  4.885802602327995e-08  4.668398169152867e-08 
 1.615598098439910e+05  4.865895067446637e-08  4.649394476341176e-08 
 1.646897865482905e+05  4.846228889078081e-08  4.630621956791899e-08 
 1.678804018122598e+05  4.826801761500885e-08  4.612078428961881e-08 
 1.711328304161819e+05  4.807611390813784e-08  4.593761723410742e-08 
 1.744482698999293e+05  4.788655494909718e-08  4.575669682793031e-08 
 1.778279410038963e+05  4.769931803449925e-08  4.557800161886379e-08 
 1.812730881184740e+05  4.751438057833758e-08  4.540151027580268e-08 
 1.847849797422333e+05  4.733172011183181e-08  4.522720158896408e-08 
 1.883649089489843e+05  4.715131428312180e-08  4.505505447001356e-08 
 1.920141938638845e+05  4.697314085715154e-08  4.488504795233539e-08 
 1.957341781487705e+05  4.679717771541033e-08  4.471716119112077e-08 
 1.995262314968925e+05  4.662340285581814e-08  4.455137346364213e-08 
 2.033917501372338e+05  4.645179439242455e-08  4.438766416950415e-08 
 2.073321573486003e+05  4.628233055535564e-08  4.422601283087569e-08 
 2.113489039836695e+05  4.611498969054948e-08  4.406639909282950e-08 
 2.154434690031933e+05  4.594975025965678e-08  4.390880272354857e-08 
 2.196173600205487e+05  4.578659083986649e-08  4.375320361487573e-08 
 2.238721138568391e+05  4.562549012363230e-08  4.359958178230141e-08 
 2.282092971067503e+05  4.546642691869201e-08  4.344791736569795e-08 
 2.326305067153680e+05  4.530938014774964e-08  4.329819062951156e-08 
 2.371373705661710e+05  4.515432884828768e-08  4.315038196309886e-08 
 2.417315480804160e+05  4.500125217251632e-08  4.300447188132360e-08 
 2.464147308281339e+05  4.485012938700467e-08  4.286044102477832e-08 
 2.511886431509639e+05  4.470093987266440e-08  4.271827016046301e-08 
 2.560550427970536e+05  4.455366312436869e-08  4.257794018200405e-08 
 2.610157215682598e+05  4.440827875077037e-08  4.243943211024968e-08 
 2.660725059798872e+05  4.426476647413441e-08  4.230272709375276e-08 
 2.712272579332092e+05  4.412310613000218e-08  4.216780640921121e-08 
 2.764818754010173e+05  4.398327766690948e-08  4.203465146203584e-08 
 2.818382931264520e+05  4.384526114606303e-08  4.190324378668998e-08 
 2.872984833353732e+05  4.370903674109446e-08  4.177356504745538e-08 
 2.928644564625305e+05  4.357458473766362e-08  4.164559703881764e-08 
 2.985382618918030e+05  4.344188553305028e-08  4.151932168600143e-08 
 3.043219887107793e+05  4.331091963584039e-08  4.139472104558321e-08 
 3.102177664799574e+05  4.318166766535737e-08  4.127177730592100e-08 
 3.162277660168454e+05  4.305411035129650e-08  4.115047278790108e-08 
 3.223542001952539e+05  4.292822853319966e-08  4.103078994531029e-08 
 3.285993247600733e+05  4.280400315990397e-08  4.091271136556018e-08 
 3.349654391578356e+05  4.268141528899959e-08  4.079621977020949e-08 
 3.414548873833683e+05  4.256044608610146e-08  4.068129801546316e-08 
 3.480700588428493e+05  4.244107682434396e-08  4.056792909290268e-08 
 3.548133892335839e+05  4.232328888355126e-08  4.045609612997029e-08 
 3.616873614408245e+05  4.220706374956886e-08  4.034578239068454e-08 
 3.686945064519664e+05  4.209238301340660e-08  4.023697127611493e-08 
 3.758374042884532e+05  4.197922837035998e-08  4.012964632500631e-08 
 3.831186849557380e+05  4.186758161922492e-08  4.002379121453630e-08 
 3.905410294116474e+05  4.175742466112879e-08  3.991938976065543e-08 
 3.981071705535068e+05  4.164873949875223e-08  3.981642591906557e-08 
 4.058198942243896e+05  4.154150823503954e-08  3.971488378549911e-08 
 4.136820402388607e+05  4.143571307210142e-08  3.961474759652407e-08 
 4.216965034285925e+05  4.133133631013171e-08  3.951600173020811e-08 
 4.298662347082381e+05  4.122836034589922e-08  3.941863070661121e-08 
 4.381942421619543e+05  4.112676767153408e-08  3.932261918852305e-08 
 4.466835921509740e+05  4.102654087310832e-08  3.922795198215183e-08 
 4.553374104426361e+05  4.092766262902705e-08  3.913461403759994e-08 
 4.641588833612892e+05  4.083011570852768e-08  3.904259044976180e-08 
 4.731512589614920e+05  4.073388296996896e-08  3.895186645877346e-08 
 4.823178482239424e+05  4.063894735902856e-08  3.886242745075362e-08 
 4.916620262745764e+05  4.054529190692607e-08  3.877425895850639e-08 
 5.011872336272846e+05  4.045289972849059e-08  3.868734666222727e-08 
 5.108969774507053e+05  4.036175402000640e-08  3.860167639011535e-08 
 5.207948328595592e+05  4.027183805715540e-08  3.851723411908575e-08 
 5.308844442310014e+05  4.018313519279415e-08  3.843400597555186e-08 
 5.411695265464770e+05  4.009562885454225e-08  3.835197823601851e-08 
 5.516538667595716e+05  4.000930254235630e-08  3.827113732797364e-08 
 5.623413251903630e+05  3.992413982589702e-08  3.819146983048071e-08 
 5.732358369467856e+05  3.984012434193406e-08  3.811296247502731e-08 
 5.843414133735321e+05  3.975723979143148e-08  3.803560214623515e-08 
 5.956621435290253e+05  3.967546993657996e-08  3.795937588266474e-08 
 6.072021956910037e+05  3.959479859780850e-08  3.788427087769143e-08 
 6.189658188912760e+05  3.951520965056159e-08  3.781027448018503e-08 
 6.309573444802091e+05  3.943668702174192e-08  3.773737419539585e-08 
 6.431811877215249e+05  3.935921468646541e-08  3.766555768588860e-08 
 6.556418494179953e+05  3.928277666422524e-08  3.759481277233299e-08 
 6.683439175686314e+05  3.920735701513801e-08  3.752512743444362e-08 
 6.812920690579783e+05  3.913293983587932e-08  3.745648981185877e-08 
 6.944910713781386e+05  3.905950925561357e-08  3.738888820516194e-08 
 7.079457843841556e+05  3.898704943161747e-08  3.732231107681446e-08 
 7.216611620834064e+05  3.891554454473665e-08  3.725674705214436e-08 
 7.356422544596598e+05  3.884497879474627e-08  3.719218492050958e-08 
 7.498942093324747e+05  3.877533639532719e-08  3.712861363615140e-08 
 7.644222742526196e+05  3.870660156907312e-08  3.706602231951755e-08 
 7.792317984342139e+05  3.863875854207468e-08  3.700440025831751e-08 
 7.943282347243016e+05  3.857179153845891e-08  3.694373690872141e-08 
 8.097171416105825e+05  3.850568477451320e-08  3.688402189653114e-08 
 8.254041852680393e+05  3.844042245275025e-08  3.682524501857355e-08 
 8.413951416452165e+05  3.837598875561780e-08  3.676739624388174e-08 
 8.576958985909160e+05  3.831236783897684e-08  3.671046571519824e-08 
 8.743124580220960e+05  3.824954382533759e-08  3.665444375029638e-08 
 8.912509381337684e+05  3.818750079678080e-08  3.659932084351344e-08 
 9.085175756517102e+05  3.812622278761967e-08  3.654508766728860e-08 
 9.261187281288174e+05  3.806569377674720e-08  3.649173507369593e-08 
 9.440608762859477e+05  3.800589767968386e-08  3.643925409605063e-08 
 9.623506263981134e+05  3.794681834030023e-08  3.638763595095011e-08 
 9.809947127269027e+05  3.788843952217706e-08  3.633687203962813e-08 
 1.000000000000026e+06  3.783074489970274e-08  3.628695395016618e-08 
 1.019373485938899e+06  3.777371804862934e-08  3.623787345925482e-08 
 1.039122303835196e+06  3.771734243648214e-08  3.618962253422580e-08 
 1.059253725177316e+06  3.766160141240863e-08  3.614219333535016e-08 
 1.079775162327738e+06  3.760647819664201e-08  3.609557821772787e-08 
 1.100694171252238e+06  3.755195586961019e-08  3.604976973386406e-08 
 1.122018454301993e+06  3.749801736052414e-08  3.600476063587661e-08 
 1.143755863049568e+06  3.744464543555717e-08  3.596054387802640e-08 
 1.165914401179862e+06  3.739182268553159e-08  3.591711261937492e-08 
 1.188502227437050e+06  3.733953151307890e-08  3.587446022642532e-08 
 1.211527658628620e+06  3.728775411924332e-08  3.583258027588404e-08 
 1.234999172687617e+06  3.723647248971008e-08  3.579146655767544e-08 
 1.258925411794200e+06  3.718566838030591e-08  3.575111307803082e-08 
 1.283315185557685e+06  3.713532330194698e-08  3.571151406260244e-08 
 1.308177474260229e+06  3.708541850495884e-08  3.567266395973303e-08 
 1.333521432163359e+06  3.703593496290566e-08  3.563455744407012e-08 
 1.359356390878562e+06  3.698685335553646e-08  3.559718942005643e-08 
 1.385691862803164e+06  3.693815405118583e-08  3.556055502572469e-08 
 1.412537544622792e+06  3.688981708842937e-08  3.552464963663163e-08 
 1.439903320881672e+06  3.684182215699565e-08  3.548946886990645e-08 
 1.467799267622109e+06  3.679414857781446e-08  3.545500858849439e-08 
 1.496235656094474e+06  3.674677528242183e-08  3.542126490569118e-08 
 1.525222956539060e+06  3.669968079139738e-08  3.538823418959105e-08 
 1.554771842041215e+06  3.665284319192167e-08  3.535591306798129e-08 
 1.584893192461156e+06  3.660624011451269e-08  3.532429843336333e-08 
 1.615598098439918e+06  3.655984870876217e-08  3.529338744815422e-08 
 1.646897865482913e+06  3.651364561810075e-08  3.526317755005278e-08 
 1.678804018122606e+06  3.646760695349402e-08  3.523366645778363e-08 
 1.711328304161827e+06  3.642170826622112e-08  3.520485217685596e-08 
 1.744482698999302e+06  3.637592451935919e-08  3.517673300577550e-08 
 1.778279410038971e+06  3.633023005831271e-08  3.514930754238531e-08 
 1.812730881184748e+06  3.628459858006338e-08  3.512257469042074e-08 
 1.847849797422342e+06  3.623900310122469e-08  3.509653366653985e-08 
 1.883649089489852e+06  3.619341592485431e-08  3.507118400738854e-08 
 1.920141938638854e+06  3.614780860588300e-08  3.504652557697887e-08 
 1.957341781487714e+06  3.610215191536017e-08  3.502255857466246e-08 
 1.995262314968935e+06  3.605641580312056e-08  3.499928354293951e-08 
 2.033917501372348e+06  3.601056935919679e-08  3.497670137601456e-08 
 2.073321573486012e+06  3.596458077359523e-08  3.495481332841578e-08 
 2.113489039836705e+06  3.591841729467470e-08  3.493362102405645e-08 
 2.154434690031943e+06  3.587204518600888e-08  3.491312646559584e-08 
 2.196173600205497e+06  3.582542968153629e-08  3.489333204436054e-08 
 2.238721138568402e+06  3.577853493914521e-08  3.487424055026610e-08 
 2.282092971067514e+06  3.573132399265957e-08  3.485585518244474e-08 
 2.326305067153691e+06  3.568375870216159e-08  3.483817956031860e-08 
 2.371373705661722e+06  3.563579970246092e-08  3.482121773474509e-08 
 2.417315480804171e+06  3.558740635006650e-08  3.480497419993240e-08 
 2.464147308281350e+06  3.553853666824826e-08  3.478945390561726e-08 
 2.511886431509650e+06  3.548914729052382e-08  3.477466226989441e-08 
 2.560550427970548e+06  3.543919340227971e-08  3.476060519217718e-08 
 2.610157215682610e+06  3.538862868087219e-08  3.474728906712653e-08 
 2.660725059798884e+06  3.533740523381369e-08  3.473472079854741e-08 
 2.712272579332104e+06  3.528547353559253e-08  3.472290781437584e-08 
 2.764818754010185e+06  3.523278236273998e-08  3.471185808174950e-08 
 2.818382931264533e+06  3.517927872741040e-08  3.470158012287698e-08 
 2.872984833353746e+06  3.512490780968384e-08  3.469208303141801e-08 
 2.928644564625319e+06  3.506961288840472e-08  3.468337648953077e-08 
 2.985382618918044e+06  3.501333527101277e-08  3.467547078532039e-08 
 3.043219887107808e+06  3.495601422235606e-08  3.466837683128853e-08 
 3.102177664799589e+06  3.489758689268234e-08  3.466210618300052e-08 
 3.162277660168469e+06  3.483798824515293e-08  3.465667105881790e-08 
 3.223542001952555e+06  3.477715098305461e-08  3.465208436007444e-08 
 3.285993247600748e+06  3.471500547708948e-08  3.464835969210314e-08 
 3.349654391578372e+06  3.465147969299391e-08  3.464551138581535e-08 
 3.414548873833699e+06  3.458649912009867e-08  3.464355452032818e-08 
 3.480700588428510e+06  3.451998670106773e-08  3.464250494611128e-08 
 3.548133892335856e+06  3.445186276356721e-08  3.464237930907796e-08 
 3.616873614408263e+06  3.438204495420295e-08  3.464319507536064e-08 
 3.686945064519682e+06  3.431044817567167e-08  3.464497055710526e-08 
 3.758374042884550e+06  3.423698452769536e-08  3.464772493905423e-08 
 3.831186849557398e+06  3.416156325258423e-08  3.465147830600816e-08 
 3.905410294116493e+06  3.408409068634193e-08  3.465625167120964e-08 
 3.981071705535088e+06  3.400447021641517e-08  3.466206700558771e-08 
 4.058198942243916e+06  3.392260224706103e-08  3.466894726826948e-08 
 4.136820402388627e+06  3.383838417362629e-08  3.467691643767498e-08 
 4.216965034285945e+06  3.375171036696782e-08  3.468599954379235e-08 
 4.298662347082402e+06  3.366247216961901e-08  3.469622270172716e-08 
 4.381942421619564e+06  3.357055790499913e-08  3.470761314588965e-08 
 4.466835921509761e+06  3.347585290157399e-08  3.472019926561440e-08 
 4.553374104426382e+06  3.337823953350927e-08  3.473401064163968e-08 
 4.641588833612914e+06  3.327759727989348e-08  3.474907808393688e-08 
 4.731512589614943e+06  3.317380280443181e-08  3.476543367057295e-08 
 4.823178482239448e+06  3.306673005775561e-08  3.478311078776925e-08 
 4.916620262745787e+06  3.295625040446973e-08  3.480214417125461e-08 
 5.011872336272870e+06  3.284223277738769e-08  3.482256994870215e-08 
 5.108969774507078e+06  3.272454386108800e-08  3.484442568358615e-08 
 5.207948328595617e+06  3.260304830739602e-08  3.486775042019173e-08 
 5.308844442310040e+06  3.247760898507429e-08  3.489258472999894e-08 
 5.411695265464797e+06  3.234808726617409e-08  3.491897075942314e-08 
 5.516538667595743e+06  3.221434335150682e-08  3.494695227868486e-08 
 5.623413251903657e+06  3.207623663737613e-08  3.497657473246072e-08 
 5.732358369467883e+06  3.193362612584120e-08  3.500788529143113e-08 
 5.843414133735349e+06  3.178637088052595e-08  3.504093290569489e-08 
 5.956621435290282e+06  3.163433052959949e-08  3.507576835918298e-08 
 6.072021956910066e+06  3.147736581742742e-08  3.511244432590331e-08 
 6.189658188912790e+06  3.131533920604611e-08  3.515101542731506e-08 
 6.309573444802121e+06  3.114811552690802e-08  3.519153829150409e-08 
 6.431811877215280e+06  3.097556268310999e-08  3.523407161351287e-08 
 6.556418494179985e+06  3.079755240153386e-08  3.527867621739629e-08 
 6.683439175686347e+06  3.061396103370506e-08  3.532541511970797e-08 
 6.812920690579819e+06  3.042467040332254e-08  3.537435359456109e-08 
 6.944910713781422e+06  3.022956869768239e-08  3.542555924015364e-08 
 7.079457843841594e+06  3.002855139912866e-08  3.547910204691811e-08 
 7.216611620834101e+06  2.982152225185675e-08  3.553505446701895e-08 
 7.356422544596637e+06  2.960839425810233e-08  3.559349148570029e-08 
 7.498942093324786e+06  2.938909069697552e-08  3.565449069397189e-08 
 7.644222742526235e+06  2.916354615768535e-08  3.571813236290605e-08 
 7.792317984342178e+06  2.893170757833916e-08  3.578449951942397e-08 
 7.943282347243057e+06  2.869353527975729e-08  3.585367802373564e-08 
 8.097171416105866e+06  2.844900398332464e-08  3.592575664826609e-08 
 8.254041852680436e+06  2.819810380066314e-08  3.600082715810816e-08 
 8.413951416452209e+06  2.794084118219478e-08  3.607898439312121e-08 
 8.576958985909205e+06  2.767723981079785e-08  3.616032635120418e-08 
 8.743124580221005e+06  2.740734142690374e-08  3.624495427365730e-08 
 8.912509381337730e+06  2.713120657028151e-08  3.633297273143831e-08 
 9.085175756517148e+06  2.684891522464801e-08  3.642448971340312e-08 
 9.261187281288220e+06  2.656056735094130e-08  3.651961671567951e-08 
 9.440608762859525e+06  2.626628329608054e-08  3.661846883261506e-08 
 9.623506263981184e+06  2.596620406467794e-08  3.672116484928510e-08 
 9.809947127269078e+06  2.566049144283760e-08  3.682782733530076e-08 
 1.000000000000031e+07  2.534932796420889e-08  3.693858274003076e-08 
 1.019373485938904e+07  2.503291671098993e-08  3.705356148937972e-08 
 1.039122303835201e+07  2.471148094407277e-08  3.717289808370344e-08 
 1.059253725177322e+07  2.438526355946505e-08  3.729673119732404e-08 
 1.079775162327743e+07  2.405452637019722e-08  3.742520377946666e-08 
 1.100694171252244e+07  2.371954921659670e-08  3.755846315613598e-08 
 1.122018454301998e+07  2.338062890894555e-08  3.769666113394211e-08 
 1.143755863049574e+07  2.303807801126290e-08  3.783995410475050e-08 
 1.165914401179868e+07  2.269222347616583e-08  3.798850315198565e-08 
 1.188502227437056e+07  2.234340514424156e-08  3.814247415820653e-08 
 1.211527658628627e+07  2.199197412312283e-08  3.830203791392192e-08 
 1.234999172687624e+07  2.163829106418108e-08  3.846737022777506e-08 
 1.258925411794207e+07  2.128272435555910e-08  3.863865203847754e-08 
 1.283315185557692e+07  2.092564825299299e-08  3.881606952742827e-08 
 1.308177474260235e+07  2.056744096903853e-08  3.899981423335220e-08 
 1.333521432163366e+07  2.020848274361824e-08  3.919008316804294e-08 
 1.359356390878569e+07  1.984915391730715e-08  3.938707893362211e-08 
 1.385691862803171e+07  1.948983302950053e-08  3.959100984145006e-08 
 1.412537544622799e+07  1.913089496203350e-08  3.980209003235452e-08 
 1.439903320881679e+07  1.877270914792953e-08  4.002053959846853e-08 
 1.467799267622116e+07  1.841563786339040e-08  4.024658470692479e-08 
 1.496235656094481e+07  1.806003461918269e-08  4.048045772490308e-08 
 1.525222956539068e+07  1.770624266539764e-08  4.072239734665509e-08 
 1.554771842041223e+07  1.735459362159955e-08  4.097264872222903e-08 
 1.584893192461164e+07  1.700540624164037e-08  4.123146358810312e-08 
 1.615598098439926e+07  1.665898532020097e-08  4.149910039974353e-08 
 1.646897865482921e+07  1.631562074581292e-08  4.177582446608175e-08 
 1.678804018122614e+07  1.597558670240782e-08  4.206190808601254e-08 
 1.711328304161836e+07  1.563914101962003e-08  4.235763068728483e-08 
 1.744482698999310e+07  1.530652466995960e-08  4.266327896720504e-08 
 1.778279410038980e+07  1.497796140880733e-08  4.297914703569489e-08 
 1.812730881184757e+07  1.465365755187663e-08  4.330553656078385e-08 
 1.847849797422351e+07  1.433380188332402e-08  4.364275691598472e-08 
 1.883649089489862e+07  1.401856568631485e-08  4.399112533048529e-08 
 1.920141938638864e+07  1.370810288719974e-08  4.435096704130846e-08 
 1.957341781487724e+07  1.340255030360945e-08  4.472261544784318e-08 
 1.995262314968945e+07  1.310202798632937e-08  4.510641226875745e-08 
 2.033917501372358e+07  1.280663964456398e-08  4.550270770115105e-08 
 2.073321573486023e+07  1.251647314428318e-08  4.591186058154448e-08 
 2.113489039836716e+07  1.223160106906073e-08  4.633423854962857e-08 
 2.154434690031954e+07  1.195208133366337e-08  4.677021821319645e-08 
 2.196173600205508e+07  1.167795784042255e-08  4.722018531546223e-08 
 2.238721138568413e+07  1.140926116930287e-08  4.768453490342585e-08 
 2.282092971067526e+07  1.114600929294952e-08  4.816367149832366e-08 
 2.326305067153703e+07  1.088820830878517e-08  4.865800926654249e-08 
 2.371373705661734e+07  1.063585318058753e-08  4.916797219190372e-08 
 2.417315480804184e+07  1.038892848305631e-08  4.969399424818257e-08 
 2.464147308281364e+07  1.014740914319503e-08  5.023651957218139e-08 
 2.511886431509664e+07  9.911261173339445e-09  5.079600263614467e-08 
 2.560550427970562e+07  9.680442390997623e-09  5.137290842017293e-08 
 2.610157215682624e+07  9.454903121700974e-09  5.196771258334478e-08 
 2.660725059798899e+07  9.234586881346173e-09  5.258090163337275e-08 
 2.712272579332119e+07  9.019431035219924e-09  5.321297309462630e-08 
 2.764818754010200e+07  8.809367431533334e-09  5.386443567356208e-08 
 2.818382931264548e+07  8.604323007580441e-09  5.453580942143423e-08 
 2.872984833353761e+07  8.404220367256867e-09  5.522762589371278e-08 
 2.928644564625335e+07  8.208978329040438e-09  5.594042830578888e-08 
 2.985382618918060e+07  8.018512443796393e-09  5.667477168450605e-08 
 3.043219887107825e+07  7.832735482306970e-09  5.743122301509005e-08 
 3.102177664799606e+07  7.651557892463778e-09  5.821036138322455e-08 
 3.162277660168486e+07  7.474888226472565e-09  5.901277811233053e-08 
 3.223542001952572e+07  7.302633538619827e-09  5.983907689450281e-08 
 3.285993247600766e+07  7.134699754149500e-09  6.068987391741163e-08 
 3.349654391578390e+07  6.970992010247484e-09  6.156579798475172e-08 
 3.414548873833718e+07  6.811414969931155e-09  6.246749063182014e-08 
 3.480700588428529e+07  6.655873109965348e-09  6.339560623604316e-08 
 3.548133892335875e+07  6.504270983879665e-09  6.435081212266123e-08 
 3.616873614408282e+07  6.356513461213058e-09  6.533378866750707e-08 
 3.686945064519701e+07  6.212505944248182e-09  6.634522939522017e-08 
 3.758374042884570e+07  6.072154563335340e-09  6.738584107711810e-08 
 3.831186849557418e+07  5.935366352121009e-09  6.845634382679474e-08 
 3.905410294116513e+07  5.802049403784036e-09  6.955747119789538e-08 
 3.981071705535109e+07  5.672113009532988e-09  7.068997028344437e-08 
 4.058198942243937e+07  5.545467780485446e-09  7.185460182067005e-08 
 4.136820402388649e+07  5.422025754069776e-09  7.305214030262788e-08 
 4.216965034285967e+07  5.301700486036633e-09  7.428337409965304e-08 
 4.298662347082424e+07  5.184407129140074e-09  7.554910559342876e-08 
 4.381942421619587e+07  5.070062499482006e-09  7.685015132773081e-08 
 4.466835921509784e+07  4.958585131497987e-09  7.818734217801228e-08 
 4.553374104426406e+07  4.849895322490622e-09  7.956152354565611e-08 
 4.641588833612939e+07  4.743915167585382e-09  8.097355557957076e-08 
 4.731512589614968e+07  4.640568585926970e-09  8.242431343021835e-08 
 4.823178482239473e+07  4.539781338896224e-09  8.391468754134141e-08 
 4.916620262745813e+07  4.441481041067817e-09  8.544558398406663e-08 
 5.011872336272896e+07  4.345597164598489e-09  8.701792483881703e-08 
 5.108969774507105e+07  4.252061037682353e-09  8.863264863092427e-08 
 5.207948328595644e+07  4.160805837669727e-09  9.029071082543494e-08 
 5.308844442310068e+07  4.071766579401629e-09  9.199308438742666e-08 
 5.411695265464825e+07  3.984880099282985e-09  9.374076041373266e-08 
 5.516538667595772e+07  3.900085035563883e-09  9.553474884353069e-08 
 5.623413251903687e+07  3.817321805286755e-09  9.737607925147789e-08 
 5.732358369467914e+07  3.736532578286463e-09  9.926580173339590e-08 
 5.843414133735380e+07  3.657661248650382e-09  1.012049878882400e-07 
 5.956621435290314e+07  3.580653403961092e-09  1.031947319036492e-07 
 6.072021956910098e+07  3.505456292656137e-09  1.052361517520034e-07 
 6.189658188912823e+07  3.432018789797734e-09  1.073303905022140e-07 
 6.309573444802155e+07  3.360291361518214e-09  1.094786177541761e-07 
 6.431811877215314e+07  3.290226028390707e-09  1.116820312008043e-07 
 6.556418494180020e+07  3.221776327950562e-09  1.139418583248378e-07 
 6.683439175686382e+07  3.154897276570516e-09  1.162593582341194e-07 
 6.812920690579854e+07  3.089545330882761e-09  1.186358236415389e-07 
 6.944910713781458e+07  3.025678348908033e-09  1.210725829944961e-07 
 7.079457843841630e+07  2.963255551057432e-09  1.235710027573101e-07 
 7.216611620834139e+07  2.902237481133435e-09  1.261324898528335e-07 
 7.356422544596675e+07  2.842585967466597e-09  1.287584942637251e-07 
 7.498942093324825e+07  2.784264084290041e-09  1.314505118014642e-07 
 7.644222742526275e+07  2.727236113458845e-09  1.342100870408747e-07 
 7.792317984342219e+07  2.671467506602548e-09  1.370388164276609e-07 
 7.943282347243099e+07  2.616924847783320e-09  1.399383515578781e-07 
 8.097171416105910e+07  2.563575816738717e-09  1.429104026338134e-07 
 8.254041852680480e+07  2.511389152759735e-09  1.459567420960161e-07 
 8.413951416452253e+07  2.460334619262879e-09  1.490792084350394e-07 
 8.576958985909249e+07  2.410382969096729e-09  1.522797101819374e-07 
 8.743124580221051e+07  2.361505910621494e-09  1.555602300802039e-07 
 8.912509381337777e+07  2.313676074591763e-09  1.589228294401698e-07 
 9.085175756517196e+07  2.266866981866703e-09  1.623696526739606e-07 
 9.261187281288269e+07  2.221053011967198e-09  1.659029320159526e-07 
 9.440608762859575e+07  2.176209372492569e-09  1.695249924248969e-07 
 9.623506263981235e+07  2.132312069406504e-09  1.732382566715168e-07 
 9.809947127269129e+07  2.089337878196656e-09  1.770452506109072e-07 
 1.000000000000036e+08  2.047264315908257e-09  1.809486086402726e-07 
 1.019373485938910e+08  2.006069614049587e-09  1.849510793438512e-07 
 1.039122303835207e+08  1.965732692361885e-09  1.890555313251746e-07 
 1.059253725177327e+08  1.926233133446189e-09  1.932649592282365e-07 
 1.079775162327749e+08  1.887551158235131e-09  1.975824899497716e-07 
 1.100694171252250e+08  1.849667602293798e-09  2.020113890434906e-07 
 1.122018454302004e+08  1.812563892938951e-09  2.065550673194944e-07 
 1.143755863049580e+08  1.776222027153596e-09  2.112170876402116e-07 
 1.165914401179874e+08  1.740624550281848e-09  2.160011719175619e-07 
 1.188502227437062e+08  1.705754535483372e-09  2.209112083129270e-07 
 1.211527658628633e+08  1.671595563925372e-09  2.259512586448794e-07 
 1.234999172687630e+08  1.638131705692891e-09  2.311255660083438e-07 
 1.258925411794214e+08  1.605347501393888e-09  2.364385626096851e-07 
 1.283315185557698e+08  1.573227944437410e-09  2.418948778239334e-07 
 1.308177474260242e+08  1.541758463962589e-09  2.474993464773863e-07 
 1.333521432163373e+08  1.510924908396199e-09  2.532570173645556e-07 
 1.359356390878576e+08  1.480713529617801e-09  2.591731620020184e-07 
 1.385691862803179e+08  1.451110967708318e-09  2.652532836297766e-07 
 1.412537544622807e+08  1.422104236264458e-09  2.715031264633254e-07 
 1.439903320881687e+08  1.393680708255371e-09  2.779286852078279e-07 
 1.467799267622124e+08  1.365828102403299e-09  2.845362148374674e-07 
 1.496235656094489e+08  1.338534470068401e-09  2.913322406518402e-07 
 1.525222956539075e+08  1.311788182620353e-09  2.983235686157878e-07 
 1.554771842041231e+08  1.285577919278262e-09  3.055172959903370e-07 
 1.584893192461172e+08  1.259892655402108e-09  3.129208222651351e-07 
 1.615598098439934e+08  1.234721651222184e-09  3.205418603991346e-07 
 1.646897865482930e+08  1.210054440989057e-09  3.283884483797244e-07 
 1.678804018122623e+08  1.185880822532312e-09  3.364689611077532e-07 
 1.711328304161845e+08  1.162190847214302e-09  3.447921226190020e-07 
 1.744482698999319e+08  1.138974810267134e-09  3.533670186485867e-07 
 1.778279410038989e+08  1.116223241502113e-09  3.622031095495485e-07 
 1.812730881184767e+08  1.093926896380746e-09  3.713102435717858e-07 
 1.847849797422360e+08  1.072076747438693e-09  3.806986705117909e-07 
 1.883649089489871e+08  1.050663976052497e-09  3.903790557414039e-07 
 1.920141938638874e+08  1.029679964542940e-09  4.003624946208802e-07 
 1.957341781487734e+08  1.009116288604864e-09  4.106605273093897e-07 
 1.995262314968955e+08  9.889647100591502e-10  4.212851539753752e-07 
 2.033917501372368e+08  9.692171699173796e-10  4.322488504173789e-07 
 2.073321573486033e+08  9.498657817553647e-10  4.435645841010855e-07 
 2.113489039836726e+08  9.309028253874447e-10  4.552458306187951e-07 
 2.154434690031965e+08  9.123207408366679e-10  4.673065905785491e-07 
 2.196173600205519e+08  8.941121225946737e-10  4.797614069277345e-07 
 2.238721138568424e+08  8.762697141653284e-10  4.926253827155978e-07 
 2.282092971067536e+08  8.587864028863843e-10  5.059141993002478e-07 
 2.326305067153714e+08  8.416552150228241e-10  5.196441350030727e-07 
 2.371373705661745e+08  8.248693111258083e-10  5.338320842134400e-07 
 2.417315480804195e+08  8.084219816506056e-10  5.484955769456523e-07 
 2.464147308281375e+08  7.923066428270015e-10  5.636527988492160e-07 
 2.511886431509675e+08  7.765168327740967e-10  5.793226116730964e-07 
 2.560550427970573e+08  7.610462078536023e-10  5.955245741796266e-07 
 2.610157215682636e+08  7.458885392518979e-10  6.122789635111024e-07 
 2.660725059798911e+08  7.310377097841684e-10  6.296067969986806e-07 
 2.712272579332131e+08  7.164877109109131e-10  6.475298544127625e-07 
 2.764818754010212e+08  7.022326399584027e-10  6.660707006450177e-07 
 2.818382931264561e+08  6.882666975335127e-10  6.852527088137217e-07 
 2.872984833353774e+08  6.745841851233959e-10  7.051000837808626e-07 
 2.928644564625348e+08  6.611795028697568e-10  7.256378860684167e-07 
 2.985382618918073e+08  6.480471475079713e-10  7.468920561562526e-07 
 3.043219887107838e+08  6.351817104604232e-10  7.688894391454859e-07 
 3.102177664799619e+08  6.225778760737134e-10  7.916578097637385e-07 
 3.162277660168500e+08  6.102304199890120e-10  8.152258976911887e-07 
 3.223542001952586e+08  5.981342076353031e-10  8.396234131770140e-07 
 3.285993247600780e+08  5.862841928347878e-10  8.648810729177430e-07 
 3.349654391578405e+08  5.746754165100996e-10  8.910306261641306e-07 
 3.414548873833733e+08  5.633030054833640e-10  9.181048810161643e-07 
 3.480700588428544e+08  5.521621713568576e-10  9.461377308678920e-07 
 3.548133892335891e+08  5.412482094658338e-10  9.751641809530335e-07 
 3.616873614408299e+08  5.305564978941272e-10  1.005220374944823e-06 
 3.686945064519718e+08  5.200824965436405e-10  1.036343621552969e-06 
 3.758374042884587e+08  5.098217462493551e-10  1.068572421059656e-06 
 3.831186849557436e+08  4.997698679316080e-10  1.101946491732211e-06 
 3.905410294116532e+08  4.899225617785812e-10  1.136506796041064e-06 
 3.981071705535128e+08  4.802756064516372e-10  1.172295566612049e-06 
 4.058198942243956e+08  4.708248583073892e-10  1.209356331832343e-06 
 4.136820402388668e+08  4.615662506305455e-10  1.247733941027296e-06 
 4.216965034285987e+08  4.524957928722267e-10  1.287474589117440e-06 
 4.298662347082445e+08  4.436095698891856e-10  1.328625840663386e-06 
 4.381942421619608e+08  4.349037411796024e-10  1.371236653196446e-06 
 4.466835921509806e+08  4.263745401120871e-10  1.415357399730543e-06 
 4.553374104426428e+08  4.180182731444890e-10  1.461039890346000e-06 
 4.641588833612961e+08  4.098313190303185e-10  1.508337392729150e-06 
 4.731512589614991e+08  4.018101280104980e-10  1.557304651546212e-06 
 4.823178482239497e+08  3.939512209888622e-10  1.607997906529397e-06 
 4.916620262745838e+08  3.862511886903142e-10  1.660474909142310e-06 
 5.011872336272921e+08  3.787066908007817e-10  1.714794937694411e-06 
 5.108969774507130e+08  3.713144550886899e-10  1.771018810765399e-06 
 5.207948328595670e+08  3.640712765077801e-10  1.829208898799321e-06 
 5.308844442310094e+08  3.569740162816270e-10  1.889429133727116e-06 
 5.411695265464852e+08  3.500196009702892e-10  1.951745016471683e-06 
 5.516538667595799e+08  3.432050215199625e-10  2.016223622188319e-06 
 5.623413251903714e+08  3.365273322964961e-10  2.082933603097318e-06 
 5.732358369467942e+08  3.299836501040466e-10  2.151945188758872e-06 
 5.843414133735409e+08  3.235711531900180e-10  2.223330183650444e-06 
 5.956621435290343e+08  3.172870802378830e-10  2.297161961900438e-06 
 6.072021956910129e+08  3.111287293492394e-10  2.373515459043605e-06 
 6.189658188912854e+08  3.050934570167737e-10  2.452467160665729e-06 
 6.309573444802186e+08  2.991786770897574e-10  2.534095087809645e-06 
 6.431811877215347e+08  2.933818597336846e-10  2.618478779025987e-06 
 6.556418494180053e+08  2.877005303857584e-10  2.705699268961940e-06 
 6.683439175686417e+08  2.821322687078436e-10  2.795839063389730e-06 
 6.812920690579889e+08  2.766747075385609e-10  2.888982110592804e-06 
 6.944910713781494e+08  2.713255318460500e-10  2.985213769040943e-06 
 7.079457843841667e+08  2.660824776830292e-10  3.084620771301609e-06 
 7.216611620834177e+08  2.609433311455305e-10  3.187291184158393e-06 
 7.356422544596714e+08  2.559059273368475e-10  3.293314364922010e-06 
 7.498942093324865e+08  2.509681493379513e-10  3.402780913942776e-06 
 7.644222742526315e+08  2.461279271856973e-10  3.515782623364200e-06 
 7.792317984342260e+08  2.413832368599957e-10  3.632412422176110e-06 
 7.943282347243141e+08  2.367320992810721e-10  3.752764317655482e-06 
 8.097171416105952e+08  2.321725793178053e-10  3.876933333317680e-06 
 8.254041852680523e+08  2.277027848081357e-10  4.005015443522186e-06 
 8.413951416452297e+08  2.233208655923404e-10  4.137107504921734e-06 
 8.576958985909294e+08  2.190250125599944e-10  4.273307184962217e-06 
 8.743124580221096e+08  2.148134567112807e-10  4.413712887691209e-06 
 8.912509381337823e+08  2.106844682332563e-10  4.558423677150373e-06 
 9.085175756517242e+08  2.066363555916194e-10  4.707539198678093e-06 
 9.261187281288317e+08  2.026674646384265e-10  4.861159598468259e-06 
 9.440608762859625e+08  1.987761777361420e-10  5.019385441779296e-06 
 9.623506263981285e+08  1.949609128983435e-10  5.182317630206824e-06 
 9.809947127269181e+08  1.912201229473334e-10  5.350057318476725e-06 
 1.000000000000042e+09  1.875522946888471e-10  5.522705831236605e-06 
