 frequency       onoise_spectrum inoise_spectrum
 1.00000000e+00  7.25701156e-06  2.27273612e-07 
 1.02329299e+00  7.18227694e-06  2.24933089e-07 
 1.04712855e+00  7.10832360e-06  2.22617033e-07 
 1.07151931e+00  7.03514324e-06  2.20325186e-07 
 1.09647820e+00  6.96272768e-06  2.18057290e-07 
 1.12201845e+00  6.89106879e-06  2.15813091e-07 
 1.14815362e+00  6.82015856e-06  2.13592339e-07 
 1.17489755e+00  6.74998905e-06  2.11394785e-07 
 1.20226443e+00  6.68055241e-06  2.09220182e-07 
 1.23026877e+00  6.61184086e-06  2.07068288e-07 
 1.25892541e+00  6.54384673e-06  2.04938861e-07 
 1.28824955e+00  6.47656242e-06  2.02831665e-07 
 1.31825674e+00  6.40998041e-06  2.00746463e-07 
 1.34896288e+00  6.34409325e-06  1.98683022e-07 
 1.38038426e+00  6.27889360e-06  1.96641113e-07 
 1.41253754e+00  6.21437417e-06  1.94620507e-07 
 1.44543977e+00  6.15052776e-06  1.92620978e-07 
 1.47910839e+00  6.08734726e-06  1.90642304e-07 
 1.51356125e+00  6.02482560e-06  1.88684263e-07 
 1.54881662e+00  5.96295583e-06  1.86746638e-07 
 1.58489319e+00  5.90173105e-06  1.84829213e-07 
 1.62181010e+00  5.84114443e-06  1.82931774e-07 
 1.65958691e+00  5.78118923e-06  1.81054109e-07 
 1.69824365e+00  5.72185877e-06  1.79196009e-07 
 1.73780083e+00  5.66314645e-06  1.77357269e-07 
 1.77827941e+00  5.60504573e-06  1.75537682e-07 
 1.81970086e+00  5.54755015e-06  1.73737048e-07 
 1.86208714e+00  5.49065332e-06  1.71955164e-07 
 1.90546072e+00  5.43434891e-06  1.70191834e-07 
 1.94984460e+00  5.37863067e-06  1.68446861e-07 
 1.99526231e+00  5.32349240e-06  1.66720052e-07 
 2.04173794e+00  5.26892798e-06  1.65011215e-07 
 2.08929613e+00  5.21493136e-06  1.63320160e-07 
 2.13796209e+00  5.16149654e-06  1.61646699e-07 
 2.18776162e+00  5.10861759e-06  1.59990647e-07 
 2.23872114e+00  5.05628864e-06  1.58351820e-07 
 2.29086765e+00  5.00450391e-06  1.56730036e-07 
 2.34422882e+00  4.95325764e-06  1.55125115e-07 
 2.39883292e+00  4.90254415e-06  1.53536881e-07 
 2.45470892e+00  4.85235784e-06  1.51965156e-07 
 2.51188643e+00  4.80269314e-06  1.50409767e-07 
 2.57039578e+00  4.75354455e-06  1.48870542e-07 
 2.63026799e+00  4.70490664e-06  1.47347309e-07 
 2.69153480e+00  4.65677402e-06  1.45839902e-07 
 2.75422870e+00  4.60914138e-06  1.44348152e-07 
 2.81838293e+00  4.56200344e-06  1.42871896e-07 
 2.88403150e+00  4.51535500e-06  1.41410970e-07 
 2.95120923e+00  4.46919090e-06  1.39965212e-07 
 3.01995172e+00  4.42350605e-06  1.38534463e-07 
 3.09029543e+00  4.37829539e-06  1.37118565e-07 
 3.16227766e+00  4.33355395e-06  1.35717361e-07 
 3.23593657e+00  4.28927677e-06  1.34330698e-07 
 3.31131121e+00  4.24545899e-06  1.32958421e-07 
 3.38844156e+00  4.20209577e-06  1.31600381e-07 
 3.46736850e+00  4.15918232e-06  1.30256426e-07 
 3.54813389e+00  4.11671392e-06  1.28926410e-07 
 3.63078055e+00  4.07468590e-06  1.27610184e-07 
 3.71535229e+00  4.03309361e-06  1.26307606e-07 
 3.80189396e+00  3.99193249e-06  1.25018530e-07 
 3.89045145e+00  3.95119800e-06  1.23742815e-07 
 3.98107171e+00  3.91088566e-06  1.22480322e-07 
 4.07380278e+00  3.87099104e-06  1.21230910e-07 
 4.16869383e+00  3.83150975e-06  1.19994443e-07 
 4.26579519e+00  3.79243746e-06  1.18770785e-07 
 4.36515832e+00  3.75376986e-06  1.17559801e-07 
 4.46683592e+00  3.71550272e-06  1.16361359e-07 
 4.57088190e+00  3.67763182e-06  1.15175326e-07 
 4.67735141e+00  3.64015302e-06  1.14001572e-07 
 4.78630092e+00  3.60306220e-06  1.12839969e-07 
 4.89778819e+00  3.56635529e-06  1.11690390e-07 
 5.01187234e+00  3.53002826e-06  1.10552707e-07 
 5.12861384e+00  3.49407714e-06  1.09426797e-07 
 5.24807460e+00  3.45849798e-06  1.08312537e-07 
 5.37031796e+00  3.42328689e-06  1.07209803e-07 
 5.49540874e+00  3.38844001e-06  1.06118475e-07 
 5.62341325e+00  3.35395352e-06  1.05038434e-07 
 5.75439937e+00  3.31982365e-06  1.03969562e-07 
 5.88843655e+00  3.28604666e-06  1.02911741e-07 
 6.02559586e+00  3.25261887e-06  1.01864856e-07 
 6.16595002e+00  3.21953661e-06  1.00828793e-07 
 6.30957344e+00  3.18679626e-06  9.98034374e-08 
 6.45654229e+00  3.15439426e-06  9.87886781e-08 
 6.60693448e+00  3.12232706e-06  9.77844041e-08 
 6.76082975e+00  3.09059116e-06  9.67905056e-08 
 6.91830971e+00  3.05918309e-06  9.58068741e-08 
 7.07945784e+00  3.02809943e-06  9.48334023e-08 
 7.24435960e+00  2.99733679e-06  9.38699841e-08 
 7.41310241e+00  2.96689180e-06  9.29165142e-08 
 7.58577575e+00  2.93676116e-06  9.19728889e-08 
 7.76247117e+00  2.90694157e-06  9.10390051e-08 
 7.94328235e+00  2.87742979e-06  9.01147611e-08 
 8.12830516e+00  2.84822260e-06  8.92000564e-08 
 8.31763771e+00  2.81931683e-06  8.82947911e-08 
 8.51138038e+00  2.79070932e-06  8.73988669e-08 
 8.70963590e+00  2.76239696e-06  8.65121862e-08 
 8.91250938e+00  2.73437667e-06  8.56346526e-08 
 9.12010839e+00  2.70664541e-06  8.47661706e-08 
 9.33254301e+00  2.67920016e-06  8.39066458e-08 
 9.54992586e+00  2.65203793e-06  8.30559847e-08 
 9.77237221e+00  2.62515578e-06  8.22140950e-08 
 1.00000000e+01  2.59855079e-06  8.13808852e-08 
 1.02329299e+01  2.57222006e-06  8.05562649e-08 
 1.04712855e+01  2.54616074e-06  7.97401444e-08 
 1.07151931e+01  2.52037001e-06  7.89324353e-08 
 1.09647820e+01  2.49484505e-06  7.81330500e-08 
 1.12201845e+01  2.46958311e-06  7.73419017e-08 
 1.14815362e+01  2.44458145e-06  7.65589047e-08 
 1.17489755e+01  2.41983735e-06  7.57839741e-08 
 1.20226443e+01  2.39534814e-06  7.50170259e-08 
 1.23026877e+01  2.37111116e-06  7.42579772e-08 
 1.25892541e+01  2.34712379e-06  7.35067457e-08 
 1.28824955e+01  2.32338344e-06  7.27632500e-08 
 1.31825674e+01  2.29988752e-06  7.20274098e-08 
 1.34896288e+01  2.27663351e-06  7.12991454e-08 
 1.38038426e+01  2.25361889e-06  7.05783781e-08 
 1.41253754e+01  2.23084117e-06  6.98650300e-08 
 1.44543977e+01  2.20829788e-06  6.91590240e-08 
 1.47910839e+01  2.18598660e-06  6.84602837e-08 
 1.51356125e+01  2.16390491e-06  6.77687338e-08 
 1.54881662e+01  2.14205042e-06  6.70842996e-08 
 1.58489319e+01  2.12042079e-06  6.64069071e-08 
 1.62181010e+01  2.09901367e-06  6.57364834e-08 
 1.65958691e+01  2.07782676e-06  6.50729560e-08 
 1.69824365e+01  2.05685777e-06  6.44162534e-08 
 1.73780083e+01  2.03610444e-06  6.37663049e-08 
 1.77827941e+01  2.01556454e-06  6.31230404e-08 
 1.81970086e+01  1.99523584e-06  6.24863905e-08 
 1.86208714e+01  1.97511617e-06  6.18562867e-08 
 1.90546072e+01  1.95520336e-06  6.12326613e-08 
 1.94984460e+01  1.93549526e-06  6.06154469e-08 
 1.99526231e+01  1.91598975e-06  6.00045773e-08 
 2.04173794e+01  1.89668473e-06  5.93999867e-08 
 2.08929613e+01  1.87757813e-06  5.88016102e-08 
 2.13796209e+01  1.85866790e-06  5.82093833e-08 
 2.18776162e+01  1.83995199e-06  5.76232424e-08 
 2.23872114e+01  1.82142841e-06  5.70431246e-08 
 2.29086765e+01  1.80309516e-06  5.64689675e-08 
 2.34422882e+01  1.78495027e-06  5.59007096e-08 
 2.39883292e+01  1.76699179e-06  5.53382897e-08 
 2.45470892e+01  1.74921781e-06  5.47816476e-08 
 2.51188643e+01  1.73162640e-06  5.42307235e-08 
 2.57039578e+01  1.71421569e-06  5.36854584e-08 
 2.63026799e+01  1.69698381e-06  5.31457938e-08 
 2.69153480e+01  1.67992890e-06  5.26116719e-08 
 2.75422870e+01  1.66304916e-06  5.20830354e-08 
 2.81838293e+01  1.64634275e-06  5.15598277e-08 
 2.88403150e+01  1.62980791e-06  5.10419928e-08 
 2.95120923e+01  1.61344285e-06  5.05294752e-08 
 3.01995172e+01  1.59724583e-06  5.00222202e-08 
 3.09029543e+01  1.58121511e-06  4.95201734e-08 
 3.16227766e+01  1.56534898e-06  4.90232811e-08 
 3.23593657e+01  1.54964574e-06  4.85314903e-08 
 3.31131121e+01  1.53410372e-06  4.80447483e-08 
 3.38844156e+01  1.51872125e-06  4.75630032e-08 
 3.46736850e+01  1.50349668e-06  4.70862035e-08 
 3.54813389e+01  1.48842841e-06  4.66142982e-08 
 3.63078055e+01  1.47351480e-06  4.61472370e-08 
 3.71535229e+01  1.45875428e-06  4.56849701e-08 
 3.80189396e+01  1.44414527e-06  4.52274481e-08 
 3.89045145e+01  1.42968621e-06  4.47746222e-08 
 3.98107171e+01  1.41537556e-06  4.43264441e-08 
 4.07380278e+01  1.40121179e-06  4.38828662e-08 
 4.16869383e+01  1.38719340e-06  4.34438409e-08 
 4.26579519e+01  1.37331889e-06  4.30093218e-08 
 4.36515832e+01  1.35958678e-06  4.25792623e-08 
 4.46683592e+01  1.34599561e-06  4.21536168e-08 
 4.57088190e+01  1.33254393e-06  4.17323400e-08 
 4.67735141e+01  1.31923032e-06  4.13153869e-08 
 4.78630092e+01  1.30605335e-06  4.09027133e-08 
 4.89778819e+01  1.29301163e-06  4.04942753e-08 
 5.01187234e+01  1.28010376e-06  4.00900294e-08 
 5.12861384e+01  1.26732838e-06  3.96899327e-08 
 5.24807460e+01  1.25468413e-06  3.92939426e-08 
 5.37031796e+01  1.24216967e-06  3.89020172e-08 
 5.49540874e+01  1.22978366e-06  3.85141147e-08 
 5.62341325e+01  1.21752479e-06  3.81301940e-08 
 5.75439937e+01  1.20539177e-06  3.77502144e-08 
 5.88843655e+01  1.19338329e-06  3.73741355e-08 
 6.02559586e+01  1.18149810e-06  3.70019174e-08 
 6.16595002e+01  1.16973493e-06  3.66335207e-08 
 6.30957344e+01  1.15809252e-06  3.62689063e-08 
 6.45654229e+01  1.14656966e-06  3.59080355e-08 
 6.60693448e+01  1.13516511e-06  3.55508702e-08 
 6.76082975e+01  1.12387767e-06  3.51973725e-08 
 6.91830971e+01  1.11270614e-06  3.48475049e-08 
 7.07945784e+01  1.10164935e-06  3.45012304e-08 
 7.24435960e+01  1.09070611e-06  3.41585124e-08 
 7.41310241e+01  1.07987528e-06  3.38193146e-08 
 7.58577575e+01  1.06915570e-06  3.34836012e-08 
 7.76247117e+01  1.05854625e-06  3.31513365e-08 
 7.94328235e+01  1.04804580e-06  3.28224856e-08 
 8.12830516e+01  1.03765324e-06  3.24970135e-08 
 8.31763771e+01  1.02736748e-06  3.21748861e-08 
 8.51138038e+01  1.01718742e-06  3.18560691e-08 
 8.70963590e+01  1.00711200e-06  3.15405290e-08 
 8.91250938e+01  9.97140138e-07  3.12282324e-08 
 9.12010839e+01  9.87270796e-07  3.09191463e-08 
 9.33254301e+01  9.77502929e-07  3.06132383e-08 
 9.54992586e+01  9.67835505e-07  3.03104759e-08 
 9.77237221e+01  9.58267505e-07  3.00108272e-08 
 1.00000000e+02  9.48797921e-07  2.97142607e-08 
 1.02329299e+02  9.39425753e-07  2.94207451e-08 
 1.04712855e+02  9.30150015e-07  2.91302494e-08 
 1.07151931e+02  9.20969729e-07  2.88427431e-08 
 1.09647820e+02  9.11883928e-07  2.85581958e-08 
 1.12201845e+02  9.02891655e-07  2.82765777e-08 
 1.14815362e+02  8.93991963e-07  2.79978590e-08 
 1.17489755e+02  8.85183917e-07  2.77220104e-08 
 1.20226443e+02  8.76466588e-07  2.74490028e-08 
 1.23026877e+02  8.67839060e-07  2.71788077e-08 
 1.25892541e+02  8.59300425e-07  2.69113965e-08 
 1.28824955e+02  8.50849786e-07  2.66467411e-08 
 1.31825674e+02  8.42486254e-07  2.63848137e-08 
 1.34896288e+02  8.34208950e-07  2.61255868e-08 
 1.38038426e+02  8.26017004e-07  2.58690332e-08 
 1.41253754e+02  8.17909557e-07  2.56151258e-08 
 1.44543977e+02  8.09885755e-07  2.53638380e-08 
 1.47910839e+02  8.01944758e-07  2.51151435e-08 
 1.51356125e+02  7.94085730e-07  2.48690161e-08 
 1.54881662e+02  7.86307848e-07  2.46254300e-08 
 1.58489319e+02  7.78610295e-07  2.43843596e-08 
 1.62181010e+02  7.70992263e-07  2.41457797e-08 
 1.65958691e+02  7.63452954e-07  2.39096651e-08 
 1.69824365e+02  7.55991577e-07  2.36759913e-08 
 1.73780083e+02  7.48607349e-07  2.34447336e-08 
 1.77827941e+02  7.41299497e-07  2.32158678e-08 
 1.81970086e+02  7.34067255e-07  2.29893699e-08 
 1.86208714e+02  7.26909865e-07  2.27652163e-08 
 1.90546072e+02  7.19826577e-07  2.25433833e-08 
 1.94984460e+02  7.12816650e-07  2.23238479e-08 
 1.99526231e+02  7.05879348e-07  2.21065869e-08 
 2.04173794e+02  6.99013947e-07  2.18915777e-08 
 2.08929613e+02  6.92219727e-07  2.16787978e-08 
 2.13796209e+02  6.85495977e-07  2.14682248e-08 
 2.18776162e+02  6.78841994e-07  2.12598367e-08 
 2.23872114e+02  6.72257082e-07  2.10536118e-08 
 2.29086765e+02  6.65740551e-07  2.08495285e-08 
 2.34422882e+02  6.59291721e-07  2.06475654e-08 
 2.39883292e+02  6.52909916e-07  2.04477014e-08 
 2.45470892e+02  6.46594470e-07  2.02499156e-08 
 2.51188643e+02  6.40344723e-07  2.00541873e-08 
 2.57039578e+02  6.34160020e-07  1.98604961e-08 
 2.63026799e+02  6.28039717e-07  1.96688218e-08 
 2.69153480e+02  6.21983173e-07  1.94791442e-08 
 2.75422870e+02  6.15989755e-07  1.92914436e-08 
 2.81838293e+02  6.10058838e-07  1.91057004e-08 
 2.88403150e+02  6.04189801e-07  1.89218952e-08 
 2.95120923e+02  5.98382033e-07  1.87400088e-08 
 3.01995172e+02  5.92634926e-07  1.85600221e-08 
 3.09029543e+02  5.86947881e-07  1.83819165e-08 
 3.16227766e+02  5.81320303e-07  1.82056732e-08 
 3.23593657e+02  5.75751605e-07  1.80312739e-08 
 3.31131121e+02  5.70241206e-07  1.78587004e-08 
 3.38844156e+02  5.64788530e-07  1.76879347e-08 
 3.46736850e+02  5.59393009e-07  1.75189590e-08 
 3.54813389e+02  5.54054079e-07  1.73517556e-08 
 3.63078055e+02  5.48771183e-07  1.71863070e-08 
 3.71535229e+02  5.43543769e-07  1.70225960e-08 
 3.80189396e+02  5.38371293e-07  1.68606056e-08 
 3.89045145e+02  5.33253214e-07  1.67003187e-08 
 3.98107171e+02  5.28188999e-07  1.65417188e-08 
 4.07380278e+02  5.23178118e-07  1.63847891e-08 
 4.16869383e+02  5.18220050e-07  1.62295135e-08 
 4.26579519e+02  5.13314276e-07  1.60758756e-08 
 4.36515832e+02  5.08460284e-07  1.59238594e-08 
 4.46683592e+02  5.03657569e-07  1.57734491e-08 
 4.57088190e+02  4.98905629e-07  1.56246289e-08 
 4.67735141e+02  4.94203967e-07  1.54773833e-08 
 4.78630092e+02  4.89552093e-07  1.53316971e-08 
 4.89778819e+02  4.84949522e-07  1.51875548e-08 
 5.01187234e+02  4.80395773e-07  1.50449416e-08 
 5.12861384e+02  4.75890370e-07  1.49038425e-08 
 5.24807460e+02  4.71432843e-07  1.47642427e-08 
 5.37031796e+02  4.67022727e-07  1.46261278e-08 
 5.49540874e+02  4.62659561e-07  1.44894832e-08 
 5.62341325e+02  4.58342889e-07  1.43542948e-08 
 5.75439937e+02  4.54072260e-07  1.42205483e-08 
 5.88843655e+02  4.49847227e-07  1.40882298e-08 
 6.02559586e+02  4.45667350e-07  1.39573254e-08 
 6.16595002e+02  4.41532191e-07  1.38278216e-08 
 6.30957344e+02  4.37441317e-07  1.36997047e-08 
 6.45654229e+02  4.33394302e-07  1.35729613e-08 
 6.60693448e+02  4.29390720e-07  1.34475782e-08 
 6.76082975e+02  4.25430154e-07  1.33235422e-08 
 6.91830971e+02  4.21512188e-07  1.32008405e-08 
 7.07945784e+02  4.17636412e-07  1.30794600e-08 
 7.24435960e+02  4.13802421e-07  1.29593881e-08 
 7.41310241e+02  4.10009811e-07  1.28406122e-08 
 7.58577575e+02  4.06258186e-07  1.27231199e-08 
 7.76247117e+02  4.02547152e-07  1.26068989e-08 
 7.94328235e+02  3.98876320e-07  1.24919368e-08 
 8.12830516e+02  3.95245304e-07  1.23782217e-08 
 8.31763771e+02  3.91653722e-07  1.22657417e-08 
 8.51138038e+02  3.88101198e-07  1.21544848e-08 
 8.70963590e+02  3.84587356e-07  1.20444394e-08 
 8.91250938e+02  3.81111829e-07  1.19355940e-08 
 9.12010839e+02  3.77674249e-07  1.18279370e-08 
 9.33254301e+02  3.74274255e-07  1.17214571e-08 
 9.54992586e+02  3.70911489e-07  1.16161431e-08 
 9.77237221e+02  3.67585594e-07  1.15119839e-08 
 1.00000000e+03  3.64296221e-07  1.14089685e-08 
 1.02329299e+03  3.61043021e-07  1.13070859e-08 
 1.04712855e+03  3.57825651e-07  1.12063255e-08 
 1.07151931e+03  3.54643770e-07  1.11066766e-08 
 1.09647820e+03  3.51497040e-07  1.10081285e-08 
 1.12201845e+03  3.48385130e-07  1.09106709e-08 
 1.14815362e+03  3.45307707e-07  1.08142934e-08 
 1.17489755e+03  3.42264446e-07  1.07189858e-08 
 1.20226443e+03  3.39255022e-07  1.06247380e-08 
 1.23026877e+03  3.36279115e-07  1.05315398e-08 
 1.25892541e+03  3.33336408e-07  1.04393814e-08 
 1.28824955e+03  3.30426588e-07  1.03482530e-08 
 1.31825674e+03  3.27549343e-07  1.02581448e-08 
 1.34896288e+03  3.24704365e-07  1.01690472e-08 
 1.38038426e+03  3.21891350e-07  1.00809506e-08 
 1.41253754e+03  3.19109997e-07  9.99384558e-09 
 1.44543977e+03  3.16360006e-07  9.90772282e-09 
 1.47910839e+03  3.13641081e-07  9.82257303e-09 
 1.51356125e+03  3.10952931e-07  9.73838706e-09 
 1.54881662e+03  3.08295265e-07  9.65515583e-09 
 1.58489319e+03  3.05667796e-07  9.57287033e-09 
 1.62181010e+03  3.03070239e-07  9.49152167e-09 
 1.65958691e+03  3.00502314e-07  9.41110104e-09 
 1.69824365e+03  2.97963741e-07  9.33159969e-09 
 1.73780083e+03  2.95454244e-07  9.25300900e-09 
 1.77827941e+03  2.92973550e-07  9.17532038e-09 
 1.81970086e+03  2.90521387e-07  9.09852537e-09 
 1.86208714e+03  2.88097488e-07  9.02261555e-09 
 1.90546072e+03  2.85701586e-07  8.94758262e-09 
 1.94984460e+03  2.83333419e-07  8.87341832e-09 
 1.99526231e+03  2.80992726e-07  8.80011449e-09 
 2.04173794e+03  2.78679248e-07  8.72766305e-09 
 2.08929613e+03  2.76392729e-07  8.65605599e-09 
 2.13796209e+03  2.74132916e-07  8.58528535e-09 
 2.18776162e+03  2.71899558e-07  8.51534329e-09 
 2.23872114e+03  2.69692406e-07  8.44622200e-09 
 2.29086765e+03  2.67511212e-07  8.37791378e-09 
 2.34422882e+03  2.65355734e-07  8.31041095e-09 
 2.39883292e+03  2.63225728e-07  8.24370596e-09 
 2.45470892e+03  2.61120955e-07  8.17779128e-09 
 2.51188643e+03  2.59041177e-07  8.11265946e-09 
 2.57039578e+03  2.56986157e-07  8.04830314e-09 
 2.63026799e+03  2.54955664e-07  7.98471499e-09 
 2.69153480e+03  2.52949464e-07  7.92188777e-09 
 2.75422870e+03  2.50967328e-07  7.85981429e-09 
 2.81838293e+03  2.49009029e-07  7.79848744e-09 
 2.88403150e+03  2.47074341e-07  7.73790014e-09 
 2.95120923e+03  2.45163041e-07  7.67804540e-09 
 3.01995172e+03  2.43274907e-07  7.61891628e-09 
 3.09029543e+03  2.41409718e-07  7.56050590e-09 
 3.16227766e+03  2.39567258e-07  7.50280744e-09 
 3.23593657e+03  2.37747309e-07  7.44581412e-09 
 3.31131121e+03  2.35949657e-07  7.38951925e-09 
 3.38844156e+03  2.34174090e-07  7.33391616e-09 
 3.46736850e+03  2.32420397e-07  7.27899827e-09 
 3.54813389e+03  2.30688368e-07  7.22475902e-09 
 3.63078055e+03  2.28977796e-07  7.17119192e-09 
 3.71535229e+03  2.27288476e-07  7.11829053e-09 
 3.80189396e+03  2.25620203e-07  7.06604847e-09 
 3.89045145e+03  2.23972774e-07  7.01445940e-09 
 3.98107171e+03  2.22345988e-07  6.96351703e-09 
 4.07380278e+03  2.20739647e-07  6.91321512e-09 
 4.16869383e+03  2.19153551e-07  6.86354749e-09 
 4.26579519e+03  2.17587506e-07  6.81450798e-09 
 4.36515832e+03  2.16041315e-07  6.76609052e-09 
 4.46683592e+03  2.14514786e-07  6.71828905e-09 
 4.57088190e+03  2.13007726e-07  6.67109756e-09 
 4.67735141e+03  2.11519945e-07  6.62451011e-09 
 4.78630092e+03  2.10051254e-07  6.57852077e-09 
 4.89778819e+03  2.08601465e-07  6.53312368e-09 
 5.01187234e+03  2.07170391e-07  6.48831301e-09 
 5.12861384e+03  2.05757848e-07  6.44408298e-09 
 5.24807460e+03  2.04363651e-07  6.40042784e-09 
 5.37031796e+03  2.02987619e-07  6.35734190e-09 
 5.49540874e+03  2.01629569e-07  6.31481949e-09 
 5.62341325e+03  2.00289323e-07  6.27285500e-09 
 5.75439937e+03  1.98966702e-07  6.23144284e-09 
 5.88843655e+03  1.97661527e-07  6.19057748e-09 
 6.02559586e+03  1.96373623e-07  6.15025341e-09 
 6.16595002e+03  1.95102815e-07  6.11046516e-09 
 6.30957344e+03  1.93848929e-07  6.07120732e-09 
 6.45654229e+03  1.92611792e-07  6.03247448e-09 
 6.60693448e+03  1.91391233e-07  5.99426130e-09 
 6.76082975e+03  1.90187081e-07  5.95656246e-09 
 6.91830971e+03  1.88999167e-07  5.91937268e-09 
 7.07945784e+03  1.87827322e-07  5.88268670e-09 
 7.24435960e+03  1.86671380e-07  5.84649933e-09 
 7.41310241e+03  1.85531174e-07  5.81080538e-09 
 7.58577575e+03  1.84406539e-07  5.77559971e-09 
 7.76247117e+03  1.83297312e-07  5.74087722e-09 
 7.94328235e+03  1.82203330e-07  5.70663282e-09 
 8.12830516e+03  1.81124429e-07  5.67286148e-09 
 8.31763771e+03  1.80060451e-07  5.63955819e-09 
 8.51138038e+03  1.79011234e-07  5.60671796e-09 
 8.70963590e+03  1.77976620e-07  5.57433586e-09 
 8.91250938e+03  1.76956450e-07  5.54240698e-09 
 9.12010839e+03  1.75950569e-07  5.51092643e-09 
 9.33254301e+03  1.74958819e-07  5.47988936e-09 
 9.54992586e+03  1.73981045e-07  5.44929097e-09 
 9.77237221e+03  1.73017095e-07  5.41912645e-09 
 1.00000000e+04  1.72066813e-07  5.38939106e-09 
 1.02329299e+04  1.71130048e-07  5.36008007e-09 
 1.04712855e+04  1.70206649e-07  5.33118879e-09 
 1.07151931e+04  1.69296465e-07  5.30271255e-09 
 1.09647820e+04  1.68399347e-07  5.27464672e-09 
 1.12201845e+04  1.67515145e-07  5.24698669e-09 
 1.14815362e+04  1.66643712e-07  5.21972790e-09 
 1.17489755e+04  1.65784900e-07  5.19286580e-09 
 1.20226443e+04  1.64938565e-07  5.16639587e-09 
 1.23026877e+04  1.64104560e-07  5.14031363e-09 
 1.25892541e+04  1.63282742e-07  5.11461463e-09 
 1.28824955e+04  1.62472965e-07  5.08929444e-09 
 1.31825674e+04  1.61675089e-07  5.06434867e-09 
 1.34896288e+04  1.60888971e-07  5.03977295e-09 
 1.38038426e+04  1.60114470e-07  5.01556294e-09 
 1.41253754e+04  1.59351446e-07  4.99171434e-09 
 1.44543977e+04  1.58599759e-07  4.96822287e-09 
 1.47910839e+04  1.57859271e-07  4.94508428e-09 
 1.51356125e+04  1.57129844e-07  4.92229434e-09 
 1.54881662e+04  1.56411341e-07  4.89984889e-09 
 1.58489319e+04  1.55703625e-07  4.87774374e-09 
 1.62181010e+04  1.55006562e-07  4.85597477e-09 
 1.65958691e+04  1.54320017e-07  4.83453788e-09 
 1.69824365e+04  1.53643856e-07  4.81342899e-09 
 1.73780083e+04  1.52977945e-07  4.79264407e-09 
 1.77827941e+04  1.52322153e-07  4.77217910e-09 
 1.81970086e+04  1.51676348e-07  4.75203010e-09 
 1.86208714e+04  1.51040399e-07  4.73219311e-09 
 1.90546072e+04  1.50414175e-07  4.71266420e-09 
 1.94984460e+04  1.49797548e-07  4.69343949e-09 
 1.99526231e+04  1.49190389e-07  4.67451510e-09 
 2.04173794e+04  1.48592570e-07  4.65588721e-09 
 2.08929613e+04  1.48003964e-07  4.63755201e-09 
 2.13796209e+04  1.47424443e-07  4.61950572e-09 
 2.18776162e+04  1.46853883e-07  4.60174459e-09 
 2.23872114e+04  1.46292158e-07  4.58426491e-09 
 2.29086765e+04  1.45739144e-07  4.56706300e-09 
 2.34422882e+04  1.45194716e-07  4.55013520e-09 
 2.39883292e+04  1.44658751e-07  4.53347789e-09 
 2.45470892e+04  1.44131128e-07  4.51708746e-09 
 2.51188643e+04  1.43611723e-07  4.50096037e-09 
 2.57039578e+04  1.43100415e-07  4.48509306e-09 
 2.63026799e+04  1.42597085e-07  4.46948205e-09 
 2.69153480e+04  1.42101610e-07  4.45412385e-09 
 2.75422870e+04  1.41613872e-07  4.43901503e-09 
 2.81838293e+04  1.41133751e-07  4.42415218e-09 
 2.88403150e+04  1.40661129e-07  4.40953191e-09 
 2.95120923e+04  1.40195888e-07  4.39515087e-09 
 3.01995172e+04  1.39737910e-07  4.38100574e-09 
 3.09029543e+04  1.39287077e-07  4.36709325e-09 
 3.16227766e+04  1.38843273e-07  4.35341012e-09 
 3.23593657e+04  1.38406381e-07  4.33995314e-09 
 3.31131121e+04  1.37976285e-07  4.32671910e-09 
 3.38844156e+04  1.37552870e-07  4.31370485e-09 
 3.46736850e+04  1.37136020e-07  4.30090726e-09 
 3.54813389e+04  1.36725621e-07  4.28832321e-09 
 3.63078055e+04  1.36321556e-07  4.27594963e-09 
 3.71535229e+04  1.35923712e-07  4.26378350e-09 
 3.80189396e+04  1.35531975e-07  4.25182179e-09 
 3.89045145e+04  1.35146229e-07  4.24006154e-09 
 3.98107171e+04  1.34766360e-07  4.22849979e-09 
 4.07380278e+04  1.34392256e-07  4.21713363e-09 
 4.16869383e+04  1.34023801e-07  4.20596017e-09 
 4.26579519e+04  1.33660881e-07  4.19497656e-09 
 4.36515832e+04  1.33303383e-07  4.18417998e-09 
 4.46683592e+04  1.32951192e-07  4.17356763e-09 
 4.57088190e+04  1.32604194e-07  4.16313676e-09 
 4.67735141e+04  1.32262274e-07  4.15288463e-09 
 4.78630092e+04  1.31925317e-07  4.14280855e-09 
 4.89778819e+04  1.31593208e-07  4.13290584e-09 
 5.01187234e+04  1.31265832e-07  4.12317387e-09 
 5.12861384e+04  1.30943073e-07  4.11361003e-09 
 5.24807460e+04  1.30624813e-07  4.10421174e-09 
 5.37031796e+04  1.30310936e-07  4.09497646e-09 
 5.49540874e+04  1.30001324e-07  4.08590168e-09 
 5.62341325e+04  1.29695859e-07  4.07698489e-09 
 5.75439937e+04  1.29394421e-07  4.06822366e-09 
 5.88843655e+04  1.29096891e-07  4.05961555e-09 
 6.02559586e+04  1.28803146e-07  4.05115817e-09 
 6.16595002e+04  1.28513065e-07  4.04284914e-09 
 6.30957344e+04  1.28226525e-07  4.03468615e-09 
 6.45654229e+04  1.27943401e-07  4.02666688e-09 
 6.60693448e+04  1.27663566e-07  4.01878904e-09 
 6.76082975e+04  1.27386895e-07  4.01105041e-09 
 6.91830971e+04  1.27113257e-07  4.00344874e-09 
 7.07945784e+04  1.26842522e-07  3.99598187e-09 
 7.24435960e+04  1.26574559e-07  3.98864762e-09 
 7.41310241e+04  1.26309232e-07  3.98144387e-09 
 7.58577575e+04  1.26046405e-07  3.97436850e-09 
 7.76247117e+04  1.25785941e-07  3.96741946e-09 
 7.94328235e+04  1.25527698e-07  3.96059468e-09 
 8.12830516e+04  1.25271534e-07  3.95389215e-09 
 8.31763771e+04  1.25017303e-07  3.94730989e-09 
 8.51138038e+04  1.24764856e-07  3.94084593e-09 
 8.70963590e+04  1.24514043e-07  3.93449833e-09 
 8.91250938e+04  1.24264710e-07  3.92826518e-09 
 9.12010839e+04  1.24016699e-07  3.92214462e-09 
 9.33254301e+04  1.23769850e-07  3.91613478e-09 
 9.54992586e+04  1.23523998e-07  3.91023383e-09 
 9.77237221e+04  1.23278977e-07  3.90443999e-09 
 1.00000000e+05  1.23034615e-07  3.89875147e-09 
 1.02329299e+05  1.22790735e-07  3.89316653e-09 
 1.04712855e+05  1.22547160e-07  3.88768346e-09 
 1.07151931e+05  1.22303703e-07  3.88230054e-09 
 1.09647820e+05  1.22060178e-07  3.87701613e-09 
 1.12201845e+05  1.21816390e-07  3.87182857e-09 
 1.14815362e+05  1.21572141e-07  3.86673625e-09 
 1.17489755e+05  1.21327227e-07  3.86173758e-09 
 1.20226443e+05  1.21081440e-07  3.85683099e-09 
 1.23026877e+05  1.20834565e-07  3.85201494e-09 
 1.25892541e+05  1.20586382e-07  3.84728791e-09 
 1.28824955e+05  1.20336664e-07  3.84264841e-09 
 1.31825674e+05  1.20085179e-07  3.83809497e-09 
 1.34896288e+05  1.19831688e-07  3.83362614e-09 
 1.38038426e+05  1.19575945e-07  3.82924052e-09 
 1.41253754e+05  1.19317697e-07  3.82493670e-09 
 1.44543977e+05  1.19056685e-07  3.82071331e-09 
 1.47910839e+05  1.18792642e-07  3.81656900e-09 
 1.51356125e+05  1.18525294e-07  3.81250245e-09 
 1.54881662e+05  1.18254359e-07  3.80851235e-09 
 1.58489319e+05  1.17979547e-07  3.80459743e-09 
 1.62181010e+05  1.17700559e-07  3.80075642e-09 
 1.65958691e+05  1.17417090e-07  3.79698811e-09 
 1.69824365e+05  1.17128826e-07  3.79329126e-09 
 1.73780083e+05  1.16835443e-07  3.78966471e-09 
 1.77827941e+05  1.16536610e-07  3.78610727e-09 
 1.81970086e+05  1.16231987e-07  3.78261781e-09 
 1.86208714e+05  1.15921224e-07  3.77919521e-09 
 1.90546072e+05  1.15603964e-07  3.77583836e-09 
 1.94984460e+05  1.15279840e-07  3.77254618e-09 
 1.99526231e+05  1.14948477e-07  3.76931763e-09 
 2.04173794e+05  1.14609489e-07  3.76615166e-09 
 2.08929613e+05  1.14262484e-07  3.76304727e-09 
 2.13796209e+05  1.13907060e-07  3.76000345e-09 
 2.18776162e+05  1.13542807e-07  3.75701924e-09 
 2.23872114e+05  1.13169305e-07  3.75409370e-09 
 2.29086765e+05  1.12786129e-07  3.75122589e-09 
 2.34422882e+05  1.12392844e-07  3.74841490e-09 
 2.39883292e+05  1.11989008e-07  3.74565985e-09 
 2.45470892e+05  1.11574173e-07  3.74295988e-09 
 2.51188643e+05  1.11147884e-07  3.74031414e-09 
 2.57039578e+05  1.10709680e-07  3.73772180e-09 
 2.63026799e+05  1.10259096e-07  3.73518208e-09 
 2.69153480e+05  1.09795661e-07  3.73269418e-09 
 2.75422870e+05  1.09318902e-07  3.73025735e-09 
 2.81838293e+05  1.08828343e-07  3.72787084e-09 
 2.88403150e+05  1.08323507e-07  3.72553395e-09 
 2.95120923e+05  1.07803915e-07  3.72324597e-09 
 3.01995172e+05  1.07269090e-07  3.72100624e-09 
 3.09029543e+05  1.06718558e-07  3.71881409e-09 
 3.16227766e+05  1.06151847e-07  3.71666890e-09 
 3.23593657e+05  1.05568493e-07  3.71457005e-09 
 3.31131121e+05  1.04968036e-07  3.71251695e-09 
 3.38844156e+05  1.04350026e-07  3.71050905e-09 
 3.46736850e+05  1.03714024e-07  3.70854579e-09 
 3.54813389e+05  1.03059605e-07  3.70662665e-09 
 3.63078055e+05  1.02386357e-07  3.70475113e-09 
 3.71535229e+05  1.01693885e-07  3.70291875e-09 
 3.80189396e+05  1.00981816e-07  3.70112905e-09 
 3.89045145e+05  1.00249798e-07  3.69938161e-09 
 3.98107171e+05  9.94975022e-08  3.69767601e-09 
 4.07380278e+05  9.87246289e-08  3.69601187e-09 
 4.16869383e+05  9.79309077e-08  3.69438882e-09 
 4.26579519e+05  9.71161008e-08  3.69280654e-09 
 4.36515832e+05  9.62800061e-08  3.69126469e-09 
 4.46683592e+05  9.54224595e-08  3.68976300e-09 
 4.57088190e+05  9.45433382e-08  3.68830120e-09 
 4.67735141e+05  9.36425628e-08  3.68687905e-09 
 4.78630092e+05  9.27201007e-08  3.68549634e-09 
 4.89778819e+05  9.17759682e-08  3.68415288e-09 
 5.01187234e+05  9.08102331e-08  3.68284851e-09 
 5.12861384e+05  8.98230173e-08  3.68158311e-09 
 5.24807460e+05  8.88144989e-08  3.68035656e-09 
 5.37031796e+05  8.77849139e-08  3.67916879e-09 
 5.49540874e+05  8.67345586e-08  3.67801974e-09 
 5.62341325e+05  8.56637905e-08  3.67690941e-09 
 5.75439937e+05  8.45730302e-08  3.67583780e-09 
 5.88843655e+05  8.34627617e-08  3.67480496e-09 
 6.02559586e+05  8.23335333e-08  3.67381095e-09 
 6.16595002e+05  8.11859582e-08  3.67285588e-09 
 6.30957344e+05  8.00207135e-08  3.67193988e-09 
 6.45654229e+05  7.88385404e-08  3.67106313e-09 
 6.60693448e+05  7.76402430e-08  3.67022582e-09 
 6.76082975e+05  7.64266867e-08  3.66942819e-09 
 6.91830971e+05  7.51987966e-08  3.66867051e-09 
 7.07945784e+05  7.39575549e-08  3.66795308e-09 
 7.24435960e+05  7.27039984e-08  3.66727626e-09 
 7.41310241e+05  7.14392156e-08  3.66664041e-09 
 7.58577575e+05  7.01643423e-08  3.66604595e-09 
 7.76247117e+05  6.88805585e-08  3.66549335e-09 
 7.94328235e+05  6.75890835e-08  3.66498308e-09 
 8.12830516e+05  6.62911714e-08  3.66451568e-09 
 8.31763771e+05  6.49881061e-08  3.66409173e-09 
 8.51138038e+05  6.36811961e-08  3.66371184e-09 
 8.70963590e+05  6.23717687e-08  3.66337666e-09 
 8.91250938e+05  6.10611647e-08  3.66308689e-09 
 9.12010839e+05  5.97507326e-08  3.66284328e-09 
 9.33254301e+05  5.84418225e-08  3.66264660e-09 
 9.54992586e+05  5.71357804e-08  3.66249768e-09 
 9.77237221e+05  5.58339423e-08  3.66239741e-09 
 1.00000000e+06  5.45376285e-08  3.66234668e-09 
 1.02329299e+06  5.32481381e-08  3.66234647e-09 
 1.04712855e+06  5.19667433e-08  3.66239779e-09 
 1.07151931e+06  5.06946844e-08  3.66250170e-09 
 1.09647820e+06  4.94331650e-08  3.66265929e-09 
 1.12201845e+06  4.81833473e-08  3.66287173e-09 
 1.14815362e+06  4.69463477e-08  3.66314020e-09 
 1.17489755e+06  4.57232335e-08  3.66346597e-09 
 1.20226443e+06  4.45150187e-08  3.66385032e-09 
 1.23026877e+06  4.33226618e-08  3.66429460e-09 
 1.25892541e+06  4.21470624e-08  3.66480021e-09 
 1.28824955e+06  4.09890599e-08  3.66536860e-09 
 1.31825674e+06  3.98494311e-08  3.66600125e-09 
 1.34896288e+06  3.87288896e-08  3.66669971e-09 
 1.38038426e+06  3.76280842e-08  3.66746559e-09 
 1.41253754e+06  3.65475995e-08  3.66830052e-09 
 1.44543977e+06  3.54879550e-08  3.66920620e-09 
 1.47910839e+06  3.44496061e-08  3.67018439e-09 
 1.51356125e+06  3.34329445e-08  3.67123688e-09 
 1.54881662e+06  3.24382996e-08  3.67236553e-09 
 1.58489319e+06  3.14659398e-08  3.67357224e-09 
 1.62181010e+06  3.05160739e-08  3.67485897e-09 
 1.65958691e+06  2.95888536e-08  3.67622773e-09 
 1.69824365e+06  2.86843751e-08  3.67768060e-09 
 1.73780083e+06  2.78026816e-08  3.67921971e-09 
 1.77827941e+06  2.69437660e-08  3.68084723e-09 
 1.81970086e+06  2.61075734e-08  3.68256540e-09 
 1.86208714e+06  2.52940035e-08  3.68437655e-09 
 1.90546072e+06  2.45029140e-08  3.68628303e-09 
 1.94984460e+06  2.37341227e-08  3.68828728e-09 
 1.99526231e+06  2.29874110e-08  3.69039182e-09 
 2.04173794e+06  2.22625265e-08  3.69259922e-09 
 2.08929613e+06  2.15591856e-08  3.69491214e-09 
 2.13796209e+06  2.08770767e-08  3.69733332e-09 
 2.18776162e+06  2.02158628e-08  3.69986560e-09 
 2.23872114e+06  1.95751839e-08  3.70251189e-09 
 2.29086765e+06  1.89546599e-08  3.70527521e-09 
 2.34422882e+06  1.83538932e-08  3.70815870e-09 
 2.39883292e+06  1.77724706e-08  3.71116559e-09 
 2.45470892e+06  1.72099662e-08  3.71429925e-09 
 2.51188643e+06  1.66659432e-08  3.71756317e-09 
 2.57039578e+06  1.61399558e-08  3.72096099e-09 
 2.63026799e+06  1.56315519e-08  3.72449650e-09 
 2.69153480e+06  1.51402740e-08  3.72817365e-09 
 2.75422870e+06  1.46656616e-08  3.73199656e-09 
 2.81838293e+06  1.42072525e-08  3.73596954e-09 
 2.88403150e+06  1.37645843e-08  3.74009710e-09 
 2.95120923e+06  1.33371957e-08  3.74438397e-09 
 3.01995172e+06  1.29246278e-08  3.74883510e-09 
 3.09029543e+06  1.25264254e-08  3.75345568e-09 
 3.16227766e+06  1.21421377e-08  3.75825117e-09 
 3.23593657e+06  1.17713195e-08  3.76322730e-09 
 3.31131121e+06  1.14135320e-08  3.76839009e-09 
 3.38844156e+06  1.10683433e-08  3.77374586e-09 
 3.46736850e+06  1.07353292e-08  3.77930127e-09 
 3.54813389e+06  1.04140738e-08  3.78506330e-09 
 3.63078055e+06  1.01041701e-08  3.79103931e-09 
 3.71535229e+06  9.80522002e-09  3.79723703e-09 
 3.80189396e+06  9.51683515e-09  3.80366458e-09 
 3.89045145e+06  9.23863678e-09  3.81033050e-09 
 3.98107171e+06  8.97025618e-09  3.81724374e-09 
 4.07380278e+06  8.71133478e-09  3.82441371e-09 
 4.16869383e+06  8.46152426e-09  3.83185028e-09 
 4.26579519e+06  8.22048663e-09  3.83956381e-09 
 4.36515832e+06  7.98789420e-09  3.84756512e-09 
 4.46683592e+06  7.76342962e-09  3.85586558e-09 
 4.57088190e+06  7.54678577e-09  3.86447706e-09 
 4.67735141e+06  7.33766572e-09  3.87341197e-09 
 4.78630092e+06  7.13578257e-09  3.88268329e-09 
 4.89778819e+06  6.94085934e-09  3.89230454e-09 
 5.01187234e+06  6.75262878e-09  3.90228983e-09 
 5.12861384e+06  6.57083323e-09  3.91265387e-09 
 5.24807460e+06  6.39522434e-09  3.92341195e-09 
 5.37031796e+06  6.22556295e-09  3.93457996e-09 
 5.49540874e+06  6.06161880e-09  3.94617445e-09 
 5.62341325e+06  5.90317030e-09  3.95821253e-09 
 5.75439937e+06  5.75000430e-09  3.97071200e-09 
 5.88843655e+06  5.60191584e-09  3.98369126e-09 
 6.02559586e+06  5.45870789e-09  3.99716934e-09 
 6.16595002e+06  5.32019107e-09  4.01116594e-09 
 6.30957344e+06  5.18618343e-09  4.02570137e-09 
 6.45654229e+06  5.05651015e-09  4.04079661e-09 
 6.60693448e+06  4.93100330e-09  4.05647325e-09 
 6.76082975e+06  4.80950158e-09  4.07275353e-09 
 6.91830971e+06  4.69185008e-09  4.08966031e-09 
 7.07945784e+06  4.57789999e-09  4.10721707e-09 
 7.24435960e+06  4.46750837e-09  4.12544791e-09 
 7.41310241e+06  4.36053794e-09  4.14437753e-09 
 7.58577575e+06  4.25685678e-09  4.16403120e-09 
 7.76247117e+06  4.15633817e-09  4.18443478e-09 
 7.94328235e+06  4.05886030e-09  4.20561468e-09 
 8.12830516e+06  3.96430611e-09  4.22759783e-09 
 8.31763771e+06  3.87256303e-09  4.25041169e-09 
 8.51138038e+06  3.78352283e-09  4.27408420e-09 
 8.70963590e+06  3.69708137e-09  4.29864375e-09 
 8.91250938e+06  3.61313845e-09  4.32411917e-09 
 9.12010839e+06  3.53159763e-09  4.35053969e-09 
 9.33254301e+06  3.45236604e-09  4.37793488e-09 
 9.54992586e+06  3.37535422e-09  4.40633467e-09 
 9.77237221e+06  3.30047600e-09  4.43576924e-09 
 1.00000000e+07  3.22764831e-09  4.46626901e-09 
 1.02329299e+07  3.15679104e-09  4.49786461e-09 
 1.04712855e+07  3.08782695e-09  4.53058680e-09 
 1.07151931e+07  3.02068151e-09  4.56446642e-09 
 1.09647820e+07  2.95528280e-09  4.59953435e-09 
 1.12201845e+07  2.89156140e-09  4.63582145e-09 
 1.14815362e+07  2.82945026e-09  4.67335849e-09 
 1.17489755e+07  2.76888466e-09  4.71217608e-09 
 1.20226443e+07  2.70980208e-09  4.75230461e-09 
 1.23026877e+07  2.65214213e-09  4.79377419e-09 
 1.25892541e+07  2.59584647e-09  4.83661454e-09 
 1.28824955e+07  2.54085873e-09  4.88085497e-09 
 1.31825674e+07  2.48712449e-09  4.92652426e-09 
 1.34896288e+07  2.43459118e-09  4.97365058e-09 
 1.38038426e+07  2.38320802e-09  5.02226142e-09 
 1.41253754e+07  2.33292600e-09  5.07238352e-09 
 1.44543977e+07  2.28369783e-09  5.12404274e-09 
 1.47910839e+07  2.23547790e-09  5.17726399e-09 
 1.51356125e+07  2.18822222e-09  5.23207115e-09 
 1.54881662e+07  2.14188843e-09  5.28848698e-09 
 1.58489319e+07  2.09643574e-09  5.34653298e-09 
 1.62181010e+07  2.05182494e-09  5.40622936e-09 
 1.65958691e+07  2.00801836e-09  5.46759490e-09 
 1.69824365e+07  1.96497985e-09  5.53064686e-09 
 1.73780083e+07  1.92267479e-09  5.59540091e-09 
 1.77827941e+07  1.88107007e-09  5.66187100e-09 
 1.81970086e+07  1.84013412e-09  5.73006929e-09 
 1.86208714e+07  1.79983684e-09  5.80000606e-09 
 1.90546072e+07  1.76014971e-09  5.87168963e-09 
 1.94984460e+07  1.72104569e-09  5.94512626e-09 
 1.99526231e+07  1.68249933e-09  6.02032007e-09 
 2.04173794e+07  1.64448671e-09  6.09727301e-09 
 2.08929613e+07  1.60698554e-09  6.17598475e-09 
 2.13796209e+07  1.56997510e-09  6.25645267e-09 
 2.18776162e+07  1.53343632e-09  6.33867176e-09 
 2.23872114e+07  1.49735179e-09  6.42263466e-09 
 2.29086765e+07  1.46170579e-09  6.50833158e-09 
 2.34422882e+07  1.42648433e-09  6.59575036e-09 
 2.39883292e+07  1.39167512e-09  6.68487641e-09 
 2.45470892e+07  1.35726767e-09  6.77569282e-09 
 2.51188643e+07  1.32325325e-09  6.86818033e-09 
 2.57039578e+07  1.28962490e-09  6.96231750e-09 
 2.63026799e+07  1.25637746e-09  7.05808071e-09 
 2.69153480e+07  1.22350755e-09  7.15544434e-09 
 2.75422870e+07  1.19101354e-09  7.25438092e-09 
 2.81838293e+07  1.15889550e-09  7.35486126e-09 
 2.88403150e+07  1.12715520e-09  7.45685466e-09 
 2.95120923e+07  1.09579600e-09  7.56032917e-09 
 3.01995172e+07  1.06482279e-09  7.66525179e-09 
 3.09029543e+07  1.03424190e-09  7.77158880e-09 
 3.16227766e+07  1.00406096e-09  7.87930604e-09 
 3.23593657e+07  9.74288791e-10  7.98836923e-09 
 3.31131121e+07  9.44935262e-10  8.09874437e-09 
 3.38844156e+07  9.16011121e-10  8.21039809e-09 
 3.46736850e+07  8.87527834e-10  8.32329807e-09 
 3.54813389e+07  8.59497406e-10  8.43741348e-09 
 3.63078055e+07  8.31932197e-10  8.55271540e-09 
 3.71535229e+07  8.04844735e-10  8.66917731e-09 
 3.80189396e+07  7.78247532e-10  8.78677555e-09 
 3.89045145e+07  7.52152897e-10  8.90548982e-09 
 3.98107171e+07  7.26572764e-10  9.02530372e-09 
 4.07380278e+07  7.01518520e-10  9.14620519e-09 
 4.16869383e+07  6.77000852e-10  9.26818709e-09 
 4.26579519e+07  6.53029606e-10  9.39124769e-09 
 4.36515832e+07  6.29613661e-10  9.51539119e-09 
 4.46683592e+07  6.06760822e-10  9.64062828e-09 
 4.57088190e+07  5.84477735e-10  9.76697661e-09 
 4.67735141e+07  5.62769811e-10  9.89446135e-09 
 4.78630092e+07  5.41641185e-10  1.00231157e-08 
 4.89778819e+07  5.21094676e-10  1.01529813e-08 
 5.01187234e+07  5.01131783e-10  1.02841090e-08 
 5.12861384e+07  4.81752684e-10  1.04165589e-08 
 5.24807460e+07  4.62956256e-10  1.05504014e-08 
 5.37031796e+07  4.44740113e-10  1.06857173e-08 
 5.49540874e+07  4.27100648e-10  1.08225983e-08 
 5.62341325e+07  4.10033092e-10  1.09611478e-08 
 5.75439937e+07  3.93531581e-10  1.11014809e-08 
 5.88843655e+07  3.77589225e-10  1.12437252e-08 
 6.02559586e+07  3.62198188e-10  1.13880215e-08 
 6.16595002e+07  3.47349771e-10  1.15345237e-08 
 6.30957344e+07  3.33034491e-10  1.16833998e-08 
 6.45654229e+07  3.19242166e-10  1.18348322e-08 
 6.60693448e+07  3.05962001e-10  1.19890183e-08 
 6.76082975e+07  2.93182668e-10  1.21461710e-08 
 6.91830971e+07  2.80892383e-10  1.23065194e-08 
 7.07945784e+07  2.69078986e-10  1.24703091e-08 
 7.24435960e+07  2.57730013e-10  1.26378032e-08 
 7.41310241e+07  2.46832761e-10  1.28092829e-08 
 7.58577575e+07  2.36374357e-10  1.29850479e-08 
 7.76247117e+07  2.26341813e-10  1.31654175e-08 
 7.94328235e+07  2.16722083e-10  1.33507311e-08 
 8.12830516e+07  2.07502113e-10  1.35413493e-08 
 8.31763771e+07  1.98668886e-10  1.37376546e-08 
 8.51138038e+07  1.90209462e-10  1.39400526e-08 
 8.70963590e+07  1.82111017e-10  1.41489728e-08 
 8.91250938e+07  1.74360873e-10  1.43648696e-08 
 9.12010839e+07  1.66946530e-10  1.45882237e-08 
 9.33254301e+07  1.59855684e-10  1.48195434e-08 
 9.54992586e+07  1.53076258e-10  1.50593655e-08 
 9.77237221e+07  1.46596411e-10  1.53082572e-08 
 1.00000000e+08  1.40404562e-10  1.55668171e-08 
 1.02329299e+08  1.34489395e-10  1.58356773e-08 
 1.04712855e+08  1.28839873e-10  1.61155047e-08 
 1.07151931e+08  1.23445249e-10  1.64070028e-08 
 1.09647820e+08  1.18295065e-10  1.67109138e-08 
 1.12201845e+08  1.13379164e-10  1.70280206e-08 
 1.14815362e+08  1.08687687e-10  1.73591487e-08 
 1.17489755e+08  1.04211078e-10  1.77051686e-08 
 1.20226443e+08  9.99400839e-11  1.80669981e-08 
 1.23026877e+08  9.58657507e-11  1.84456048e-08 
 1.25892541e+08  9.19794254e-11  1.88420091e-08 
 1.28824955e+08  8.82727515e-11  1.92572864e-08 
 1.31825674e+08  8.47376662e-11  1.96925702e-08 
 1.34896288e+08  8.13663964e-11  2.01490557e-08 
 1.38038426e+08  7.81514541e-11  2.06280023e-08 
 1.41253754e+08  7.50856317e-11  2.11307375e-08 
 1.44543977e+08  7.21619967e-11  2.16586604e-08 
 1.47910839e+08  6.93738863e-11  2.22132451e-08 
 1.51356125e+08  6.67149010e-11  2.27960453e-08 
 1.54881662e+08  6.41788993e-11  2.34086979e-08 
 1.58489319e+08  6.17599908e-11  2.40529272e-08 
 1.62181010e+08  5.94525302e-11  2.47305500e-08 
 1.65958691e+08  5.72511105e-11  2.54434798e-08 
 1.69824365e+08  5.51505570e-11  2.61937317e-08 
 1.73780083e+08  5.31459198e-11  2.69834278e-08 
 1.77827941e+08  5.12324678e-11  2.78148021e-08 
 1.81970086e+08  4.94056817e-11  2.86902065e-08 
 1.86208714e+08  4.76612474e-11  2.96121159e-08 
 1.90546072e+08  4.59950492e-11  3.05831346e-08 
 1.94984460e+08  4.44031631e-11  3.16060021e-08 
 1.99526231e+08  4.28818503e-11  3.26835996e-08 
 2.04173794e+08  4.14275508e-11  3.38189565e-08 
 2.08929613e+08  4.00368762e-11  3.50152569e-08 
 2.13796209e+08  3.87066041e-11  3.62758466e-08 
 2.18776162e+08  3.74336710e-11  3.76042402e-08 
 2.23872114e+08  3.62151667e-11  3.90041283e-08 
 2.29086765e+08  3.50483276e-11  4.04793850e-08 
 2.34422882e+08  3.39305310e-11  4.20340753e-08 
 2.39883292e+08  3.28592887e-11  4.36724628e-08 
 2.45470892e+08  3.18322420e-11  4.53990177e-08 
 2.51188643e+08  3.08471551e-11  4.72184247e-08 
 2.57039578e+08  2.99019102e-11  4.91355910e-08 
 2.63026799e+08  2.89945019e-11  5.11556546e-08 
 2.69153480e+08  2.81230319e-11  5.32839925e-08 
 2.75422870e+08  2.72857041e-11  5.55262290e-08 
 2.81838293e+08  2.64808193e-11  5.78882444e-08 
 2.88403150e+08  2.57067709e-11  6.03761828e-08 
 2.95120923e+08  2.49620398e-11  6.29964615e-08 
 3.01995172e+08  2.42451906e-11  6.57557787e-08 
 3.09029543e+08  2.35548664e-11  6.86611223e-08 
 3.16227766e+08  2.28897855e-11  7.17197788e-08 
 3.23593657e+08  2.22487371e-11  7.49393411e-08 
 3.31131121e+08  2.16305775e-11  7.83277175e-08 
 3.38844156e+08  2.10342264e-11  8.18931399e-08 
 3.46736850e+08  2.04586636e-11  8.56441722e-08 
 3.54813389e+08  1.99029256e-11  8.95897184e-08 
 3.63078055e+08  1.93661023e-11  9.37390312e-08 
 3.71535229e+08  1.88473342e-11  9.81017198e-08 
 3.80189396e+08  1.83458094e-11  1.02687758e-07 
 3.89045145e+08  1.78607608e-11  1.07507492e-07 
 3.98107171e+08  1.73914636e-11  1.12571647e-07 
 4.07380278e+08  1.69372329e-11  1.17891338e-07 
 4.16869383e+08  1.64974213e-11  1.23478073e-07 
 4.26579519e+08  1.60714165e-11  1.29343762e-07 
 4.36515832e+08  1.56586395e-11  1.35500725e-07 
 4.46683592e+08  1.52585426e-11  1.41961696e-07 
 4.57088190e+08  1.48706073e-11  1.48739832e-07 
 4.67735141e+08  1.44943427e-11  1.55848714e-07 
 4.78630092e+08  1.41292841e-11  1.63302359e-07 
 4.89778819e+08  1.37749907e-11  1.71115220e-07 
 5.01187234e+08  1.34310451e-11  1.79302191e-07 
 5.12861384e+08  1.30970511e-11  1.87878611e-07 
 5.24807460e+08  1.27726329e-11  1.96860270e-07 
 5.37031796e+08  1.24574337e-11  2.06263406e-07 
 5.49540874e+08  1.21511143e-11  2.16104709e-07 
 5.62341325e+08  1.18533528e-11  2.26401320e-07 
 5.75439937e+08  1.15638427e-11  2.37170833e-07 
 5.88843655e+08  1.12822925e-11  2.48431291e-07 
 6.02559586e+08  1.10084245e-11  2.60201180e-07 
 6.16595002e+08  1.07419744e-11  2.72499430e-07 
 6.30957344e+08  1.04826901e-11  2.85345403e-07 
 6.45654229e+08  1.02303311e-11  2.98758890e-07 
 6.60693448e+08  9.98466796e-12  3.12760094e-07 
 6.76082975e+08  9.74548144e-12  3.27369625e-07 
 6.91830971e+08  9.51256212e-12  3.42608484e-07 
 7.07945784e+08  9.28570971e-12  3.58498042e-07 
 7.24435960e+08  9.06473255e-12  3.75060029e-07 
 7.41310241e+08  8.84944716e-12  3.92316505e-07 
 7.58577575e+08  8.63967775e-12  4.10289841e-07 
 7.76247117e+08  8.43525580e-12  4.29002692e-07 
 7.94328235e+08  8.23601967e-12  4.48477963e-07 
 8.12830516e+08  8.04181423e-12  4.68738784e-07 
 8.31763771e+08  7.85249049e-12  4.89808469e-07 
 8.51138038e+08  7.66790528e-12  5.11710478e-07 
 8.70963590e+08  7.48792096e-12  5.34468380e-07 
 8.91250938e+08  7.31240512e-12  5.58105805e-07 
 9.12010839e+08  7.14123030e-12  5.82646401e-07 
 9.33254301e+08  6.97427377e-12  6.08113780e-07 
 9.54992586e+08  6.81141726e-12  6.34531469e-07 
 9.77237221e+08  6.65254675e-12  6.61922856e-07 
 1.00000000e+09  6.49755227e-12  6.90311132e-07 
