 frequency       av              ph             
 1.00000000e+00  1.19580145e+01 -2.35460474e-05 
 1.02920053e+00  1.19580145e+01 -2.42336044e-05 
 1.05925373e+00  1.19580145e+01 -2.49412385e-05 
 1.09018449e+00  1.19580145e+01 -2.56695358e-05 
 1.12201845e+00  1.19580145e+01 -2.64190998e-05 
 1.15478198e+00  1.19580145e+01 -2.71905514e-05 
 1.18850223e+00  1.19580145e+01 -2.79845298e-05 
 1.22320712e+00  1.19580145e+01 -2.88016929e-05 
 1.25892541e+00  1.19580145e+01 -2.96427175e-05 
 1.29568670e+00  1.19580145e+01 -3.05083004e-05 
 1.33352143e+00  1.19580145e+01 -3.13991589e-05 
 1.37246096e+00  1.19580145e+01 -3.23160309e-05 
 1.41253754e+00  1.19580145e+01 -3.32596760e-05 
 1.45378439e+00  1.19580145e+01 -3.42308761e-05 
 1.49623566e+00  1.19580145e+01 -3.52304357e-05 
 1.53992653e+00  1.19580145e+01 -3.62591830e-05 
 1.58489319e+00  1.19580145e+01 -3.73179703e-05 
 1.63117291e+00  1.19580145e+01 -3.84076747e-05 
 1.67880402e+00  1.19580145e+01 -3.95291991e-05 
 1.72782598e+00  1.19580145e+01 -4.06834725e-05 
 1.77827941e+00  1.19580145e+01 -4.18714514e-05 
 1.83020611e+00  1.19580145e+01 -4.30941198e-05 
 1.88364909e+00  1.19580145e+01 -4.43524908e-05 
 1.93865264e+00  1.19580145e+01 -4.56476069e-05 
 1.99526231e+00  1.19580145e+01 -4.69805411e-05 
 2.05352503e+00  1.19580145e+01 -4.83523977e-05 
 2.11348904e+00  1.19580145e+01 -4.97643132e-05 
 2.17520403e+00  1.19580145e+01 -5.12174574e-05 
 2.23872114e+00  1.19580145e+01 -5.27130341e-05 
 2.30409298e+00  1.19580145e+01 -5.42522825e-05 
 2.37137371e+00  1.19580145e+01 -5.58364778e-05 
 2.44061907e+00  1.19580145e+01 -5.74669324e-05 
 2.51188643e+00  1.19580145e+01 -5.91449971e-05 
 2.58523484e+00  1.19580145e+01 -6.08720622e-05 
 2.66072506e+00  1.19580145e+01 -6.26495585e-05 
 2.73841963e+00  1.19580145e+01 -6.44789586e-05 
 2.81838293e+00  1.19580145e+01 -6.63617782e-05 
 2.90068120e+00  1.19580145e+01 -6.82995771e-05 
 2.98538262e+00  1.19580145e+01 -7.02939608e-05 
 3.07255737e+00  1.19580145e+01 -7.23465815e-05 
 3.16227766e+00  1.19580145e+01 -7.44591398e-05 
 3.25461783e+00  1.19580145e+01 -7.66333859e-05 
 3.34965439e+00  1.19580145e+01 -7.88711212e-05 
 3.44746607e+00  1.19580145e+01 -8.11741995e-05 
 3.54813389e+00  1.19580145e+01 -8.35445290e-05 
 3.65174127e+00  1.19580145e+01 -8.59840732e-05 
 3.75837404e+00  1.19580145e+01 -8.84948535e-05 
 3.86812055e+00  1.19580145e+01 -9.10789499e-05 
 3.98107171e+00  1.19580145e+01 -9.37385032e-05 
 4.09732110e+00  1.19580145e+01 -9.64757170e-05 
 4.21696503e+00  1.19580145e+01 -9.92928588e-05 
 4.34010264e+00  1.19580145e+01 -1.02192263e-04 
 4.46683592e+00  1.19580145e+01 -1.05176331e-04 
 4.59726989e+00  1.19580145e+01 -1.08247535e-04 
 4.73151259e+00  1.19580145e+01 -1.11408420e-04 
 4.86967525e+00  1.19580145e+01 -1.14661604e-04 
 5.01187234e+00  1.19580145e+01 -1.18009784e-04 
 5.15822165e+00  1.19580145e+01 -1.21455732e-04 
 5.30884444e+00  1.19580145e+01 -1.25002303e-04 
 5.46386550e+00  1.19580145e+01 -1.28652436e-04 
 5.62341325e+00  1.19580145e+01 -1.32409155e-04 
 5.78761988e+00  1.19580145e+01 -1.36275572e-04 
 5.95662144e+00  1.19580145e+01 -1.40254891e-04 
 6.13055792e+00  1.19580145e+01 -1.44350408e-04 
 6.30957344e+00  1.19580145e+01 -1.48565516e-04 
 6.49381632e+00  1.19580145e+01 -1.52903707e-04 
 6.68343918e+00  1.19580145e+01 -1.57368576e-04 
 6.87859912e+00  1.19580145e+01 -1.61963821e-04 
 7.07945784e+00  1.19580145e+01 -1.66693250e-04 
 7.28618175e+00  1.19580145e+01 -1.71560781e-04 
 7.49894209e+00  1.19580145e+01 -1.76570446e-04 
 7.71791516e+00  1.19580145e+01 -1.81726396e-04 
 7.94328235e+00  1.19580145e+01 -1.87032903e-04 
 8.17523038e+00  1.19580145e+01 -1.92494362e-04 
 8.41395142e+00  1.19580145e+01 -1.98115299e-04 
 8.65964323e+00  1.19580145e+01 -2.03900370e-04 
 8.91250938e+00  1.19580145e+01 -2.09854369e-04 
 9.17275935e+00  1.19580145e+01 -2.15982227e-04 
 9.44060876e+00  1.19580145e+01 -2.22289022e-04 
 9.71627952e+00  1.19580145e+01 -2.28779978e-04 
 1.00000000e+01  1.19580145e+01 -2.35460474e-04 
 1.02920053e+01  1.19580145e+01 -2.42336044e-04 
 1.05925373e+01  1.19580145e+01 -2.49412385e-04 
 1.09018449e+01  1.19580145e+01 -2.56695358e-04 
 1.12201845e+01  1.19580145e+01 -2.64190998e-04 
 1.15478198e+01  1.19580145e+01 -2.71905514e-04 
 1.18850223e+01  1.19580145e+01 -2.79845298e-04 
 1.22320712e+01  1.19580145e+01 -2.88016929e-04 
 1.25892541e+01  1.19580145e+01 -2.96427175e-04 
 1.29568670e+01  1.19580145e+01 -3.05083004e-04 
 1.33352143e+01  1.19580145e+01 -3.13991589e-04 
 1.37246096e+01  1.19580145e+01 -3.23160309e-04 
 1.41253754e+01  1.19580145e+01 -3.32596760e-04 
 1.45378439e+01  1.19580145e+01 -3.42308761e-04 
 1.49623566e+01  1.19580145e+01 -3.52304357e-04 
 1.53992653e+01  1.19580145e+01 -3.62591830e-04 
 1.58489319e+01  1.19580145e+01 -3.73179703e-04 
 1.63117291e+01  1.19580145e+01 -3.84076747e-04 
 1.67880402e+01  1.19580145e+01 -3.95291991e-04 
 1.72782598e+01  1.19580145e+01 -4.06834725e-04 
 1.77827941e+01  1.19580145e+01 -4.18714514e-04 
 1.83020611e+01  1.19580145e+01 -4.30941198e-04 
 1.88364909e+01  1.19580145e+01 -4.43524908e-04 
 1.93865264e+01  1.19580145e+01 -4.56476069e-04 
 1.99526231e+01  1.19580145e+01 -4.69805411e-04 
 2.05352503e+01  1.19580145e+01 -4.83523977e-04 
 2.11348904e+01  1.19580145e+01 -4.97643132e-04 
 2.17520403e+01  1.19580145e+01 -5.12174574e-04 
 2.23872114e+01  1.19580145e+01 -5.27130341e-04 
 2.30409298e+01  1.19580145e+01 -5.42522825e-04 
 2.37137371e+01  1.19580145e+01 -5.58364778e-04 
 2.44061907e+01  1.19580145e+01 -5.74669324e-04 
 2.51188643e+01  1.19580145e+01 -5.91449971e-04 
 2.58523484e+01  1.19580145e+01 -6.08720622e-04 
 2.66072506e+01  1.19580145e+01 -6.26495585e-04 
 2.73841963e+01  1.19580145e+01 -6.44789586e-04 
 2.81838293e+01  1.19580145e+01 -6.63617782e-04 
 2.90068120e+01  1.19580145e+01 -6.82995771e-04 
 2.98538262e+01  1.19580145e+01 -7.02939608e-04 
 3.07255737e+01  1.19580145e+01 -7.23465815e-04 
 3.16227766e+01  1.19580145e+01 -7.44591398e-04 
 3.25461783e+01  1.19580145e+01 -7.66333859e-04 
 3.34965439e+01  1.19580145e+01 -7.88711212e-04 
 3.44746607e+01  1.19580145e+01 -8.11741995e-04 
 3.54813389e+01  1.19580145e+01 -8.35445290e-04 
 3.65174127e+01  1.19580145e+01 -8.59840732e-04 
 3.75837404e+01  1.19580145e+01 -8.84948535e-04 
 3.86812055e+01  1.19580145e+01 -9.10789499e-04 
 3.98107171e+01  1.19580145e+01 -9.37385032e-04 
 4.09732110e+01  1.19580145e+01 -9.64757170e-04 
 4.21696503e+01  1.19580145e+01 -9.92928587e-04 
 4.34010264e+01  1.19580145e+01 -1.02192263e-03 
 4.46683592e+01  1.19580145e+01 -1.05176331e-03 
 4.59726989e+01  1.19580145e+01 -1.08247535e-03 
 4.73151259e+01  1.19580145e+01 -1.11408420e-03 
 4.86967525e+01  1.19580145e+01 -1.14661604e-03 
 5.01187234e+01  1.19580145e+01 -1.18009784e-03 
 5.15822165e+01  1.19580145e+01 -1.21455732e-03 
 5.30884444e+01  1.19580145e+01 -1.25002303e-03 
 5.46386550e+01  1.19580145e+01 -1.28652436e-03 
 5.62341325e+01  1.19580145e+01 -1.32409155e-03 
 5.78761988e+01  1.19580145e+01 -1.36275572e-03 
 5.95662144e+01  1.19580145e+01 -1.40254891e-03 
 6.13055792e+01  1.19580145e+01 -1.44350408e-03 
 6.30957344e+01  1.19580145e+01 -1.48565516e-03 
 6.49381632e+01  1.19580145e+01 -1.52903707e-03 
 6.68343918e+01  1.19580145e+01 -1.57368576e-03 
 6.87859912e+01  1.19580145e+01 -1.61963821e-03 
 7.07945784e+01  1.19580145e+01 -1.66693250e-03 
 7.28618175e+01  1.19580145e+01 -1.71560781e-03 
 7.49894209e+01  1.19580145e+01 -1.76570446e-03 
 7.71791516e+01  1.19580145e+01 -1.81726396e-03 
 7.94328235e+01  1.19580145e+01 -1.87032903e-03 
 8.17523038e+01  1.19580145e+01 -1.92494362e-03 
 8.41395142e+01  1.19580145e+01 -1.98115299e-03 
 8.65964323e+01  1.19580145e+01 -2.03900370e-03 
 8.91250938e+01  1.19580145e+01 -2.09854369e-03 
 9.17275935e+01  1.19580145e+01 -2.15982227e-03 
 9.44060876e+01  1.19580145e+01 -2.22289022e-03 
 9.71627952e+01  1.19580145e+01 -2.28779978e-03 
 1.00000000e+02  1.19580145e+01 -2.35460474e-03 
 1.02920053e+02  1.19580145e+01 -2.42336044e-03 
 1.05925373e+02  1.19580145e+01 -2.49412385e-03 
 1.09018449e+02  1.19580145e+01 -2.56695358e-03 
 1.12201845e+02  1.19580145e+01 -2.64190997e-03 
 1.15478198e+02  1.19580145e+01 -2.71905514e-03 
 1.18850223e+02  1.19580145e+01 -2.79845298e-03 
 1.22320712e+02  1.19580145e+01 -2.88016928e-03 
 1.25892541e+02  1.19580145e+01 -2.96427175e-03 
 1.29568670e+02  1.19580145e+01 -3.05083004e-03 
 1.33352143e+02  1.19580145e+01 -3.13991589e-03 
 1.37246096e+02  1.19580145e+01 -3.23160309e-03 
 1.41253754e+02  1.19580145e+01 -3.32596760e-03 
 1.45378439e+02  1.19580145e+01 -3.42308761e-03 
 1.49623566e+02  1.19580145e+01 -3.52304357e-03 
 1.53992653e+02  1.19580145e+01 -3.62591830e-03 
 1.58489319e+02  1.19580145e+01 -3.73179703e-03 
 1.63117291e+02  1.19580145e+01 -3.84076747e-03 
 1.67880402e+02  1.19580145e+01 -3.95291990e-03 
 1.72782598e+02  1.19580145e+01 -4.06834725e-03 
 1.77827941e+02  1.19580145e+01 -4.18714513e-03 
 1.83020611e+02  1.19580145e+01 -4.30941198e-03 
 1.88364909e+02  1.19580145e+01 -4.43524908e-03 
 1.93865264e+02  1.19580145e+01 -4.56476069e-03 
 1.99526231e+02  1.19580145e+01 -4.69805411e-03 
 2.05352503e+02  1.19580145e+01 -4.83523976e-03 
 2.11348904e+02  1.19580145e+01 -4.97643131e-03 
 2.17520403e+02  1.19580145e+01 -5.12174573e-03 
 2.23872114e+02  1.19580145e+01 -5.27130341e-03 
 2.30409298e+02  1.19580145e+01 -5.42522824e-03 
 2.37137371e+02  1.19580145e+01 -5.58364777e-03 
 2.44061907e+02  1.19580145e+01 -5.74669323e-03 
 2.51188643e+02  1.19580145e+01 -5.91449970e-03 
 2.58523484e+02  1.19580145e+01 -6.08720621e-03 
 2.66072506e+02  1.19580145e+01 -6.26495584e-03 
 2.73841963e+02  1.19580145e+01 -6.44789585e-03 
 2.81838293e+02  1.19580145e+01 -6.63617781e-03 
 2.90068120e+02  1.19580145e+01 -6.82995770e-03 
 2.98538262e+02  1.19580145e+01 -7.02939606e-03 
 3.07255737e+02  1.19580144e+01 -7.23465813e-03 
 3.16227766e+02  1.19580144e+01 -7.44591396e-03 
 3.25461783e+02  1.19580144e+01 -7.66333857e-03 
 3.34965439e+02  1.19580144e+01 -7.88711210e-03 
 3.44746607e+02  1.19580144e+01 -8.11741993e-03 
 3.54813389e+02  1.19580144e+01 -8.35445287e-03 
 3.65174127e+02  1.19580144e+01 -8.59840729e-03 
 3.75837404e+02  1.19580144e+01 -8.84948532e-03 
 3.86812055e+02  1.19580144e+01 -9.10789495e-03 
 3.98107171e+02  1.19580144e+01 -9.37385028e-03 
 4.09732110e+02  1.19580144e+01 -9.64757165e-03 
 4.21696503e+02  1.19580144e+01 -9.92928582e-03 
 4.34010264e+02  1.19580144e+01 -1.02192262e-02 
 4.46683592e+02  1.19580144e+01 -1.05176330e-02 
 4.59726989e+02  1.19580144e+01 -1.08247534e-02 
 4.73151259e+02  1.19580144e+01 -1.11408419e-02 
 4.86967525e+02  1.19580144e+01 -1.14661604e-02 
 5.01187234e+02  1.19580144e+01 -1.18009783e-02 
 5.15822165e+02  1.19580144e+01 -1.21455731e-02 
 5.30884444e+02  1.19580144e+01 -1.25002302e-02 
 5.46386550e+02  1.19580143e+01 -1.28652435e-02 
 5.62341325e+02  1.19580143e+01 -1.32409154e-02 
 5.78761988e+02  1.19580143e+01 -1.36275571e-02 
 5.95662144e+02  1.19580143e+01 -1.40254889e-02 
 6.13055792e+02  1.19580143e+01 -1.44350406e-02 
 6.30957344e+02  1.19580143e+01 -1.48565514e-02 
 6.49381632e+02  1.19580143e+01 -1.52903705e-02 
 6.68343918e+02  1.19580143e+01 -1.57368574e-02 
 6.87859912e+02  1.19580143e+01 -1.61963819e-02 
 7.07945784e+02  1.19580143e+01 -1.66693248e-02 
 7.28618175e+02  1.19580142e+01 -1.71560778e-02 
 7.49894209e+02  1.19580142e+01 -1.76570443e-02 
 7.71791516e+02  1.19580142e+01 -1.81726393e-02 
 7.94328235e+02  1.19580142e+01 -1.87032900e-02 
 8.17523038e+02  1.19580142e+01 -1.92494359e-02 
 8.41395142e+02  1.19580142e+01 -1.98115295e-02 
 8.65964323e+02  1.19580141e+01 -2.03900366e-02 
 8.91250938e+02  1.19580141e+01 -2.09854364e-02 
 9.17275935e+02  1.19580141e+01 -2.15982222e-02 
 9.44060876e+02  1.19580141e+01 -2.22289016e-02 
 9.71627952e+02  1.19580140e+01 -2.28779972e-02 
 1.00000000e+03  1.19580140e+01 -2.35460468e-02 
 1.02920053e+03  1.19580140e+01 -2.42336037e-02 
 1.05925373e+03  1.19580140e+01 -2.49412377e-02 
 1.09018449e+03  1.19580139e+01 -2.56695349e-02 
 1.12201845e+03  1.19580139e+01 -2.64190988e-02 
 1.15478198e+03  1.19580138e+01 -2.71905504e-02 
 1.18850223e+03  1.19580138e+01 -2.79845287e-02 
 1.22320712e+03  1.19580138e+01 -2.88016916e-02 
 1.25892541e+03  1.19580137e+01 -2.96427161e-02 
 1.29568670e+03  1.19580137e+01 -3.05082990e-02 
 1.33352143e+03  1.19580136e+01 -3.13991573e-02 
 1.37246096e+03  1.19580136e+01 -3.23160292e-02 
 1.41253754e+03  1.19580135e+01 -3.32596741e-02 
 1.45378439e+03  1.19580135e+01 -3.42308740e-02 
 1.49623566e+03  1.19580134e+01 -3.52304335e-02 
 1.53992653e+03  1.19580133e+01 -3.62591806e-02 
 1.58489319e+03  1.19580133e+01 -3.73179676e-02 
 1.63117291e+03  1.19580132e+01 -3.84076718e-02 
 1.67880402e+03  1.19580131e+01 -3.95291959e-02 
 1.72782598e+03  1.19580131e+01 -4.06834690e-02 
 1.77827941e+03  1.19580130e+01 -4.18714476e-02 
 1.83020611e+03  1.19580129e+01 -4.30941157e-02 
 1.88364909e+03  1.19580128e+01 -4.43524863e-02 
 1.93865264e+03  1.19580127e+01 -4.56476020e-02 
 1.99526231e+03  1.19580126e+01 -4.69805358e-02 
 2.05352503e+03  1.19580125e+01 -4.83523919e-02 
 2.11348904e+03  1.19580123e+01 -4.97643068e-02 
 2.17520403e+03  1.19580122e+01 -5.12174505e-02 
 2.23872114e+03  1.19580121e+01 -5.27130266e-02 
 2.30409298e+03  1.19580119e+01 -5.42522743e-02 
 2.37137371e+03  1.19580118e+01 -5.58364688e-02 
 2.44061907e+03  1.19580116e+01 -5.74669226e-02 
 2.51188643e+03  1.19580114e+01 -5.91449864e-02 
 2.58523484e+03  1.19580113e+01 -6.08720506e-02 
 2.66072506e+03  1.19580111e+01 -6.26495458e-02 
 2.73841963e+03  1.19580109e+01 -6.44789448e-02 
 2.81838293e+03  1.19580107e+01 -6.63617631e-02 
 2.90068120e+03  1.19580104e+01 -6.82995607e-02 
 2.98538262e+03  1.19580102e+01 -7.02939429e-02 
 3.07255737e+03  1.19580099e+01 -7.23465620e-02 
 3.16227766e+03  1.19580097e+01 -7.44591185e-02 
 3.25461783e+03  1.19580094e+01 -7.66333627e-02 
 3.34965439e+03  1.19580091e+01 -7.88710959e-02 
 3.44746607e+03  1.19580088e+01 -8.11741720e-02 
 3.54813389e+03  1.19580084e+01 -8.35444989e-02 
 3.65174127e+03  1.19580081e+01 -8.59840405e-02 
 3.75837404e+03  1.19580077e+01 -8.84948178e-02 
 3.86812055e+03  1.19580073e+01 -9.10789109e-02 
 3.98107171e+03  1.19580068e+01 -9.37384608e-02 
 4.09732110e+03  1.19580064e+01 -9.64756707e-02 
 4.21696503e+03  1.19580059e+01 -9.92928083e-02 
 4.34010264e+03  1.19580054e+01 -1.02192208e-01 
 4.46683592e+03  1.19580049e+01 -1.05176271e-01 
 4.59726989e+03  1.19580043e+01 -1.08247469e-01 
 4.73151259e+03  1.19580037e+01 -1.11408349e-01 
 4.86967525e+03  1.19580030e+01 -1.14661527e-01 
 5.01187234e+03  1.19580024e+01 -1.18009699e-01 
 5.15822165e+03  1.19580016e+01 -1.21455639e-01 
 5.30884444e+03  1.19580009e+01 -1.25002202e-01 
 5.46386550e+03  1.19580001e+01 -1.28652326e-01 
 5.62341325e+03  1.19579992e+01 -1.32409036e-01 
 5.78761988e+03  1.19579983e+01 -1.36275442e-01 
 5.95662144e+03  1.19579974e+01 -1.40254749e-01 
 6.13055792e+03  1.19579963e+01 -1.44350253e-01 
 6.30957344e+03  1.19579953e+01 -1.48565347e-01 
 6.49381632e+03  1.19579941e+01 -1.52903523e-01 
 6.68343918e+03  1.19579929e+01 -1.57368375e-01 
 6.87859912e+03  1.19579916e+01 -1.61963602e-01 
 7.07945784e+03  1.19579903e+01 -1.66693012e-01 
 7.28618175e+03  1.19579889e+01 -1.71560521e-01 
 7.49894209e+03  1.19579873e+01 -1.76570163e-01 
 7.71791516e+03  1.19579857e+01 -1.81726087e-01 
 7.94328235e+03  1.19579840e+01 -1.87032566e-01 
 8.17523038e+03  1.19579822e+01 -1.92493995e-01 
 8.41395142e+03  1.19579803e+01 -1.98114898e-01 
 8.65964323e+03  1.19579783e+01 -2.03899933e-01 
 8.91250938e+03  1.19579761e+01 -2.09853892e-01 
 9.17275935e+03  1.19579739e+01 -2.15981708e-01 
 9.44060876e+03  1.19579714e+01 -2.22288456e-01 
 9.71627952e+03  1.19579689e+01 -2.28779361e-01 
 1.00000000e+04  1.19579662e+01 -2.35459802e-01 
 1.02920053e+04  1.19579633e+01 -2.42335311e-01 
 1.05925373e+04  1.19579603e+01 -2.49411585e-01 
 1.09018449e+04  1.19579571e+01 -2.56694486e-01 
 1.12201845e+04  1.19579537e+01 -2.64190047e-01 
 1.15478198e+04  1.19579501e+01 -2.71904478e-01 
 1.18850223e+04  1.19579463e+01 -2.79844169e-01 
 1.22320712e+04  1.19579422e+01 -2.88015697e-01 
 1.25892541e+04  1.19579379e+01 -2.96425832e-01 
 1.29568670e+04  1.19579334e+01 -3.05081541e-01 
 1.33352143e+04  1.19579286e+01 -3.13989994e-01 
 1.37246096e+04  1.19579235e+01 -3.23158570e-01 
 1.41253754e+04  1.19579181e+01 -3.32594864e-01 
 1.45378439e+04  1.19579124e+01 -3.42306694e-01 
 1.49623566e+04  1.19579064e+01 -3.52302104e-01 
 1.53992653e+04  1.19579000e+01 -3.62589373e-01 
 1.58489319e+04  1.19578932e+01 -3.73177024e-01 
 1.63117291e+04  1.19578860e+01 -3.84073827e-01 
 1.67880402e+04  1.19578784e+01 -3.95288807e-01 
 1.72782598e+04  1.19578703e+01 -4.06831255e-01 
 1.77827941e+04  1.19578618e+01 -4.18710730e-01 
 1.83020611e+04  1.19578527e+01 -4.30937073e-01 
 1.88364909e+04  1.19578431e+01 -4.43520412e-01 
 1.93865264e+04  1.19578330e+01 -4.56471167e-01 
 1.99526231e+04  1.19578222e+01 -4.69800067e-01 
 2.05352503e+04  1.19578108e+01 -4.83518151e-01 
 2.11348904e+04  1.19577987e+01 -4.97636780e-01 
 2.17520403e+04  1.19577860e+01 -5.12167649e-01 
 2.23872114e+04  1.19577724e+01 -5.27122792e-01 
 2.30409298e+04  1.19577581e+01 -5.42514595e-01 
 2.37137371e+04  1.19577429e+01 -5.58355806e-01 
 2.44061907e+04  1.19577268e+01 -5.74659542e-01 
 2.51188643e+04  1.19577097e+01 -5.91439308e-01 
 2.58523484e+04  1.19576917e+01 -6.08708997e-01 
 2.66072506e+04  1.19576726e+01 -6.26482912e-01 
 2.73841963e+04  1.19576523e+01 -6.44775770e-01 
 2.81838293e+04  1.19576308e+01 -6.63602720e-01 
 2.90068120e+04  1.19576081e+01 -6.82979351e-01 
 2.98538262e+04  1.19575840e+01 -7.02921707e-01 
 3.07255737e+04  1.19575585e+01 -7.23446299e-01 
 3.16227766e+04  1.19575315e+01 -7.44570123e-01 
 3.25461783e+04  1.19575029e+01 -7.66310665e-01 
 3.34965439e+04  1.19574726e+01 -7.88685926e-01 
 3.44746607e+04  1.19574405e+01 -8.11714429e-01 
 3.54813389e+04  1.19574065e+01 -8.35415238e-01 
 3.65174127e+04  1.19573704e+01 -8.59807971e-01 
 3.75837404e+04  1.19573323e+01 -8.84912819e-01 
 3.86812055e+04  1.19572918e+01 -9.10750562e-01 
 3.98107171e+04  1.19572490e+01 -9.37342584e-01 
 4.09732110e+04  1.19572037e+01 -9.64710893e-01 
 4.21696503e+04  1.19571556e+01 -9.92878138e-01 
 4.34010264e+04  1.19571048e+01 -1.02186763e+00 
 4.46683592e+04  1.19570509e+01 -1.05170335e+00 
 4.59726989e+04  1.19569938e+01 -1.08240998e+00 
 4.73151259e+04  1.19569333e+01 -1.11401294e+00 
 4.86967525e+04  1.19568692e+01 -1.14653836e+00 
 5.01187234e+04  1.19568014e+01 -1.18001315e+00 
 5.15822165e+04  1.19567295e+01 -1.21446499e+00 
 5.30884444e+04  1.19566534e+01 -1.24992238e+00 
 5.46386550e+04  1.19565727e+01 -1.28641463e+00 
 5.62341325e+04  1.19564873e+01 -1.32397193e+00 
 5.78761988e+04  1.19563968e+01 -1.36262531e+00 
 5.95662144e+04  1.19563010e+01 -1.40240674e+00 
 6.13055792e+04  1.19561995e+01 -1.44334909e+00 
 6.30957344e+04  1.19560920e+01 -1.48548619e+00 
 6.49381632e+04  1.19559781e+01 -1.52885287e+00 
 6.68343918e+04  1.19558575e+01 -1.57348495e+00 
 6.87859912e+04  1.19557297e+01 -1.61941930e+00 
 7.07945784e+04  1.19555943e+01 -1.66669385e+00 
 7.28618175e+04  1.19554510e+01 -1.71534764e+00 
 7.49894209e+04  1.19552991e+01 -1.76542083e+00 
 7.71791516e+04  1.19551383e+01 -1.81695476e+00 
 7.94328235e+04  1.19549679e+01 -1.86999195e+00 
 8.17523038e+04  1.19547874e+01 -1.92457615e+00 
 8.41395142e+04  1.19545963e+01 -1.98075239e+00 
 8.65964323e+04  1.19543938e+01 -2.03856699e+00 
 8.91250938e+04  1.19541794e+01 -2.09806760e+00 
 9.17275935e+04  1.19539522e+01 -2.15930326e+00 
 9.44060876e+04  1.19537116e+01 -2.22232442e+00 
 9.71627952e+04  1.19534568e+01 -2.28718298e+00 
 1.00000000e+05  1.19531869e+01 -2.35393234e+00 
 1.02920053e+05  1.19529010e+01 -2.42262743e+00 
 1.05925373e+05  1.19525981e+01 -2.49332476e+00 
 1.09018449e+05  1.19522774e+01 -2.56608246e+00 
 1.12201845e+05  1.19519377e+01 -2.64096034e+00 
 1.15478198e+05  1.19515778e+01 -2.71801991e+00 
 1.18850223e+05  1.19511967e+01 -2.79732445e+00 
 1.22320712e+05  1.19507930e+01 -2.87893904e+00 
 1.25892541e+05  1.19503655e+01 -2.96293063e+00 
 1.29568670e+05  1.19499127e+01 -3.04936806e+00 
 1.33352143e+05  1.19494330e+01 -3.13832216e+00 
 1.37246096e+05  1.19489250e+01 -3.22986575e+00 
 1.41253754e+05  1.19483870e+01 -3.32407372e+00 
 1.45378439e+05  1.19478172e+01 -3.42102308e+00 
 1.49623566e+05  1.19472136e+01 -3.52079303e+00 
 1.53992653e+05  1.19465744e+01 -3.62346501e+00 
 1.58489319e+05  1.19458974e+01 -3.72912272e+00 
 1.63117291e+05  1.19451804e+01 -3.83785226e+00 
 1.67880402e+05  1.19444211e+01 -3.94974210e+00 
 1.72782598e+05  1.19436168e+01 -4.06488323e+00 
 1.77827941e+05  1.19427651e+01 -4.18336914e+00 
 1.83020611e+05  1.19418631e+01 -4.30529594e+00 
 1.88364909e+05  1.19409078e+01 -4.43076240e+00 
 1.93865264e+05  1.19398961e+01 -4.55987004e+00 
 1.99526231e+05  1.19388247e+01 -4.69272315e+00 
 2.05352503e+05  1.19376901e+01 -4.82942891e+00 
 2.11348904e+05  1.19364886e+01 -4.97009741e+00 
 2.17520403e+05  1.19352162e+01 -5.11484177e+00 
 2.23872114e+05  1.19338688e+01 -5.26377816e+00 
 2.30409298e+05  1.19324420e+01 -5.41702588e+00 
 2.37137371e+05  1.19309311e+01 -5.57470746e+00 
 2.44061907e+05  1.19293312e+01 -5.73694870e+00 
 2.51188643e+05  1.19276371e+01 -5.90387875e+00 
 2.58523484e+05  1.19258432e+01 -6.07563016e+00 
 2.66072506e+05  1.19239439e+01 -6.25233897e+00 
 2.73841963e+05  1.19219328e+01 -6.43414480e+00 
 2.81838293e+05  1.19198035e+01 -6.62119084e+00 
 2.90068120e+05  1.19175491e+01 -6.81362401e+00 
 2.98538262e+05  1.19151623e+01 -7.01159494e+00 
 3.07255737e+05  1.19126354e+01 -7.21525811e+00 
 3.16227766e+05  1.19099603e+01 -7.42477184e+00 
 3.25461783e+05  1.19071283e+01 -7.64029839e+00 
 3.34965439e+05  1.19041303e+01 -7.86200400e+00 
 3.44746607e+05  1.19009568e+01 -8.09005895e+00 
 3.54813389e+05  1.18975976e+01 -8.32463761e+00 
 3.65174127e+05  1.18940420e+01 -8.56591844e+00 
 3.75837404e+05  1.18902786e+01 -8.81408410e+00 
 3.86812055e+05  1.18862956e+01 -9.06932143e+00 
 3.98107171e+05  1.18820802e+01 -9.33182147e+00 
 4.09732110e+05  1.18776191e+01 -9.60177953e+00 
 4.21696503e+05  1.18728983e+01 -9.87939515e+00 
 4.34010264e+05  1.18679030e+01 -1.01648721e+01 
 4.46683592e+05  1.18626175e+01 -1.04584185e+01 
 4.59726989e+05  1.18570253e+01 -1.07602464e+01 
 4.73151259e+05  1.18511089e+01 -1.10705725e+01 
 4.86967525e+05  1.18448501e+01 -1.13896172e+01 
 5.01187234e+05  1.18382296e+01 -1.17176053e+01 
 5.15822165e+05  1.18312269e+01 -1.20547654e+01 
 5.30884444e+05  1.18238207e+01 -1.24013302e+01 
 5.46386550e+05  1.18159883e+01 -1.27575361e+01 
 5.62341325e+05  1.18077060e+01 -1.31236233e+01 
 5.78761988e+05  1.17989489e+01 -1.34998355e+01 
 5.95662144e+05  1.17896906e+01 -1.38864198e+01 
 6.13055792e+05  1.17799036e+01 -1.42836263e+01 
 6.30957344e+05  1.17695588e+01 -1.46917083e+01 
 6.49381632e+05  1.17586259e+01 -1.51109218e+01 
 6.68343918e+05  1.17470728e+01 -1.55415251e+01 
 6.87859912e+05  1.17348660e+01 -1.59837788e+01 
 7.07945784e+05  1.17219703e+01 -1.64379450e+01 
 7.28618175e+05  1.17083490e+01 -1.69042876e+01 
 7.49894209e+05  1.16939633e+01 -1.73830712e+01 
 7.71791516e+05  1.16787731e+01 -1.78745611e+01 
 7.94328235e+05  1.16627361e+01 -1.83790227e+01 
 8.17523038e+05  1.16458081e+01 -1.88967208e+01 
 8.41395142e+05  1.16279432e+01 -1.94279192e+01 
 8.65964323e+05  1.16090933e+01 -1.99728801e+01 
 8.91250938e+05  1.15892083e+01 -2.05318634e+01 
 9.17275935e+05  1.15682361e+01 -2.11051260e+01 
 9.44060876e+05  1.15461224e+01 -2.16929208e+01 
 9.71627952e+05  1.15228108e+01 -2.22954965e+01 
 1.00000000e+06  1.14982428e+01 -2.29130960e+01 
 1.02920053e+06  1.14723577e+01 -2.35459563e+01 
 1.05925373e+06  1.14450925e+01 -2.41943068e+01 
 1.09018449e+06  1.14163822e+01 -2.48583690e+01 
 1.12201845e+06  1.13861596e+01 -2.55383551e+01 
 1.15478198e+06  1.13543553e+01 -2.62344670e+01 
 1.18850223e+06  1.13208978e+01 -2.69468954e+01 
 1.22320712e+06  1.12857136e+01 -2.76758185e+01 
 1.25892541e+06  1.12487271e+01 -2.84214011e+01 
 1.29568670e+06  1.12098610e+01 -2.91837934e+01 
 1.33352143e+06  1.11690360e+01 -2.99631297e+01 
 1.37246096e+06  1.11261712e+01 -3.07595274e+01 
 1.41253754e+06  1.10811839e+01 -3.15730862e+01 
 1.45378439e+06  1.10339903e+01 -3.24038866e+01 
 1.49623566e+06  1.09845050e+01 -3.32519889e+01 
 1.53992653e+06  1.09326417e+01 -3.41174326e+01 
 1.58489319e+06  1.08783131e+01 -3.50002349e+01 
 1.63117291e+06  1.08214313e+01 -3.59003905e+01 
 1.67880402e+06  1.07619079e+01 -3.68178703e+01 
 1.72782598e+06  1.06996542e+01 -3.77526212e+01 
 1.77827941e+06  1.06345816e+01 -3.87045652e+01 
 1.83020611e+06  1.05666019e+01 -3.96735993e+01 
 1.88364909e+06  1.04956275e+01 -4.06595953e+01 
 1.93865264e+06  1.04215715e+01 -4.16623994e+01 
 1.99526231e+06  1.03443486e+01 -4.26818327e+01 
 2.05352503e+06  1.02638748e+01 -4.37176914e+01 
 2.11348904e+06  1.01800678e+01 -4.47697471e+01 
 2.17520403e+06  1.00928477e+01 -4.58377478e+01 
 2.23872114e+06  1.00021370e+01 -4.69214186e+01 
 2.30409298e+06  9.90786094e+00 -4.80204627e+01 
 2.37137371e+06  9.80994771e+00 -4.91345633e+01 
 2.44061907e+06  9.70832894e+00 -5.02633845e+01 
 2.51188643e+06  9.60293978e+00 -5.14065731e+01 
 2.58523484e+06  9.49371919e+00 -5.25637609e+01 
 2.66072506e+06  9.38061013e+00 -5.37345665e+01 
 2.73841963e+06  9.26355972e+00 -5.49185973e+01 
 2.81838293e+06  9.14251943e+00 -5.61154526e+01 
 2.90068120e+06  9.01744511e+00 -5.73247250e+01 
 2.98538262e+06  8.88829716e+00 -5.85460039e+01 
 3.07255737e+06  8.75504045e+00 -5.97788776e+01 
 3.16227766e+06  8.61764439e+00 -6.10229362e+01 
 3.25461783e+06  8.47608285e+00 -6.22777739e+01 
 3.34965439e+06  8.33033408e+00 -6.35429920e+01 
 3.44746607e+06  8.18038055e+00 -6.48182010e+01 
 3.54813389e+06  8.02620881e+00 -6.61030236e+01 
 3.65174127e+06  7.86780927e+00 -6.73970963e+01 
 3.75837404e+06  7.70517596e+00 -6.87000725e+01 
 3.86812055e+06  7.53830623e+00 -7.00116236e+01 
 3.98107171e+06  7.36720048e+00 -7.13314413e+01 
 4.09732110e+06  7.19186180e+00 -7.26592391e+01 
 4.21696503e+06  7.01229562e+00 -7.39947538e+01 
 4.34010264e+06  6.82850934e+00 -7.53377463e+01 
 4.46683592e+06  6.64051192e+00 -7.66880026e+01 
 4.59726989e+06  6.44831352e+00 -7.80453345e+01 
 4.73151259e+06  6.25192507e+00 -7.94095798e+01 
 4.86967525e+06  6.05135783e+00 -8.07806025e+01 
 5.01187234e+06  5.84662306e+00 -8.21582922e+01 
 5.15822165e+06  5.63773156e+00 -8.35425643e+01 
 5.30884444e+06  5.42469327e+00 -8.49333585e+01 
 5.46386550e+06  5.20751697e+00 -8.63306383e+01 
 5.62341325e+06  4.98620985e+00 -8.77343898e+01 
 5.78761988e+06  4.76077718e+00 -8.91446199e+01 
 5.95662144e+06  4.53122203e+00 -9.05613550e+01 
 6.13055792e+06  4.29754496e+00 -9.19846392e+01 
 6.30957344e+06  4.05974375e+00 -9.34145319e+01 
 6.49381632e+06  3.81781317e+00 -9.48511062e+01 
 6.68343918e+06  3.57174480e+00 -9.62944461e+01 
 6.87859912e+06  3.32152683e+00 -9.77446445e+01 
 7.07945784e+06  3.06714398e+00 -9.92018003e+01 
 7.28618175e+06  2.80857732e+00 -1.00666016e+02 
 7.49894209e+06  2.54580430e+00 -1.02137396e+02 
 7.71791516e+06  2.27879866e+00 -1.03616043e+02 
 7.94328235e+06  2.00753047e+00 -1.05102053e+02 
 8.17523038e+06  1.73196617e+00 -1.06595519e+02 
 8.41395142e+06  1.45206866e+00 -1.08096521e+02 
 8.65964323e+06  1.16779740e+00 -1.09605130e+02 
 8.91250938e+06  8.79108599e-01 -1.11121399e+02 
 9.17275935e+06  5.85955373e-01 -1.12645367e+02 
 9.44060876e+06  2.88287981e-01 -1.14177052e+02 
 9.71627952e+06 -1.39459280e-02 -1.15716452e+02 
 1.00000000e+07 -3.20801033e-01 -1.17263539e+02 
 1.02920053e+07 -6.32334033e-01 -1.18818263e+02 
 1.05925373e+07 -9.48603313e-01 -1.20380543e+02 
 1.09018449e+07 -1.26966859e+00 -1.21950272e+02 
 1.12201845e+07 -1.59559055e+00 -1.23527313e+02 
 1.15478198e+07 -1.92643042e+00 -1.25111497e+02 
 1.18850223e+07 -2.26224961e+00 -1.26702625e+02 
 1.22320712e+07 -2.60310927e+00 -1.28300462e+02 
 1.25892541e+07 -2.94906986e+00 -1.29904744e+02 
 1.29568670e+07 -3.30019075e+00 -1.31515171e+02 
 1.33352143e+07 -3.65652979e+00 -1.33131410e+02 
 1.37246096e+07 -4.01814283e+00 -1.34753099e+02 
 1.41253754e+07 -4.38508340e+00 -1.36379838e+02 
 1.45378439e+07 -4.75740220e+00 -1.38011198e+02 
 1.49623566e+07 -5.13514677e+00 -1.39646721e+02 
 1.53992653e+07 -5.51836105e+00 -1.41285916e+02 
 1.58489319e+07 -5.90708507e+00 -1.42928265e+02 
 1.63117291e+07 -6.30135454e+00 -1.44573222e+02 
 1.67880402e+07 -6.70120054e+00 -1.46220217e+02 
 1.72782598e+07 -7.10664919e+00 -1.47868656e+02 
 1.77827941e+07 -7.51772138e+00 -1.49517919e+02 
 1.83020611e+07 -7.93443247e+00 -1.51167371e+02 
 1.88364909e+07 -8.35679202e+00 -1.52816355e+02 
 1.93865264e+07 -8.78480358e+00 -1.54464199e+02 
 1.99526231e+07 -9.21846446e+00 -1.56110215e+02 
 2.05352503e+07 -9.65776551e+00 -1.57753704e+02 
 2.11348904e+07 -1.01026909e+01 -1.59393956e+02 
 2.17520403e+07 -1.05532182e+01 -1.61030255e+02 
 2.23872114e+07 -1.10093176e+01 -1.62661874e+02 
 2.30409298e+07 -1.14709525e+01 -1.64288088e+02 
 2.37137371e+07 -1.19380790e+01 -1.65908166e+02 
 2.44061907e+07 -1.24106457e+01 -1.67521379e+02 
 2.51188643e+07 -1.28885938e+01 -1.69127002e+02 
 2.58523484e+07 -1.33718568e+01 -1.70724313e+02 
 2.66072506e+07 -1.38603604e+01 -1.72312599e+02 
 2.73841963e+07 -1.43540228e+01 -1.73891157e+02 
 2.81838293e+07 -1.48527540e+01 -1.75459294e+02 
 2.90068120e+07 -1.53564562e+01 -1.77016335e+02 
 2.98538262e+07 -1.58650238e+01 -1.78561621e+02 
 3.07255737e+07 -1.63783428e+01 -1.80094513e+02 
 3.16227766e+07 -1.68962915e+01 -1.81614394e+02 
 3.25461783e+07 -1.74187401e+01 -1.83120675e+02 
 3.34965439e+07 -1.79455506e+01 -1.84612793e+02 
 3.44746607e+07 -1.84765775e+01 -1.86090218e+02 
 3.54813389e+07 -1.90116670e+01 -1.87552453e+02 
 3.65174127e+07 -1.95506580e+01 -1.88999038e+02 
 3.75837404e+07 -2.00933816e+01 -1.90429555e+02 
 3.86812055e+07 -2.06396615e+01 -1.91843626e+02 
 3.98107171e+07 -2.11893145e+01 -1.93240921e+02 
 4.09732110e+07 -2.17421503e+01 -1.94621157e+02 
 4.21696503e+07 -2.22979720e+01 -1.95984104e+02 
 4.34010264e+07 -2.28565766e+01 -1.97329582e+02 
 4.46683592e+07 -2.34177551e+01 -1.98657472e+02 
 4.59726989e+07 -2.39812931e+01 -1.99967708e+02 
 4.73151259e+07 -2.45469712e+01 -2.01260288e+02 
 4.86967525e+07 -2.51145653e+01 -2.02535269e+02 
 5.01187234e+07 -2.56838473e+01 -2.03792772e+02 
 5.15822165e+07 -2.62545859e+01 -2.05032983e+02 
 5.30884444e+07 -2.68265464e+01 -2.06256153e+02 
 5.46386550e+07 -2.73994920e+01 -2.07462596e+02 
 5.62341325e+07 -2.79731841e+01 -2.08652693e+02 
 5.78761988e+07 -2.85473831e+01 -2.09826893e+02 
 5.95662144e+07 -2.91218485e+01 -2.10985705e+02 
 6.13055792e+07 -2.96963404e+01 -2.12129705e+02 
 6.30957344e+07 -3.02706192e+01 -2.13259528e+02 
 6.49381632e+07 -3.08444470e+01 -2.14375873e+02 
 6.68343918e+07 -3.14175878e+01 -2.15479494e+02 
 6.87859912e+07 -3.19898083e+01 -2.16571202e+02 
 7.07945784e+07 -3.25608782e+01 -2.17651859e+02 
 7.28618175e+07 -3.31305712e+01 -2.18722377e+02 
 7.49894209e+07 -3.36986654e+01 -2.19783715e+02 
 7.71791516e+07 -3.42649436e+01 -2.20836869e+02 
 7.94328235e+07 -3.48291943e+01 -2.21882877e+02 
 8.17523038e+07 -3.53912116e+01 -2.22922806e+02 
 8.41395142e+07 -3.59507961e+01 -2.23957752e+02 
 8.65964323e+07 -3.65077550e+01 -2.24988835e+02 
 8.91250938e+07 -3.70619029e+01 -2.26017189e+02 
 9.17275935e+07 -3.76130616e+01 -2.27043963e+02 
 9.44060876e+07 -3.81610607e+01 -2.28070313e+02 
 9.71627952e+07 -3.87057379e+01 -2.29097396e+02 
 1.00000000e+08 -3.92469391e+01 -2.30126364e+02 
 1.02920053e+08 -3.97845185e+01 -2.31158362e+02 
 1.05925373e+08 -4.03183393e+01 -2.32194519e+02 
 1.09018449e+08 -4.08482731e+01 -2.33235945e+02 
 1.12201845e+08 -4.13742004e+01 -2.34283727e+02 
 1.15478198e+08 -4.18960107e+01 -2.35338922e+02 
 1.18850223e+08 -4.24136026e+01 -2.36402553e+02 
 1.22320712e+08 -4.29268834e+01 -2.37475608e+02 
 1.25892541e+08 -4.34357696e+01 -2.38559032e+02 
 1.29568670e+08 -4.39401868e+01 -2.39653728e+02 
 1.33352143e+08 -4.44400696e+01 -2.40760549e+02 
 1.37246096e+08 -4.49353614e+01 -2.41880301e+02 
 1.41253754e+08 -4.54260147e+01 -2.43013736e+02 
 1.45378439e+08 -4.59119911e+01 -2.44161555e+02 
 1.49623566e+08 -4.63932608e+01 -2.45324401e+02 
 1.53992653e+08 -4.68698028e+01 -2.46502864e+02 
 1.58489319e+08 -4.73416052e+01 -2.47697477e+02 
 1.63117291e+08 -4.78086645e+01 -2.48908719e+02 
 1.67880402e+08 -4.82709858e+01 -2.50137012e+02 
 1.72782598e+08 -4.87285830e+01 -2.51382722e+02 
 1.77827941e+08 -4.91814783e+01 -2.52646165e+02 
 1.83020611e+08 -4.96297022e+01 -2.53927604e+02 
 1.88364909e+08 -5.00732935e+01 -2.55227251e+02 
 1.93865264e+08 -5.05122991e+01 -2.56545270e+02 
 1.99526231e+08 -5.09467738e+01 -2.57881781e+02 
 2.05352503e+08 -5.13767803e+01 -2.59236861e+02 
 2.11348904e+08 -5.18023887e+01 -2.60610543e+02 
 2.17520403e+08 -5.22236765e+01 -2.62002826e+02 
 2.23872114e+08 -5.26407283e+01 -2.63413672e+02 
 2.30409298e+08 -5.30536357e+01 -2.64843010e+02 
 2.37137371e+08 -5.34624965e+01 -2.66290740e+02 
 2.44061907e+08 -5.38674150e+01 -2.67756735e+02 
 2.51188643e+08 -5.42685010e+01 -2.69240842e+02 
 2.58523484e+08 -5.46658700e+01 -2.70742887e+02 
 2.66072506e+08 -5.50596423e+01 -2.72262674e+02 
 2.73841963e+08 -5.54499429e+01 -2.73799990e+02 
 2.81838293e+08 -5.58369006e+01 -2.75354604e+02 
 2.90068120e+08 -5.62206481e+01 -2.76926272e+02 
 2.98538262e+08 -5.66013208e+01 -2.78514733e+02 
 3.07255737e+08 -5.69790568e+01 -2.80119715e+02 
 3.16227766e+08 -5.73539958e+01 -2.81740933e+02 
 3.25461783e+08 -5.77262790e+01 -2.83378088e+02 
 3.34965439e+08 -5.80960484e+01 -2.85030872e+02 
 3.44746607e+08 -5.84634458e+01 -2.86698964e+02 
 3.54813389e+08 -5.88286126e+01 -2.88382029e+02 
 3.65174127e+08 -5.91916891e+01 -2.90079721e+02 
 3.75837404e+08 -5.95528138e+01 -2.91791680e+02 
 3.86812055e+08 -5.99121227e+01 -2.93517531e+02 
 3.98107171e+08 -6.02697487e+01 -2.95256883e+02 
 4.09732110e+08 -6.06258213e+01 -2.97009331e+02 
 4.21696503e+08 -6.09804657e+01 -2.98774450e+02 
 4.34010264e+08 -6.13338023e+01 -3.00551796e+02 
 4.46683592e+08 -6.16859460e+01 -3.02340906e+02 
 4.59726989e+08 -6.20370060e+01 -3.04141296e+02 
 4.73151259e+08 -6.23870852e+01 -3.05952459e+02 
 4.86967525e+08 -6.27362795e+01 -3.07773865e+02 
 5.01187234e+08 -6.30846777e+01 -3.09604959e+02 
 5.15822165e+08 -6.34323609e+01 -3.11445162e+02 
 5.30884444e+08 -6.37794023e+01 -3.13293869e+02 
 5.46386550e+08 -6.41258667e+01 -3.15150449e+02 
 5.62341325e+08 -6.44718106e+01 -3.17014245e+02 
 5.78761988e+08 -6.48172819e+01 -3.18884572e+02 
 5.95662144e+08 -6.51623195e+01 -3.20760721e+02 
 6.13055792e+08 -6.55069536e+01 -3.22641954e+02 
 6.30957344e+08 -6.58512059e+01 -3.24527511e+02 
 6.49381632e+08 -6.61950888e+01 -3.26416606e+02 
 6.68343918e+08 -6.65386066e+01 -3.28308427e+02 
 6.87859912e+08 -6.68817550e+01 -3.30202142e+02 
 7.07945784e+08 -6.72245217e+01 -3.32096898e+02 
 7.28618175e+08 -6.75668865e+01 -3.33991820e+02 
 7.49894209e+08 -6.79088220e+01 -3.35886016e+02 
 7.71791516e+08 -6.82502937e+01 -3.37778578e+02 
 7.94328235e+08 -6.85912608e+01 -3.39668584e+02 
 8.17523038e+08 -6.89316767e+01 -3.41555098e+02 
 8.41395142e+08 -6.92714894e+01 -3.43437175e+02 
 8.65964323e+08 -6.96106422e+01 -3.45313863e+02 
 8.91250938e+08 -6.99490747e+01 -3.47184204e+02 
 9.17275935e+08 -7.02867229e+01 -3.49047236e+02 
 9.44060876e+08 -7.06235203e+01 -3.50901999e+02 
 9.71627952e+08 -7.09593987e+01 -3.52747532e+02 
 1.00000000e+09 -7.12942884e+01 -3.54582882e+02 
