 frequency       onoise_spectrum inoise_spectrum
 1.00000000e+00  7.51485427e-06  2.35277021e-07 
 1.02329299e+00  7.43793437e-06  2.32868793e-07 
 1.04712855e+00  7.36181332e-06  2.30485575e-07 
 1.07151931e+00  7.28648271e-06  2.28127105e-07 
 1.09647820e+00  7.21193421e-06  2.25793121e-07 
 1.12201845e+00  7.13815958e-06  2.23483365e-07 
 1.14815362e+00  7.06515066e-06  2.21197583e-07 
 1.17489755e+00  6.99289939e-06  2.18935522e-07 
 1.20226443e+00  6.92139781e-06  2.16696931e-07 
 1.23026877e+00  6.85063800e-06  2.14481565e-07 
 1.25892541e+00  6.78061218e-06  2.12289178e-07 
 1.28824955e+00  6.71131260e-06  2.10119529e-07 
 1.31825674e+00  6.64273164e-06  2.07972378e-07 
 1.34896288e+00  6.57486172e-06  2.05847489e-07 
 1.38038426e+00  6.50769538e-06  2.03744627e-07 
 1.41253754e+00  6.44122521e-06  2.01663562e-07 
 1.44543977e+00  6.37544389e-06  1.99604063e-07 
 1.47910839e+00  6.31034418e-06  1.97565904e-07 
 1.51356125e+00  6.24591891e-06  1.95548861e-07 
 1.54881662e+00  6.18216100e-06  1.93552712e-07 
 1.58489319e+00  6.11906344e-06  1.91577237e-07 
 1.62181010e+00  6.05661928e-06  1.89622219e-07 
 1.65958691e+00  5.99482167e-06  1.87687443e-07 
 1.69824365e+00  5.93366381e-06  1.85772697e-07 
 1.73780083e+00  5.87313898e-06  1.83877770e-07 
 1.77827941e+00  5.81324054e-06  1.82002454e-07 
 1.81970086e+00  5.75396192e-06  1.80146543e-07 
 1.86208714e+00  5.69529661e-06  1.78309834e-07 
 1.90546072e+00  5.63723817e-06  1.76492126e-07 
 1.94984460e+00  5.57978023e-06  1.74693218e-07 
 1.99526231e+00  5.52291651e-06  1.72912913e-07 
 2.04173794e+00  5.46664075e-06  1.71151017e-07 
 2.08929613e+00  5.41094681e-06  1.69407337e-07 
 2.13796209e+00  5.35582858e-06  1.67681681e-07 
 2.18776162e+00  5.30128002e-06  1.65973860e-07 
 2.23872114e+00  5.24729517e-06  1.64283688e-07 
 2.29086765e+00  5.19386811e-06  1.62610980e-07 
 2.34422882e+00  5.14099301e-06  1.60955553e-07 
 2.39883292e+00  5.08866408e-06  1.59317225e-07 
 2.45470892e+00  5.03687560e-06  1.57695817e-07 
 2.51188643e+00  4.98562191e-06  1.56091154e-07 
 2.57039578e+00  4.93489742e-06  1.54503058e-07 
 2.63026799e+00  4.88469657e-06  1.52931357e-07 
 2.69153480e+00  4.83501390e-06  1.51375879e-07 
 2.75422870e+00  4.78584398e-06  1.49836454e-07 
 2.81838293e+00  4.73718145e-06  1.48312915e-07 
 2.88403150e+00  4.68902100e-06  1.46805095e-07 
 2.95120923e+00  4.64135737e-06  1.45312829e-07 
 3.01995172e+00  4.59418537e-06  1.43835956e-07 
 3.09029543e+00  4.54749986e-06  1.42374314e-07 
 3.16227766e+00  4.50129577e-06  1.40927744e-07 
 3.23593657e+00  4.45556804e-06  1.39496088e-07 
 3.31131121e+00  4.41031171e-06  1.38079192e-07 
 3.38844156e+00  4.36552186e-06  1.36676899e-07 
 3.46736850e+00  4.32119360e-06  1.35289058e-07 
 3.54813389e+00  4.27732213e-06  1.33915519e-07 
 3.63078055e+00  4.23390266e-06  1.32556131e-07 
 3.71535229e+00  4.19093048e-06  1.31210747e-07 
 3.80189396e+00  4.14840092e-06  1.29879220e-07 
 3.89045145e+00  4.10630936e-06  1.28561407e-07 
 3.98107171e+00  4.06465124e-06  1.27257163e-07 
 4.07380278e+00  4.02342202e-06  1.25966348e-07 
 4.16869383e+00  3.98261724e-06  1.24688821e-07 
 4.26579519e+00  3.94223246e-06  1.23424444e-07 
 4.36515832e+00  3.90226332e-06  1.22173080e-07 
 4.46683592e+00  3.86270547e-06  1.20934592e-07 
 4.57088190e+00  3.82355463e-06  1.19708847e-07 
 4.67735141e+00  3.78480656e-06  1.18495713e-07 
 4.78630092e+00  3.74645705e-06  1.17295056e-07 
 4.89778819e+00  3.70850197e-06  1.16106749e-07 
 5.01187234e+00  3.67093719e-06  1.14930661e-07 
 5.12861384e+00  3.63375866e-06  1.13766666e-07 
 5.24807460e+00  3.59696236e-06  1.12614637e-07 
 5.37031796e+00  3.56054429e-06  1.11474451e-07 
 5.49540874e+00  3.52450054e-06  1.10345984e-07 
 5.62341325e+00  3.48882720e-06  1.09229114e-07 
 5.75439937e+00  3.45352042e-06  1.08123720e-07 
 5.88843655e+00  3.41857638e-06  1.07029683e-07 
 6.02559586e+00  3.38399131e-06  1.05946884e-07 
 6.16595002e+00  3.34976149e-06  1.04875208e-07 
 6.30957344e+00  3.31588321e-06  1.03814538e-07 
 6.45654229e+00  3.28235282e-06  1.02764760e-07 
 6.60693448e+00  3.24916671e-06  1.01725760e-07 
 6.76082975e+00  3.21632130e-06  1.00697428e-07 
 6.91830971e+00  3.18381305e-06  9.96796508e-08 
 7.07945784e+00  3.15163845e-06  9.86723202e-08 
 7.24435960e+00  3.11979405e-06  9.76753273e-08 
 7.41310241e+00  3.08827641e-06  9.66885648e-08 
 7.58577575e+00  3.05708214e-06  9.57119265e-08 
 7.76247117e+00  3.02620789e-06  9.47453073e-08 
 7.94328235e+00  2.99565033e-06  9.37886033e-08 
 8.12830516e+00  2.96540618e-06  9.28417115e-08 
 8.31763771e+00  2.93547219e-06  9.19045303e-08 
 8.51138038e+00  2.90584513e-06  9.09769587e-08 
 8.70963590e+00  2.87652184e-06  9.00588974e-08 
 8.91250938e+00  2.84749915e-06  8.91502475e-08 
 9.12010839e+00  2.81877396e-06  8.82509116e-08 
 9.33254301e+00  2.79034317e-06  8.73607932e-08 
 9.54992586e+00  2.76220375e-06  8.64797966e-08 
 9.77237221e+00  2.73435266e-06  8.56078276e-08 
 1.00000000e+01  2.70678693e-06  8.47447924e-08 
 1.02329299e+01  2.67950359e-06  8.38905987e-08 
 1.04712855e+01  2.65249974e-06  8.30451549e-08 
 1.07151931e+01  2.62577246e-06  8.22083704e-08 
 1.09647820e+01  2.59931891e-06  8.13801555e-08 
 1.12201845e+01  2.57313624e-06  8.05604217e-08 
 1.14815362e+01  2.54722165e-06  7.97490812e-08 
 1.17489755e+01  2.52157238e-06  7.89460471e-08 
 1.20226443e+01  2.49618568e-06  7.81512336e-08 
 1.23026877e+01  2.47105883e-06  7.73645556e-08 
 1.25892541e+01  2.44618915e-06  7.65859292e-08 
 1.28824955e+01  2.42157398e-06  7.58152710e-08 
 1.31825674e+01  2.39721069e-06  7.50524987e-08 
 1.34896288e+01  2.37309668e-06  7.42975309e-08 
 1.38038426e+01  2.34922937e-06  7.35502869e-08 
 1.41253754e+01  2.32560621e-06  7.28106870e-08 
 1.44543977e+01  2.30222469e-06  7.20786523e-08 
 1.47910839e+01  2.27908232e-06  7.13541047e-08 
 1.51356125e+01  2.25617661e-06  7.06369669e-08 
 1.54881662e+01  2.23350513e-06  6.99271624e-08 
 1.58489319e+01  2.21106547e-06  6.92246156e-08 
 1.62181010e+01  2.18885524e-06  6.85292517e-08 
 1.65958691e+01  2.16687206e-06  6.78409966e-08 
 1.69824365e+01  2.14511359e-06  6.71597770e-08 
 1.73780083e+01  2.12357753e-06  6.64855203e-08 
 1.77827941e+01  2.10226158e-06  6.58181549e-08 
 1.81970086e+01  2.08116347e-06  6.51576097e-08 
 1.86208714e+01  2.06028096e-06  6.45038145e-08 
 1.90546072e+01  2.03961182e-06  6.38566998e-08 
 1.94984460e+01  2.01915386e-06  6.32161968e-08 
 1.99526231e+01  1.99890491e-06  6.25822373e-08 
 2.04173794e+01  1.97886282e-06  6.19547542e-08 
 2.08929613e+01  1.95902545e-06  6.13336806e-08 
 2.13796209e+01  1.93939070e-06  6.07189508e-08 
 2.18776162e+01  1.91995649e-06  6.01104995e-08 
 2.23872114e+01  1.90072075e-06  5.95082621e-08 
 2.29086765e+01  1.88168145e-06  5.89121746e-08 
 2.34422882e+01  1.86283657e-06  5.83221740e-08 
 2.39883292e+01  1.84418410e-06  5.77381977e-08 
 2.45470892e+01  1.82572207e-06  5.71601838e-08 
 2.51188643e+01  1.80744853e-06  5.65880710e-08 
 2.57039578e+01  1.78936154e-06  5.60217987e-08 
 2.63026799e+01  1.77145918e-06  5.54613070e-08 
 2.69153480e+01  1.75373957e-06  5.49065366e-08 
 2.75422870e+01  1.73620081e-06  5.43574288e-08 
 2.81838293e+01  1.71884107e-06  5.38139254e-08 
 2.88403150e+01  1.70165850e-06  5.32759690e-08 
 2.95120923e+01  1.68465129e-06  5.27435027e-08 
 3.01995172e+01  1.66781763e-06  5.22164702e-08 
 3.09029543e+01  1.65115575e-06  5.16948159e-08 
 3.16227766e+01  1.63466390e-06  5.11784846e-08 
 3.23593657e+01  1.61834032e-06  5.06674218e-08 
 3.31131121e+01  1.60218330e-06  5.01615735e-08 
 3.38844156e+01  1.58619113e-06  4.96608864e-08 
 3.46736850e+01  1.57036212e-06  4.91653076e-08 
 3.54813389e+01  1.55469460e-06  4.86747848e-08 
 3.63078055e+01  1.53918692e-06  4.81892664e-08 
 3.71535229e+01  1.52383745e-06  4.77087010e-08 
 3.80189396e+01  1.50864456e-06  4.72330382e-08 
 3.89045145e+01  1.49360666e-06  4.67622277e-08 
 3.98107171e+01  1.47872217e-06  4.62962200e-08 
 4.07380278e+01  1.46398950e-06  4.58349660e-08 
 4.16869383e+01  1.44940713e-06  4.53784172e-08 
 4.26579519e+01  1.43497350e-06  4.49265254e-08 
 4.36515832e+01  1.42068710e-06  4.44792431e-08 
 4.46683592e+01  1.40654643e-06  4.40365234e-08 
 4.57088190e+01  1.39255001e-06  4.35983196e-08 
 4.67735141e+01  1.37869635e-06  4.31645856e-08 
 4.78630092e+01  1.36498400e-06  4.27352760e-08 
 4.89778819e+01  1.35141153e-06  4.23103455e-08 
 5.01187234e+01  1.33797751e-06  4.18897495e-08 
 5.12861384e+01  1.32468052e-06  4.14734440e-08 
 5.24807460e+01  1.31151917e-06  4.10613851e-08 
 5.37031796e+01  1.29849208e-06  4.06535296e-08 
 5.49540874e+01  1.28559789e-06  4.02498347e-08 
 5.62341325e+01  1.27283523e-06  3.98502582e-08 
 5.75439937e+01  1.26020278e-06  3.94547580e-08 
 5.88843655e+01  1.24769920e-06  3.90632927e-08 
 6.02559586e+01  1.23532319e-06  3.86758213e-08 
 6.16595002e+01  1.22307344e-06  3.82923032e-08 
 6.30957344e+01  1.21094869e-06  3.79126982e-08 
 6.45654229e+01  1.19894765e-06  3.75369666e-08 
 6.60693448e+01  1.18706907e-06  3.71650689e-08 
 6.76082975e+01  1.17531171e-06  3.67969664e-08 
 6.91830971e+01  1.16367434e-06  3.64326205e-08 
 7.07945784e+01  1.15215573e-06  3.60719930e-08 
 7.24435960e+01  1.14075469e-06  3.57150462e-08 
 7.41310241e+01  1.12947002e-06  3.53617429e-08 
 7.58577575e+01  1.11830055e-06  3.50120460e-08 
 7.76247117e+01  1.10724510e-06  3.46659191e-08 
 7.94328235e+01  1.09630252e-06  3.43233260e-08 
 8.12830516e+01  1.08547167e-06  3.39842309e-08 
 8.31763771e+01  1.07475141e-06  3.36485983e-08 
 8.51138038e+01  1.06414063e-06  3.33163933e-08 
 8.70963590e+01  1.05363823e-06  3.29875812e-08 
 8.91250938e+01  1.04324309e-06  3.26621277e-08 
 9.12010839e+01  1.03295415e-06  3.23399988e-08 
 9.33254301e+01  1.02277032e-06  3.20211609e-08 
 9.54992586e+01  1.01269055e-06  3.17055808e-08 
 9.77237221e+01  1.00271378e-06  3.13932255e-08 
 1.00000000e+02  9.92838980e-07  3.10840627e-08 
 1.02329299e+02  9.83065113e-07  3.07780599e-08 
 1.04712855e+02  9.73391165e-07  3.04751854e-08 
 1.07151931e+02  9.63816126e-07  3.01754076e-08 
 1.09647820e+02  9.54339002e-07  2.98786953e-08 
 1.12201845e+02  9.44958804e-07  2.95850177e-08 
 1.14815362e+02  9.35674558e-07  2.92943441e-08 
 1.17489755e+02  9.26485297e-07  2.90066443e-08 
 1.20226443e+02  9.17390065e-07  2.87218885e-08 
 1.23026877e+02  9.08387918e-07  2.84400469e-08 
 1.25892541e+02  8.99477918e-07  2.81610903e-08 
 1.28824955e+02  8.90659140e-07  2.78849897e-08 
 1.31825674e+02  8.81930668e-07  2.76117165e-08 
 1.34896288e+02  8.73291594e-07  2.73412421e-08 
 1.38038426e+02  8.64741022e-07  2.70735386e-08 
 1.41253754e+02  8.56278063e-07  2.68085781e-08 
 1.44543977e+02  8.47901840e-07  2.65463331e-08 
 1.47910839e+02  8.39611481e-07  2.62867765e-08 
 1.51356125e+02  8.31406129e-07  2.60298812e-08 
 1.54881662e+02  8.23284930e-07  2.57756206e-08 
 1.58489319e+02  8.15247043e-07  2.55239683e-08 
 1.62181010e+02  8.07291634e-07  2.52748984e-08 
 1.65958691e+02  7.99417878e-07  2.50283848e-08 
 1.69824365e+02  7.91624959e-07  2.47844021e-08 
 1.73780083e+02  7.83912069e-07  2.45429250e-08 
 1.77827941e+02  7.76278410e-07  2.43039284e-08 
 1.81970086e+02  7.68723190e-07  2.40673876e-08 
 1.86208714e+02  7.61245627e-07  2.38332782e-08 
 1.90546072e+02  7.53844946e-07  2.36015758e-08 
 1.94984460e+02  7.46520382e-07  2.33722564e-08 
 1.99526231e+02  7.39271175e-07  2.31452964e-08 
 2.04173794e+02  7.32096576e-07  2.29206723e-08 
 2.08929613e+02  7.24995843e-07  2.26983607e-08 
 2.13796209e+02  7.17968240e-07  2.24783387e-08 
 2.18776162e+02  7.11013041e-07  2.22605836e-08 
 2.23872114e+02  7.04129526e-07  2.20450728e-08 
 2.29086765e+02  6.97316984e-07  2.18317840e-08 
 2.34422882e+02  6.90574709e-07  2.16206951e-08 
 2.39883292e+02  6.83902007e-07  2.14117845e-08 
 2.45470892e+02  6.77298185e-07  2.12050304e-08 
 2.51188643e+02  6.70762563e-07  2.10004115e-08 
 2.57039578e+02  6.64294465e-07  2.07979066e-08 
 2.63026799e+02  6.57893222e-07  2.05974949e-08 
 2.69153480e+02  6.51558173e-07  2.03991556e-08 
 2.75422870e+02  6.45288665e-07  2.02028683e-08 
 2.81838293e+02  6.39084049e-07  2.00086127e-08 
 2.88403150e+02  6.32943685e-07  1.98163686e-08 
 2.95120923e+02  6.26866939e-07  1.96261164e-08 
 3.01995172e+02  6.20853184e-07  1.94378362e-08 
 3.09029543e+02  6.14901799e-07  1.92515088e-08 
 3.16227766e+02  6.09012169e-07  1.90671148e-08 
 3.23593657e+02  6.03183687e-07  1.88846353e-08 
 3.31131121e+02  5.97415752e-07  1.87040514e-08 
 3.38844156e+02  5.91707768e-07  1.85253444e-08 
 3.46736850e+02  5.86059146e-07  1.83484960e-08 
 3.54813389e+02  5.80469304e-07  1.81734879e-08 
 3.63078055e+02  5.74937665e-07  1.80003020e-08 
 3.71535229e+02  5.69463658e-07  1.78289205e-08 
 3.80189396e+02  5.64046718e-07  1.76593257e-08 
 3.89045145e+02  5.58686288e-07  1.74915001e-08 
 3.98107171e+02  5.53381814e-07  1.73254263e-08 
 4.07380278e+02  5.48132749e-07  1.71610874e-08 
 4.16869383e+02  5.42938551e-07  1.69984662e-08 
 4.26579519e+02  5.37798686e-07  1.68375461e-08 
 4.36515832e+02  5.32712622e-07  1.66783105e-08 
 4.46683592e+02  5.27679836e-07  1.65207429e-08 
 4.57088190e+02  5.22699807e-07  1.63648270e-08 
 4.67735141e+02  5.17772024e-07  1.62105468e-08 
 4.78630092e+02  5.12895976e-07  1.60578865e-08 
 4.89778819e+02  5.08071162e-07  1.59068301e-08 
 5.01187234e+02  5.03297084e-07  1.57573622e-08 
 5.12861384e+02  4.98573248e-07  1.56094674e-08 
 5.24807460e+02  4.93899169e-07  1.54631303e-08 
 5.37031796e+02  4.89274362e-07  1.53183359e-08 
 5.49540874e+02  4.84698352e-07  1.51750692e-08 
 5.62341325e+02  4.80170666e-07  1.50333154e-08 
 5.75439937e+02  4.75690837e-07  1.48930600e-08 
 5.88843655e+02  4.71258401e-07  1.47542884e-08 
 6.02559586e+02  4.66872902e-07  1.46169863e-08 
 6.16595002e+02  4.62533887e-07  1.44811396e-08 
 6.30957344e+02  4.58240906e-07  1.43467341e-08 
 6.45654229e+02  4.53993518e-07  1.42137561e-08 
 6.60693448e+02  4.49791283e-07  1.40821917e-08 
 6.76082975e+02  4.45633766e-07  1.39520274e-08 
 6.91830971e+02  4.41520538e-07  1.38232498e-08 
 7.07945784e+02  4.37451173e-07  1.36958454e-08 
 7.24435960e+02  4.33425251e-07  1.35698011e-08 
 7.41310241e+02  4.29442355e-07  1.34451039e-08 
 7.58577575e+02  4.25502072e-07  1.33217409e-08 
 7.76247117e+02  4.21603995e-07  1.31996993e-08 
 7.94328235e+02  4.17747720e-07  1.30789665e-08 
 8.12830516e+02  4.13932847e-07  1.29595299e-08 
 8.31763771e+02  4.10158980e-07  1.28413771e-08 
 8.51138038e+02  4.06425729e-07  1.27244960e-08 
 8.70963590e+02  4.02732705e-07  1.26088743e-08 
 8.91250938e+02  3.99079526e-07  1.24945002e-08 
 9.12010839e+02  3.95465812e-07  1.23813616e-08 
 9.33254301e+02  3.91891188e-07  1.22694469e-08 
 9.54992586e+02  3.88355281e-07  1.21587443e-08 
 9.77237221e+02  3.84857724e-07  1.20492425e-08 
 1.00000000e+03  3.81398153e-07  1.19409300e-08 
 1.02329299e+03  3.77976207e-07  1.18337954e-08 
 1.04712855e+03  3.74591530e-07  1.17278277e-08 
 1.07151931e+03  3.71243768e-07  1.16230158e-08 
 1.09647820e+03  3.67932573e-07  1.15193488e-08 
 1.12201845e+03  3.64657597e-07  1.14168157e-08 
 1.14815362e+03  3.61418499e-07  1.13154060e-08 
 1.17489755e+03  3.58214940e-07  1.12151089e-08 
 1.20226443e+03  3.55046583e-07  1.11159140e-08 
 1.23026877e+03  3.51913098e-07  1.10178109e-08 
 1.25892541e+03  3.48814154e-07  1.09207892e-08 
 1.28824955e+03  3.45749428e-07  1.08248389e-08 
 1.31825674e+03  3.42718595e-07  1.07299498e-08 
 1.34896288e+03  3.39721338e-07  1.06361119e-08 
 1.38038426e+03  3.36757340e-07  1.05433153e-08 
 1.41253754e+03  3.33826290e-07  1.04515503e-08 
 1.44543977e+03  3.30927876e-07  1.03608071e-08 
 1.47910839e+03  3.28061793e-07  1.02710762e-08 
 1.51356125e+03  3.25227737e-07  1.01823480e-08 
 1.54881662e+03  3.22425407e-07  1.00946133e-08 
 1.58489319e+03  3.19654507e-07  1.00078625e-08 
 1.62181010e+03  3.16914741e-07  9.92208655e-09 
 1.65958691e+03  3.14205818e-07  9.83727629e-09 
 1.69824365e+03  3.11527449e-07  9.75342268e-09 
 1.73780083e+03  3.08879348e-07  9.67051675e-09 
 1.77827941e+03  3.06261230e-07  9.58854964e-09 
 1.81970086e+03  3.03672817e-07  9.50751256e-09 
 1.86208714e+03  3.01113830e-07  9.42739682e-09 
 1.90546072e+03  2.98583993e-07  9.34819381e-09 
 1.94984460e+03  2.96083034e-07  9.26989498e-09 
 1.99526231e+03  2.93610683e-07  9.19249190e-09 
 2.04173794e+03  2.91166673e-07  9.11597618e-09 
 2.08929613e+03  2.88750738e-07  9.04033954e-09 
 2.13796209e+03  2.86362617e-07  8.96557377e-09 
 2.18776162e+03  2.84002049e-07  8.89167072e-09 
 2.23872114e+03  2.81668776e-07  8.81862234e-09 
 2.29086765e+03  2.79362544e-07  8.74642064e-09 
 2.34422882e+03  2.77083100e-07  8.67505770e-09 
 2.39883292e+03  2.74830192e-07  8.60452570e-09 
 2.45470892e+03  2.72603574e-07  8.53481686e-09 
 2.51188643e+03  2.70402998e-07  8.46592348e-09 
 2.57039578e+03  2.68228222e-07  8.39783795e-09 
 2.63026799e+03  2.66079003e-07  8.33055269e-09 
 2.69153480e+03  2.63955102e-07  8.26406023e-09 
 2.75422870e+03  2.61856283e-07  8.19835314e-09 
 2.81838293e+03  2.59782309e-07  8.13342406e-09 
 2.88403150e+03  2.57732949e-07  8.06926570e-09 
 2.95120923e+03  2.55707970e-07  8.00587084e-09 
 3.01995172e+03  2.53707144e-07  7.94323230e-09 
 3.09029543e+03  2.51730243e-07  7.88134299e-09 
 3.16227766e+03  2.49777043e-07  7.82019586e-09 
 3.23593657e+03  2.47847321e-07  7.75978394e-09 
 3.31131121e+03  2.45940855e-07  7.70010030e-09 
 3.38844156e+03  2.44057425e-07  7.64113808e-09 
 3.46736850e+03  2.42196815e-07  7.58289047e-09 
 3.54813389e+03  2.40358808e-07  7.52535074e-09 
 3.63078055e+03  2.38543190e-07  7.46851218e-09 
 3.71535229e+03  2.36749750e-07  7.41236816e-09 
 3.80189396e+03  2.34978276e-07  7.35691210e-09 
 3.89045145e+03  2.33228560e-07  7.30213746e-09 
 3.98107171e+03  2.31500395e-07  7.24803779e-09 
 4.07380278e+03  2.29793575e-07  7.19460664e-09 
 4.16869383e+03  2.28107896e-07  7.14183765e-09 
 4.26579519e+03  2.26443156e-07  7.08972449e-09 
 4.36515832e+03  2.24799155e-07  7.03826090e-09 
 4.46683592e+03  2.23175693e-07  6.98744065e-09 
 4.57088190e+03  2.21572572e-07  6.93725757e-09 
 4.67735141e+03  2.19989597e-07  6.88770552e-09 
 4.78630092e+03  2.18426573e-07  6.83877843e-09 
 4.89778819e+03  2.16883306e-07  6.79047027e-09 
 5.01187234e+03  2.15359606e-07  6.74277504e-09 
 5.12861384e+03  2.13855280e-07  6.69568679e-09 
 5.24807460e+03  2.12370142e-07  6.64919964e-09 
 5.37031796e+03  2.10904002e-07  6.60330772e-09 
 5.49540874e+03  2.09456675e-07  6.55800522e-09 
 5.62341325e+03  2.08027976e-07  6.51328636e-09 
 5.75439937e+03  2.06617721e-07  6.46914543e-09 
 5.88843655e+03  2.05225728e-07  6.42557672e-09 
 6.02559586e+03  2.03851815e-07  6.38257459e-09 
 6.16595002e+03  2.02495804e-07  6.34013343e-09 
 6.30957344e+03  2.01157515e-07  6.29824767e-09 
 6.45654229e+03  1.99836771e-07  6.25691178e-09 
 6.60693448e+03  1.98533395e-07  6.21612027e-09 
 6.76082975e+03  1.97247214e-07  6.17586769e-09 
 6.91830971e+03  1.95978052e-07  6.13614862e-09 
 7.07945784e+03  1.94725738e-07  6.09695767e-09 
 7.24435960e+03  1.93490099e-07  6.05828951e-09 
 7.41310241e+03  1.92270965e-07  6.02013883e-09 
 7.58577575e+03  1.91068167e-07  5.98250035e-09 
 7.76247117e+03  1.89881536e-07  5.94536884e-09 
 7.94328235e+03  1.88710905e-07  5.90873910e-09 
 8.12830516e+03  1.87556108e-07  5.87260595e-09 
 8.31763771e+03  1.86416980e-07  5.83696427e-09 
 8.51138038e+03  1.85293357e-07  5.80180895e-09 
 8.70963590e+03  1.84185075e-07  5.76713493e-09 
 8.91250938e+03  1.83091972e-07  5.73293717e-09 
 9.12010839e+03  1.82013888e-07  5.69921067e-09 
 9.33254301e+03  1.80950661e-07  5.66595047e-09 
 9.54992586e+03  1.79902133e-07  5.63315162e-09 
 9.77237221e+03  1.78868146e-07  5.60080922e-09 
 1.00000000e+04  1.77848541e-07  5.56891840e-09 
 1.02329299e+04  1.76843163e-07  5.53747432e-09 
 1.04712855e+04  1.75851856e-07  5.50647216e-09 
 1.07151931e+04  1.74874466e-07  5.47590714e-09 
 1.09647820e+04  1.73910839e-07  5.44577451e-09 
 1.12201845e+04  1.72960821e-07  5.41606956e-09 
 1.14815362e+04  1.72024261e-07  5.38678760e-09 
 1.17489755e+04  1.71101008e-07  5.35792396e-09 
 1.20226443e+04  1.70190912e-07  5.32947402e-09 
 1.23026877e+04  1.69293823e-07  5.30143318e-09 
 1.25892541e+04  1.68409593e-07  5.27379687e-09 
 1.28824955e+04  1.67538073e-07  5.24656056e-09 
 1.31825674e+04  1.66679118e-07  5.21971972e-09 
 1.34896288e+04  1.65832580e-07  5.19326989e-09 
 1.38038426e+04  1.64998315e-07  5.16720660e-09 
 1.41253754e+04  1.64176179e-07  5.14152545e-09 
 1.44543977e+04  1.63366026e-07  5.11622203e-09 
 1.47910839e+04  1.62567715e-07  5.09129199e-09 
 1.51356125e+04  1.61781104e-07  5.06673098e-09 
 1.54881662e+04  1.61006050e-07  5.04253471e-09 
 1.58489319e+04  1.60242413e-07  5.01869890e-09 
 1.62181010e+04  1.59490054e-07  4.99521929e-09 
 1.65958691e+04  1.58748833e-07  4.97209169e-09 
 1.69824365e+04  1.58018611e-07  4.94931189e-09 
 1.73780083e+04  1.57299252e-07  4.92687573e-09 
 1.77827941e+04  1.56590617e-07  4.90477909e-09 
 1.81970086e+04  1.55892571e-07  4.88301787e-09 
 1.86208714e+04  1.55204978e-07  4.86158799e-09 
 1.90546072e+04  1.54527703e-07  4.84048541e-09 
 1.94984460e+04  1.53860612e-07  4.81970612e-09 
 1.99526231e+04  1.53203571e-07  4.79924614e-09 
 2.04173794e+04  1.52556447e-07  4.77910150e-09 
 2.08929613e+04  1.51919108e-07  4.75926829e-09 
 2.13796209e+04  1.51291422e-07  4.73974261e-09 
 2.18776162e+04  1.50673258e-07  4.72052059e-09 
 2.23872114e+04  1.50064486e-07  4.70159839e-09 
 2.29086765e+04  1.49464975e-07  4.68297222e-09 
 2.34422882e+04  1.48874597e-07  4.66463829e-09 
 2.39883292e+04  1.48293222e-07  4.64659285e-09 
 2.45470892e+04  1.47720722e-07  4.62883220e-09 
 2.51188643e+04  1.47156970e-07  4.61135263e-09 
 2.57039578e+04  1.46601839e-07  4.59415051e-09 
 2.63026799e+04  1.46055201e-07  4.57722218e-09 
 2.69153480e+04  1.45516930e-07  4.56056408e-09 
 2.75422870e+04  1.44986901e-07  4.54417261e-09 
 2.81838293e+04  1.44464988e-07  4.52804426e-09 
 2.88403150e+04  1.43951066e-07  4.51217551e-09 
 2.95120923e+04  1.43445011e-07  4.49656289e-09 
 3.01995172e+04  1.42946698e-07  4.48120295e-09 
 3.09029543e+04  1.42456003e-07  4.46609229e-09 
 3.16227766e+04  1.41972804e-07  4.45122751e-09 
 3.23593657e+04  1.41496975e-07  4.43660527e-09 
 3.31131121e+04  1.41028396e-07  4.42222225e-09 
 3.38844156e+04  1.40566942e-07  4.40807515e-09 
 3.46736850e+04  1.40112490e-07  4.39416072e-09 
 3.54813389e+04  1.39664919e-07  4.38047573e-09 
 3.63078055e+04  1.39224106e-07  4.36701698e-09 
 3.71535229e+04  1.38789928e-07  4.35378131e-09 
 3.80189396e+04  1.38362264e-07  4.34076558e-09 
 3.89045145e+04  1.37940989e-07  4.32796668e-09 
 3.98107171e+04  1.37525984e-07  4.31538156e-09 
 4.07380278e+04  1.37117124e-07  4.30300716e-09 
 4.16869383e+04  1.36714287e-07  4.29084047e-09 
 4.26579519e+04  1.36317350e-07  4.27887853e-09 
 4.36515832e+04  1.35926189e-07  4.26711838e-09 
 4.46683592e+04  1.35540683e-07  4.25555710e-09 
 4.57088190e+04  1.35160706e-07  4.24419182e-09 
 4.67735141e+04  1.34786134e-07  4.23301969e-09 
 4.78630092e+04  1.34416842e-07  4.22203787e-09 
 4.89778819e+04  1.34052706e-07  4.21124359e-09 
 5.01187234e+04  1.33693598e-07  4.20063408e-09 
 5.12861384e+04  1.33339393e-07  4.19020662e-09 
 5.24807460e+04  1.32989962e-07  4.17995851e-09 
 5.37031796e+04  1.32645178e-07  4.16988710e-09 
 5.49540874e+04  1.32304911e-07  4.15998974e-09 
 5.62341325e+04  1.31969030e-07  4.15026384e-09 
 5.75439937e+04  1.31637404e-07  4.14070683e-09 
 5.88843655e+04  1.31309900e-07  4.13131617e-09 
 6.02559586e+04  1.30986384e-07  4.12208935e-09 
 6.16595002e+04  1.30666721e-07  4.11302390e-09 
 6.30957344e+04  1.30350774e-07  4.10411737e-09 
 6.45654229e+04  1.30038403e-07  4.09536735e-09 
 6.60693448e+04  1.29729468e-07  4.08677146e-09 
 6.76082975e+04  1.29423827e-07  4.07832735e-09 
 6.91830971e+04  1.29121336e-07  4.07003269e-09 
 7.07945784e+04  1.28821848e-07  4.06188520e-09 
 7.24435960e+04  1.28525215e-07  4.05388261e-09 
 7.41310241e+04  1.28231284e-07  4.04602270e-09 
 7.58577575e+04  1.27939903e-07  4.03830328e-09 
 7.76247117e+04  1.27650915e-07  4.03072217e-09 
 7.94328235e+04  1.27364161e-07  4.02327723e-09 
 8.12830516e+04  1.27079478e-07  4.01596637e-09 
 8.31763771e+04  1.26796702e-07  4.00878751e-09 
 8.51138038e+04  1.26515662e-07  4.00173860e-09 
 8.70963590e+04  1.26236188e-07  3.99481762e-09 
 8.91250938e+04  1.25958103e-07  3.98802259e-09 
 9.12010839e+04  1.25681226e-07  3.98135157e-09 
 9.33254301e+04  1.25405375e-07  3.97480261e-09 
 9.54992586e+04  1.25130360e-07  3.96837383e-09 
 9.77237221e+04  1.24855990e-07  3.96206336e-09 
 1.00000000e+05  1.24582066e-07  3.95586936e-09 
 1.02329299e+05  1.24308387e-07  3.94979003e-09 
 1.04712855e+05  1.24034745e-07  3.94382359e-09 
 1.07151931e+05  1.23760927e-07  3.93796830e-09 
 1.09647820e+05  1.23486716e-07  3.93222244e-09 
 1.12201845e+05  1.23211886e-07  3.92658431e-09 
 1.14815362e+05  1.22936209e-07  3.92105226e-09 
 1.17489755e+05  1.22659447e-07  3.91562467e-09 
 1.20226443e+05  1.22381359e-07  3.91029992e-09 
 1.23026877e+05  1.22101694e-07  3.90507644e-09 
 1.25892541e+05  1.21820196e-07  3.89995270e-09 
 1.28824955e+05  1.21536602e-07  3.89492718e-09 
 1.31825674e+05  1.21250641e-07  3.88999839e-09 
 1.34896288e+05  1.20962033e-07  3.88516488e-09 
 1.38038426e+05  1.20670492e-07  3.88042523e-09 
 1.41253754e+05  1.20375724e-07  3.87577802e-09 
 1.44543977e+05  1.20077425e-07  3.87122190e-09 
 1.47910839e+05  1.19775284e-07  3.86675551e-09 
 1.51356125e+05  1.19468981e-07  3.86237756e-09 
 1.54881662e+05  1.19158185e-07  3.85808675e-09 
 1.58489319e+05  1.18842558e-07  3.85388183e-09 
 1.62181010e+05  1.18521752e-07  3.84976158e-09 
 1.65958691e+05  1.18195410e-07  3.84572479e-09 
 1.69824365e+05  1.17863165e-07  3.84177031e-09 
 1.73780083e+05  1.17524640e-07  3.83789698e-09 
 1.77827941e+05  1.17179449e-07  3.83410370e-09 
 1.81970086e+05  1.16827194e-07  3.83038938e-09 
 1.86208714e+05  1.16467470e-07  3.82675298e-09 
 1.90546072e+05  1.16099861e-07  3.82319347e-09 
 1.94984460e+05  1.15723940e-07  3.81970985e-09 
 1.99526231e+05  1.15339273e-07  3.81630116e-09 
 2.04173794e+05  1.14945413e-07  3.81296647e-09 
 2.08929613e+05  1.14541906e-07  3.80970486e-09 
 2.13796209e+05  1.14128290e-07  3.80651546e-09 
 2.18776162e+05  1.13704091e-07  3.80339742e-09 
 2.23872114e+05  1.13268829e-07  3.80034993e-09 
 2.29086765e+05  1.12822017e-07  3.79737219e-09 
 2.34422882e+05  1.12363158e-07  3.79446345e-09 
 2.39883292e+05  1.11891751e-07  3.79162298e-09 
 2.45470892e+05  1.11407288e-07  3.78885009e-09 
 2.51188643e+05  1.10909258e-07  3.78614410e-09 
 2.57039578e+05  1.10397143e-07  3.78350438e-09 
 2.63026799e+05  1.09870425e-07  3.78093034e-09 
 2.69153480e+05  1.09328584e-07  3.77842138e-09 
 2.75422870e+05  1.08771098e-07  3.77597698e-09 
 2.81838293e+05  1.08197450e-07  3.77359662e-09 
 2.88403150e+05  1.07607122e-07  3.77127983e-09 
 2.95120923e+05  1.06999604e-07  3.76902615e-09 
 3.01995172e+05  1.06374392e-07  3.76683517e-09 
 3.09029543e+05  1.05730990e-07  3.76470652e-09 
 3.16227766e+05  1.05068914e-07  3.76263983e-09 
 3.23593657e+05  1.04387693e-07  3.76063480e-09 
 3.31131121e+05  1.03686874e-07  3.75869114e-09 
 3.38844156e+05  1.02966020e-07  3.75680860e-09 
 3.46736850e+05  1.02224719e-07  3.75498696e-09 
 3.54813389e+05  1.01462581e-07  3.75322605e-09 
 3.63078055e+05  1.00679246e-07  3.75152570e-09 
 3.71535229e+05  9.98743832e-08  3.74988581e-09 
 3.80189396e+05  9.90476984e-08  3.74830629e-09 
 3.89045145e+05  9.81989340e-08  3.74678709e-09 
 3.98107171e+05  9.73278743e-08  3.74532821e-09 
 4.07380278e+05  9.64343484e-08  3.74392965e-09 
 4.16869383e+05  9.55182338e-08  3.74259147e-09 
 4.26579519e+05  9.45794601e-08  3.74131377e-09 
 4.36515832e+05  9.36180122e-08  3.74009665e-09 
 4.46683592e+05  9.26339334e-08  3.73894027e-09 
 4.57088190e+05  9.16273291e-08  3.73784483e-09 
 4.67735141e+05  9.05983695e-08  3.73681053e-09 
 4.78630092e+05  8.95472922e-08  3.73583764e-09 
 4.89778819e+05  8.84744049e-08  3.73492643e-09 
 5.01187234e+05  8.73800872e-08  3.73407722e-09 
 5.12861384e+05  8.62647930e-08  3.73329036e-09 
 5.24807460e+05  8.51290511e-08  3.73256622e-09 
 5.37031796e+05  8.39734666e-08  3.73190521e-09 
 5.49540874e+05  8.27987210e-08  3.73130774e-09 
 5.62341325e+05  8.16055722e-08  3.73077430e-09 
 5.75439937e+05  8.03948536e-08  3.73030535e-09 
 5.88843655e+05  7.91674731e-08  3.72990140e-09 
 6.02559586e+05  7.79244107e-08  3.72956299e-09 
 6.16595002e+05  7.66667164e-08  3.72929066e-09 
 6.30957344e+05  7.53955067e-08  3.72908498e-09 
 6.45654229e+05  7.41119608e-08  3.72894654e-09 
 6.60693448e+05  7.28173166e-08  3.72887593e-09 
 6.76082975e+05  7.15128652e-08  3.72887377e-09 
 6.91830971e+05  7.01999457e-08  3.72894067e-09 
 7.07945784e+05  6.88799393e-08  3.72907727e-09 
 7.24435960e+05  6.75542627e-08  3.72928419e-09 
 7.41310241e+05  6.62243613e-08  3.72956207e-09 
 7.58577575e+05  6.48917021e-08  3.72991153e-09 
 7.76247117e+05  6.35577667e-08  3.73033320e-09 
 7.94328235e+05  6.22240433e-08  3.73082769e-09 
 8.12830516e+05  6.08920198e-08  3.73139560e-09 
 8.31763771e+05  5.95631756e-08  3.73203751e-09 
 8.51138038e+05  5.82389747e-08  3.73275400e-09 
 8.70963590e+05  5.69208584e-08  3.73354558e-09 
 8.91250938e+05  5.56102380e-08  3.73441278e-09 
 9.12010839e+05  5.43084887e-08  3.73535607e-09 
 9.33254301e+05  5.30169426e-08  3.73637589e-09 
 9.54992586e+05  5.17368838e-08  3.73747264e-09 
 9.77237221e+05  5.04695424e-08  3.73864666e-09 
 1.00000000e+06  4.92160900e-08  3.73989828e-09 
 1.02329299e+06  4.79776356e-08  3.74122773e-09 
 1.04712855e+06  4.67552219e-08  3.74263522e-09 
 1.07151931e+06  4.55498224e-08  3.74412088e-09 
 1.09647820e+06  4.43623389e-08  3.74568480e-09 
 1.12201845e+06  4.31936001e-08  3.74732699e-09 
 1.14815362e+06  4.20443602e-08  3.74904739e-09 
 1.17489755e+06  4.09152983e-08  3.75084588e-09 
 1.20226443e+06  3.98070185e-08  3.75272228e-09 
 1.23026877e+06  3.87200504e-08  3.75467632e-09 
 1.25892541e+06  3.76548502e-08  3.75670769e-09 
 1.28824955e+06  3.66118017e-08  3.75881599e-09 
 1.31825674e+06  3.55912188e-08  3.76100076e-09 
 1.34896288e+06  3.45933471e-08  3.76326148e-09 
 1.38038426e+06  3.36183667e-08  3.76559757e-09 
 1.41253754e+06  3.26663949e-08  3.76800840e-09 
 1.44543977e+06  3.17374892e-08  3.77049327e-09 
 1.47910839e+06  3.08316505e-08  3.77305147e-09 
 1.51356125e+06  2.99488264e-08  3.77568223e-09 
 1.54881662e+06  2.90889144e-08  3.77838475e-09 
 1.58489319e+06  2.82517658e-08  3.78115823e-09 
 1.62181010e+06  2.74371887e-08  3.78400184e-09 
 1.65958691e+06  2.66449518e-08  3.78691478e-09 
 1.69824365e+06  2.58747878e-08  3.78989624e-09 
 1.73780083e+06  2.51263967e-08  3.79294544e-09 
 1.77827941e+06  2.43994494e-08  3.79606166e-09 
 1.81970086e+06  2.36935903e-08  3.79924422e-09 
 1.86208714e+06  2.30084413e-08  3.80249252e-09 
 1.90546072e+06  2.23436040e-08  3.80580602e-09 
 1.94984460e+06  2.16986629e-08  3.80918432e-09 
 1.99526231e+06  2.10731882e-08  3.81262712e-09 
 2.04173794e+06  2.04667381e-08  3.81613425e-09 
 2.08929613e+06  1.98788613e-08  3.81970569e-09 
 2.13796209e+06  1.93090993e-08  3.82334161e-09 
 2.18776162e+06  1.87569886e-08  3.82704235e-09 
 2.23872114e+06  1.82220622e-08  3.83080845e-09 
 2.29086765e+06  1.77038518e-08  3.83464067e-09 
 2.34422882e+06  1.72018895e-08  3.83854002e-09 
 2.39883292e+06  1.67157086e-08  3.84250774e-09 
 2.45470892e+06  1.62448460e-08  3.84654536e-09 
 2.51188643e+06  1.57888423e-08  3.85065466e-09 
 2.57039578e+06  1.53472438e-08  3.85483776e-09 
 2.63026799e+06  1.49196029e-08  3.85909704e-09 
 2.69153480e+06  1.45054792e-08  3.86343524e-09 
 2.75422870e+06  1.41044400e-08  3.86785543e-09 
 2.81838293e+06  1.37160612e-08  3.87236102e-09 
 2.88403150e+06  1.33399278e-08  3.87695577e-09 
 2.95120923e+06  1.29756340e-08  3.88164382e-09 
 3.01995172e+06  1.26227840e-08  3.88642970e-09 
 3.09029543e+06  1.22809921e-08  3.89131830e-09 
 3.16227766e+06  1.19498828e-08  3.89631494e-09 
 3.23593657e+06  1.16290913e-08  3.90142532e-09 
 3.31131121e+06  1.13182632e-08  3.90665555e-09 
 3.38844156e+06  1.10170547e-08  3.91201218e-09 
 3.46736850e+06  1.07251328e-08  3.91750217e-09 
 3.54813389e+06  1.04421749e-08  3.92313291e-09 
 3.63078055e+06  1.01678689e-08  3.92891225e-09 
 3.71535229e+06  9.90191325e-09  3.93484846e-09 
 3.80189396e+06  9.64401638e-09  3.94095027e-09 
 3.89045145e+06  9.39389698e-09  3.94722685e-09 
 3.98107171e+06  9.15128353e-09  3.95368787e-09 
 4.07380278e+06  8.91591420e-09  3.96034341e-09 
 4.16869383e+06  8.68753661e-09  3.96720406e-09 
 4.26579519e+06  8.46590759e-09  3.97428087e-09 
 4.36515832e+06  8.25079292e-09  3.98158538e-09 
 4.46683592e+06  8.04196710e-09  3.98912959e-09 
 4.57088190e+06  7.83921309e-09  3.99692603e-09 
 4.67735141e+06  7.64232205e-09  4.00498770e-09 
 4.78630092e+06  7.45109304e-09  4.01332809e-09 
 4.89778819e+06  7.26533281e-09  4.02196122e-09 
 5.01187234e+06  7.08485550e-09  4.03090160e-09 
 5.12861384e+06  6.90948239e-09  4.04016428e-09 
 5.24807460e+06  6.73904162e-09  4.04976479e-09 
 5.37031796e+06  6.57336798e-09  4.05971923e-09 
 5.49540874e+06  6.41230262e-09  4.07004419e-09 
 5.62341325e+06  6.25569280e-09  4.08075681e-09 
 5.75439937e+06  6.10339167e-09  4.09187476e-09 
 5.88843655e+06  5.95525805e-09  4.10341625e-09 
 6.02559586e+06  5.81115616e-09  4.11540003e-09 
 6.16595002e+06  5.67095541e-09  4.12784538e-09 
 6.30957344e+06  5.53453022e-09  4.14077214e-09 
 6.45654229e+06  5.40175976e-09  4.15420067e-09 
 6.60693448e+06  5.27252780e-09  4.16815190e-09 
 6.76082975e+06  5.14672248e-09  4.18264726e-09 
 6.91830971e+06  5.02423613e-09  4.19770875e-09 
 7.07945784e+06  4.90496511e-09  4.21335887e-09 
 7.24435960e+06  4.78880963e-09  4.22962065e-09 
 7.41310241e+06  4.67567356e-09  4.24651764e-09 
 7.58577575e+06  4.56546430e-09  4.26407389e-09 
 7.76247117e+06  4.45809265e-09  4.28231392e-09 
 7.94328235e+06  4.35347259e-09  4.30126276e-09 
 8.12830516e+06  4.25152122e-09  4.32094588e-09 
 8.31763771e+06  4.15215861e-09  4.34138917e-09 
 8.51138038e+06  4.05530762e-09  4.36261897e-09 
 8.70963590e+06  3.96089387e-09  4.38466200e-09 
 8.91250938e+06  3.86884555e-09  4.40754535e-09 
 9.12010839e+06  3.77909336e-09  4.43129643e-09 
 9.33254301e+06  3.69157037e-09  4.45594298e-09 
 9.54992586e+06  3.60621196e-09  4.48151298e-09 
 9.77237221e+06  3.52295569e-09  4.50803467e-09 
 1.00000000e+07  3.44174126e-09  4.53553644e-09 
 1.02329299e+07  3.36251036e-09  4.56404686e-09 
 1.04712855e+07  3.28520666e-09  4.59359455e-09 
 1.07151931e+07  3.20977568e-09  4.62420821e-09 
 1.09647820e+07  3.13616476e-09  4.65591651e-09 
 1.12201845e+07  3.06432295e-09  4.68874803e-09 
 1.14815362e+07  2.99420099e-09  4.72273123e-09 
 1.17489755e+07  2.92575121e-09  4.75789437e-09 
 1.20226443e+07  2.85892751e-09  4.79426544e-09 
 1.23026877e+07  2.79368526e-09  4.83187208e-09 
 1.25892541e+07  2.72998128e-09  4.87074150e-09 
 1.28824955e+07  2.66777378e-09  4.91090046e-09 
 1.31825674e+07  2.60702232e-09  4.95237508e-09 
 1.34896288e+07  2.54768773e-09  4.99519088e-09 
 1.38038426e+07  2.48973212e-09  5.03937260e-09 
 1.41253754e+07  2.43311879e-09  5.08494416e-09 
 1.44543977e+07  2.37781221e-09  5.13192853e-09 
 1.47910839e+07  2.32377798e-09  5.18034769e-09 
 1.51356125e+07  2.27098278e-09  5.23022250e-09 
 1.54881662e+07  2.21939436e-09  5.28157261e-09 
 1.58489319e+07  2.16898146e-09  5.33441635e-09 
 1.62181010e+07  2.11971384e-09  5.38877068e-09 
 1.65958691e+07  2.07156217e-09  5.44465103e-09 
 1.69824365e+07  2.02449806e-09  5.50207123e-09 
 1.73780083e+07  1.97849398e-09  5.56104345e-09 
 1.77827941e+07  1.93352329e-09  5.62157801e-09 
 1.81970086e+07  1.88956014e-09  5.68368339e-09 
 1.86208714e+07  1.84657949e-09  5.74736605e-09 
 1.90546072e+07  1.80455705e-09  5.81263040e-09 
 1.94984460e+07  1.76346928e-09  5.87947867e-09 
 1.99526231e+07  1.72329336e-09  5.94791083e-09 
 2.04173794e+07  1.68400713e-09  6.01792453e-09 
 2.08929613e+07  1.64558911e-09  6.08951502e-09 
 2.13796209e+07  1.60801843e-09  6.16267504e-09 
 2.18776162e+07  1.57127485e-09  6.23739479e-09 
 2.23872114e+07  1.53533872e-09  6.31366188e-09 
 2.29086765e+07  1.50019094e-09  6.39146123e-09 
 2.34422882e+07  1.46581294e-09  6.47077508e-09 
 2.39883292e+07  1.43218672e-09  6.55158291e-09 
 2.45470892e+07  1.39929472e-09  6.63386146e-09 
 2.51188643e+07  1.36711991e-09  6.71758468e-09 
 2.57039578e+07  1.33564571e-09  6.80272373e-09 
 2.63026799e+07  1.30485597e-09  6.88924702e-09 
 2.69153480e+07  1.27473499e-09  6.97712018e-09 
 2.75422870e+07  1.24526747e-09  7.06630615e-09 
 2.81838293e+07  1.21643851e-09  7.15676520e-09 
 2.88403150e+07  1.18823361e-09  7.24845501e-09 
 2.95120923e+07  1.16063861e-09  7.34133072e-09 
 3.01995172e+07  1.13363973e-09  7.43534507e-09 
 3.09029543e+07  1.10722352e-09  7.53044848e-09 
 3.16227766e+07  1.08137687e-09  7.62658919e-09 
 3.23593657e+07  1.05608699e-09  7.72371342e-09 
 3.31131121e+07  1.03134139e-09  7.82176550e-09 
 3.38844156e+07  1.00712790e-09  7.92068808e-09 
 3.46736850e+07  9.83434636e-10  8.02042232e-09 
 3.54813389e+07  9.60249983e-10  8.12090808e-09 
 3.63078055e+07  9.37562617e-10  8.22208417e-09 
 3.71535229e+07  9.15361477e-10  8.32388858e-09 
 3.80189396e+07  8.93635762e-10  8.42625874e-09 
 3.89045145e+07  8.72374928e-10  8.52913179e-09 
 3.98107171e+07  8.51568676e-10  8.63244483e-09 
 4.07380278e+07  8.31206952e-10  8.73613524e-09 
 4.16869383e+07  8.11279939e-10  8.84014096e-09 
 4.26579519e+07  7.91778053e-10  8.94440080e-09 
 4.36515832e+07  7.72691935e-10  9.04885472e-09 
 4.46683592e+07  7.54012452e-10  9.15344419e-09 
 4.57088190e+07  7.35730691e-10  9.25811243e-09 
 4.67735141e+07  7.17837953e-10  9.36280478e-09 
 4.78630092e+07  7.00325753e-10  9.46746897e-09 
 4.89778819e+07  6.83185812e-10  9.57205541e-09 
 5.01187234e+07  6.66410061e-10  9.67651753e-09 
 5.12861384e+07  6.49990630e-10  9.78081201e-09 
 5.24807460e+07  6.33919852e-10  9.88489908e-09 
 5.37031796e+07  6.18190255e-10  9.98874277e-09 
 5.49540874e+07  6.02794563e-10  1.00923112e-08 
 5.62341325e+07  5.87725693e-10  1.01955766e-08 
 5.75439937e+07  5.72976749e-10  1.02985159e-08 
 5.88843655e+07  5.58541025e-10  1.04011107e-08 
 6.02559586e+07  5.44411998e-10  1.05033472e-08 
 6.16595002e+07  5.30583329e-10  1.06052170e-08 
 6.30957344e+07  5.17048858e-10  1.07067166e-08 
 6.45654229e+07  5.03802601e-10  1.08078477e-08 
 6.60693448e+07  4.90838751e-10  1.09086178e-08 
 6.76082975e+07  4.78151671e-10  1.10090393e-08 
 6.91830971e+07  4.65735895e-10  1.11091306e-08 
 7.07945784e+07  4.53586120e-10  1.12089154e-08 
 7.24435960e+07  4.41697208e-10  1.13084230e-08 
 7.41310241e+07  4.30064181e-10  1.14076884e-08 
 7.58577575e+07  4.18682215e-10  1.15067521e-08 
 7.76247117e+07  4.07546639e-10  1.16056603e-08 
 7.94328235e+07  3.96652931e-10  1.17044646e-08 
 8.12830516e+07  3.85996711e-10  1.18032223e-08 
 8.31763771e+07  3.75573740e-10  1.19019959e-08 
 8.51138038e+07  3.65379913e-10  1.20008534e-08 
 8.70963590e+07  3.55411255e-10  1.20998682e-08 
 8.91250938e+07  3.45663915e-10  1.21991189e-08 
 9.12010839e+07  3.36134161e-10  1.22986892e-08 
 9.33254301e+07  3.26818375e-10  1.23986679e-08 
 9.54992586e+07  3.17713047e-10  1.24991488e-08 
 9.77237221e+07  3.08814765e-10  1.26002306e-08 
 1.00000000e+08  3.00120215e-10  1.27020170e-08 
 1.02329299e+08  2.91626172e-10  1.28046160e-08 
 1.04712855e+08  2.83329489e-10  1.29081407e-08 
 1.07151931e+08  2.75227098e-10  1.30127086e-08 
 1.09647820e+08  2.67315997e-10  1.31184415e-08 
 1.12201845e+08  2.59593247e-10  1.32254659e-08 
 1.14815362e+08  2.52055963e-10  1.33339126e-08 
 1.17489755e+08  2.44701310e-10  1.34439164e-08 
 1.20226443e+08  2.37526491e-10  1.35556167e-08 
 1.23026877e+08  2.30528749e-10  1.36691568e-08 
 1.25892541e+08  2.23705354e-10  1.37846842e-08 
 1.28824955e+08  2.17053598e-10  1.39023505e-08 
 1.31825674e+08  2.10570792e-10  1.40223112e-08 
 1.34896288e+08  2.04254261e-10  1.41447260e-08 
 1.38038426e+08  1.98101336e-10  1.42697584e-08 
 1.41253754e+08  1.92109351e-10  1.43975759e-08 
 1.44543977e+08  1.86275642e-10  1.45283500e-08 
 1.47910839e+08  1.80597536e-10  1.46622561e-08 
 1.51356125e+08  1.75072359e-10  1.47994734e-08 
 1.54881662e+08  1.69697422e-10  1.49401853e-08 
 1.58489319e+08  1.64470028e-10  1.50845789e-08 
 1.62181010e+08  1.59387466e-10  1.52328454e-08 
 1.65958691e+08  1.54447012e-10  1.53851800e-08 
 1.69824365e+08  1.49645928e-10  1.55417818e-08 
 1.73780083e+08  1.44981459e-10  1.57028540e-08 
 1.77827941e+08  1.40450842e-10  1.58686040e-08 
 1.81970086e+08  1.36051298e-10  1.60392433e-08 
 1.86208714e+08  1.31780039e-10  1.62149876e-08 
 1.90546072e+08  1.27634267e-10  1.63960568e-08 
 1.94984460e+08  1.23611179e-10  1.65826754e-08 
 1.99526231e+08  1.19707968e-10  1.67750720e-08 
 2.04173794e+08  1.15921824e-10  1.69734802e-08 
 2.08929613e+08  1.12249942e-10  1.71781379e-08 
 2.13796209e+08  1.08689520e-10  1.73892879e-08 
 2.18776162e+08  1.05237765e-10  1.76071780e-08 
 2.23872114e+08  1.01891898e-10  1.78320611e-08 
 2.29086765e+08  9.86491531e-11  1.80641952e-08 
 2.34422882e+08  9.55067863e-11  1.83038437e-08 
 2.39883292e+08  9.24620753e-11  1.85512759e-08 
 2.45470892e+08  8.95123243e-11  1.88067665e-08 
 2.51188643e+08  8.66548678e-11  1.90705967e-08 
 2.57039578e+08  8.38870734e-11  1.93430537e-08 
 2.63026799e+08  8.12063450e-11  1.96244314e-08 
 2.69153480e+08  7.86101262e-11  1.99150307e-08 
 2.75422870e+08  7.60959026e-11  2.02151594e-08 
 2.81838293e+08  7.36612048e-11  2.05251332e-08 
 2.88403150e+08  7.13036107e-11  2.08452753e-08 
 2.95120923e+08  6.90207477e-11  2.11759176e-08 
 3.01995172e+08  6.68102945e-11  2.15174003e-08 
 3.09029543e+08  6.46699830e-11  2.18700729e-08 
 3.16227766e+08  6.25975996e-11  2.22342947e-08 
 3.23593657e+08  6.05909865e-11  2.26104347e-08 
 3.31131121e+08  5.86480427e-11  2.29988728e-08 
 3.38844156e+08  5.67667248e-11  2.34000000e-08 
 3.46736850e+08  5.49450471e-11  2.38142189e-08 
 3.54813389e+08  5.31810827e-11  2.42419447e-08 
 3.63078055e+08  5.14729626e-11  2.46836053e-08 
 3.71535229e+08  4.98188763e-11  2.51396425e-08 
 3.80189396e+08  4.82170714e-11  2.56105123e-08 
 3.89045145e+08  4.66658527e-11  2.60966858e-08 
 3.98107171e+08  4.51635820e-11  2.65986502e-08 
 4.07380278e+08  4.37086768e-11  2.71169090e-08 
 4.16869383e+08  4.22996100e-11  2.76519833e-08 
 4.26579519e+08  4.09349082e-11  2.82044127e-08 
 4.36515832e+08  3.96131506e-11  2.87747559e-08 
 4.46683592e+08  3.83329680e-11  2.93635917e-08 
 4.57088190e+08  3.70930413e-11  2.99715201e-08 
 4.67735141e+08  3.58920996e-11  3.05991632e-08 
 4.78630092e+08  3.47289193e-11  3.12471661e-08 
 4.89778819e+08  3.36023222e-11  3.19161983e-08 
 5.01187234e+08  3.25111735e-11  3.26069543e-08 
 5.12861384e+08  3.14543810e-11  3.33201550e-08 
 5.24807460e+08  3.04308926e-11  3.40565490e-08 
 5.37031796e+08  2.94396950e-11  3.48169133e-08 
 5.49540874e+08  2.84798120e-11  3.56020550e-08 
 5.62341325e+08  2.75503026e-11  3.64128121e-08 
 5.75439937e+08  2.66502598e-11  3.72500550e-08 
 5.88843655e+08  2.57788083e-11  3.81146878e-08 
 6.02559586e+08  2.49351036e-11  3.90076493e-08 
 6.16595002e+08  2.41183298e-11  3.99299147e-08 
 6.30957344e+08  2.33276988e-11  4.08824966e-08 
 6.45654229e+08  2.25624480e-11  4.18664466e-08 
 6.60693448e+08  2.18218397e-11  4.28828567e-08 
 6.76082975e+08  2.11051591e-11  4.39328602e-08 
 6.91830971e+08  2.04117137e-11  4.50176337e-08 
 7.07945784e+08  1.97408313e-11  4.61383981e-08 
 7.24435960e+08  1.90918596e-11  4.72964204e-08 
 7.41310241e+08  1.84641648e-11  4.84930144e-08 
 7.58577575e+08  1.78571303e-11  4.97295429e-08 
 7.76247117e+08  1.72701564e-11  5.10074186e-08 
 7.94328235e+08  1.67026590e-11  5.23281054e-08 
 8.12830516e+08  1.61540690e-11  5.36931202e-08 
 8.31763771e+08  1.56238314e-11  5.51040340e-08 
 8.51138038e+08  1.51114049e-11  5.65624730e-08 
 8.70963590e+08  1.46162610e-11  5.80701202e-08 
 8.91250938e+08  1.41378838e-11  5.96287168e-08 
 9.12010839e+08  1.36757692e-11  6.12400628e-08 
 9.33254301e+08  1.32294247e-11  6.29060189e-08 
 9.54992586e+08  1.27983690e-11  6.46285071e-08 
 9.77237221e+08  1.23821316e-11  6.64095120e-08 
 1.00000000e+09  1.19802524e-11  6.82510821e-08 
