 frequency       mag             ph             
 1.00000000e+00  7.01339101e+01 -1.79970401e+02 
 1.02329299e+00  7.01339100e+01 -1.79969712e+02 
 1.04712855e+00  7.01339100e+01 -1.79969006e+02 
 1.07151931e+00  7.01339099e+01 -1.79968284e+02 
 1.09647820e+00  7.01339099e+01 -1.79967546e+02 
 1.12201845e+00  7.01339098e+01 -1.79966790e+02 
 1.14815362e+00  7.01339097e+01 -1.79966016e+02 
 1.17489755e+00  7.01339097e+01 -1.79965225e+02 
 1.20226443e+00  7.01339096e+01 -1.79964415e+02 
 1.23026877e+00  7.01339095e+01 -1.79963586e+02 
 1.25892541e+00  7.01339094e+01 -1.79962737e+02 
 1.28824955e+00  7.01339093e+01 -1.79961869e+02 
 1.31825674e+00  7.01339093e+01 -1.79960981e+02 
 1.34896288e+00  7.01339092e+01 -1.79960072e+02 
 1.38038426e+00  7.01339091e+01 -1.79959142e+02 
 1.41253754e+00  7.01339090e+01 -1.79958191e+02 
 1.44543977e+00  7.01339088e+01 -1.79957217e+02 
 1.47910839e+00  7.01339087e+01 -1.79956220e+02 
 1.51356125e+00  7.01339086e+01 -1.79955201e+02 
 1.54881662e+00  7.01339085e+01 -1.79954157e+02 
 1.58489319e+00  7.01339084e+01 -1.79953089e+02 
 1.62181010e+00  7.01339082e+01 -1.79951997e+02 
 1.65958691e+00  7.01339081e+01 -1.79950878e+02 
 1.69824365e+00  7.01339079e+01 -1.79949734e+02 
 1.73780083e+00  7.01339078e+01 -1.79948563e+02 
 1.77827941e+00  7.01339076e+01 -1.79947365e+02 
 1.81970086e+00  7.01339074e+01 -1.79946139e+02 
 1.86208714e+00  7.01339072e+01 -1.79944885e+02 
 1.90546072e+00  7.01339071e+01 -1.79943601e+02 
 1.94984460e+00  7.01339069e+01 -1.79942287e+02 
 1.99526231e+00  7.01339066e+01 -1.79940943e+02 
 2.04173794e+00  7.01339064e+01 -1.79939567e+02 
 2.08929613e+00  7.01339062e+01 -1.79938160e+02 
 2.13796209e+00  7.01339060e+01 -1.79936719e+02 
 2.18776162e+00  7.01339057e+01 -1.79935245e+02 
 2.23872114e+00  7.01339055e+01 -1.79933737e+02 
 2.29086765e+00  7.01339052e+01 -1.79932193e+02 
 2.34422882e+00  7.01339049e+01 -1.79930614e+02 
 2.39883292e+00  7.01339046e+01 -1.79928998e+02 
 2.45470892e+00  7.01339043e+01 -1.79927344e+02 
 2.51188643e+00  7.01339040e+01 -1.79925651e+02 
 2.57039578e+00  7.01339036e+01 -1.79923920e+02 
 2.63026799e+00  7.01339032e+01 -1.79922148e+02 
 2.69153480e+00  7.01339029e+01 -1.79920334e+02 
 2.75422870e+00  7.01339025e+01 -1.79918478e+02 
 2.81838293e+00  7.01339020e+01 -1.79916580e+02 
 2.88403150e+00  7.01339016e+01 -1.79914636e+02 
 2.95120923e+00  7.01339012e+01 -1.79912648e+02 
 3.01995172e+00  7.01339007e+01 -1.79910613e+02 
 3.09029543e+00  7.01339002e+01 -1.79908531e+02 
 3.16227766e+00  7.01338997e+01 -1.79906401e+02 
 3.23593657e+00  7.01338991e+01 -1.79904221e+02 
 3.31131121e+00  7.01338985e+01 -1.79901990e+02 
 3.38844156e+00  7.01338979e+01 -1.79899707e+02 
 3.46736850e+00  7.01338973e+01 -1.79897370e+02 
 3.54813389e+00  7.01338967e+01 -1.79894980e+02 
 3.63078055e+00  7.01338960e+01 -1.79892534e+02 
 3.71535229e+00  7.01338953e+01 -1.79890030e+02 
 3.80189396e+00  7.01338945e+01 -1.79887469e+02 
 3.89045145e+00  7.01338937e+01 -1.79884848e+02 
 3.98107171e+00  7.01338929e+01 -1.79882166e+02 
 4.07380278e+00  7.01338920e+01 -1.79879421e+02 
 4.16869383e+00  7.01338911e+01 -1.79876612e+02 
 4.26579519e+00  7.01338902e+01 -1.79873738e+02 
 4.36515832e+00  7.01338892e+01 -1.79870797e+02 
 4.46683592e+00  7.01338881e+01 -1.79867788e+02 
 4.57088190e+00  7.01338870e+01 -1.79864708e+02 
 4.67735141e+00  7.01338859e+01 -1.79861557e+02 
 4.78630092e+00  7.01338847e+01 -1.79858332e+02 
 4.89778819e+00  7.01338834e+01 -1.79855032e+02 
 5.01187234e+00  7.01338821e+01 -1.79851655e+02 
 5.12861384e+00  7.01338808e+01 -1.79848200e+02 
 5.24807460e+00  7.01338793e+01 -1.79844664e+02 
 5.37031796e+00  7.01338778e+01 -1.79841046e+02 
 5.49540874e+00  7.01338762e+01 -1.79837343e+02 
 5.62341325e+00  7.01338746e+01 -1.79833555e+02 
 5.75439937e+00  7.01338729e+01 -1.79829678e+02 
 5.88843655e+00  7.01338711e+01 -1.79825710e+02 
 6.02559586e+00  7.01338692e+01 -1.79821651e+02 
 6.16595002e+00  7.01338672e+01 -1.79817496e+02 
 6.30957344e+00  7.01338651e+01 -1.79813245e+02 
 6.45654229e+00  7.01338629e+01 -1.79808895e+02 
 6.60693448e+00  7.01338606e+01 -1.79804444e+02 
 6.76082975e+00  7.01338583e+01 -1.79799889e+02 
 6.91830971e+00  7.01338558e+01 -1.79795228e+02 
 7.07945784e+00  7.01338531e+01 -1.79790458e+02 
 7.24435960e+00  7.01338504e+01 -1.79785577e+02 
 7.41310241e+00  7.01338475e+01 -1.79780583e+02 
 7.58577575e+00  7.01338445e+01 -1.79775472e+02 
 7.76247117e+00  7.01338414e+01 -1.79770242e+02 
 7.94328235e+00  7.01338381e+01 -1.79764890e+02 
 8.12830516e+00  7.01338346e+01 -1.79759414e+02 
 8.31763771e+00  7.01338310e+01 -1.79753810e+02 
 8.51138038e+00  7.01338272e+01 -1.79748076e+02 
 8.70963590e+00  7.01338233e+01 -1.79742208e+02 
 8.91250938e+00  7.01338191e+01 -1.79736203e+02 
 9.12010839e+00  7.01338148e+01 -1.79730059e+02 
 9.33254301e+00  7.01338103e+01 -1.79723771e+02 
 9.54992586e+00  7.01338055e+01 -1.79717337e+02 
 9.77237221e+00  7.01338005e+01 -1.79710753e+02 
 1.00000000e+01  7.01337953e+01 -1.79704016e+02 
 1.02329299e+01  7.01337898e+01 -1.79697121e+02 
 1.04712855e+01  7.01337841e+01 -1.79690066e+02 
 1.07151931e+01  7.01337781e+01 -1.79682847e+02 
 1.09647820e+01  7.01337718e+01 -1.79675460e+02 
 1.12201845e+01  7.01337653e+01 -1.79667901e+02 
 1.14815362e+01  7.01337584e+01 -1.79660165e+02 
 1.17489755e+01  7.01337512e+01 -1.79652250e+02 
 1.20226443e+01  7.01337436e+01 -1.79644150e+02 
 1.23026877e+01  7.01337357e+01 -1.79635861e+02 
 1.25892541e+01  7.01337275e+01 -1.79627380e+02 
 1.28824955e+01  7.01337188e+01 -1.79618700e+02 
 1.31825674e+01  7.01337097e+01 -1.79609819e+02 
 1.34896288e+01  7.01337002e+01 -1.79600731e+02 
 1.38038426e+01  7.01336903e+01 -1.79591431e+02 
 1.41253754e+01  7.01336799e+01 -1.79581915e+02 
 1.44543977e+01  7.01336690e+01 -1.79572176e+02 
 1.47910839e+01  7.01336575e+01 -1.79562212e+02 
 1.51356125e+01  7.01336456e+01 -1.79552015e+02 
 1.54881662e+01  7.01336331e+01 -1.79541580e+02 
 1.58489319e+01  7.01336200e+01 -1.79530903e+02 
 1.62181010e+01  7.01336062e+01 -1.79519976e+02 
 1.65958691e+01  7.01335919e+01 -1.79508796e+02 
 1.69824365e+01  7.01335768e+01 -1.79497355e+02 
 1.73780083e+01  7.01335610e+01 -1.79485647e+02 
 1.77827941e+01  7.01335445e+01 -1.79473667e+02 
 1.81970086e+01  7.01335273e+01 -1.79461408e+02 
 1.86208714e+01  7.01335092e+01 -1.79448863e+02 
 1.90546072e+01  7.01334902e+01 -1.79436026e+02 
 1.94984460e+01  7.01334704e+01 -1.79422891e+02 
 1.99526231e+01  7.01334496e+01 -1.79409449e+02 
 2.04173794e+01  7.01334278e+01 -1.79395694e+02 
 2.08929613e+01  7.01334050e+01 -1.79381619e+02 
 2.13796209e+01  7.01333812e+01 -1.79367217e+02 
 2.18776162e+01  7.01333562e+01 -1.79352478e+02 
 2.23872114e+01  7.01333301e+01 -1.79337397e+02 
 2.29086765e+01  7.01333027e+01 -1.79321964e+02 
 2.34422882e+01  7.01332740e+01 -1.79306172e+02 
 2.39883292e+01  7.01332440e+01 -1.79290013e+02 
 2.45470892e+01  7.01332125e+01 -1.79273477e+02 
 2.51188643e+01  7.01331796e+01 -1.79256556e+02 
 2.57039578e+01  7.01331451e+01 -1.79239241e+02 
 2.63026799e+01  7.01331090e+01 -1.79221523e+02 
 2.69153480e+01  7.01330712e+01 -1.79203392e+02 
 2.75422870e+01  7.01330316e+01 -1.79184839e+02 
 2.81838293e+01  7.01329901e+01 -1.79165854e+02 
 2.88403150e+01  7.01329467e+01 -1.79146427e+02 
 2.95120923e+01  7.01329013e+01 -1.79126548e+02 
 3.01995172e+01  7.01328537e+01 -1.79106206e+02 
 3.09029543e+01  7.01328039e+01 -1.79085390e+02 
 3.16227766e+01  7.01327517e+01 -1.79064090e+02 
 3.23593657e+01  7.01326970e+01 -1.79042294e+02 
 3.31131121e+01  7.01326398e+01 -1.79019990e+02 
 3.38844156e+01  7.01325799e+01 -1.78997168e+02 
 3.46736850e+01  7.01325172e+01 -1.78973813e+02 
 3.54813389e+01  7.01324515e+01 -1.78949916e+02 
 3.63078055e+01  7.01323827e+01 -1.78925462e+02 
 3.71535229e+01  7.01323107e+01 -1.78900439e+02 
 3.80189396e+01  7.01322353e+01 -1.78874833e+02 
 3.89045145e+01  7.01321563e+01 -1.78848632e+02 
 3.98107171e+01  7.01320736e+01 -1.78821820e+02 
 4.07380278e+01  7.01319870e+01 -1.78794385e+02 
 4.16869383e+01  7.01318963e+01 -1.78766311e+02 
 4.26579519e+01  7.01318014e+01 -1.78737584e+02 
 4.36515832e+01  7.01317020e+01 -1.78708189e+02 
 4.46683592e+01  7.01315979e+01 -1.78678109e+02 
 4.57088190e+01  7.01314889e+01 -1.78647329e+02 
 4.67735141e+01  7.01313748e+01 -1.78615834e+02 
 4.78630092e+01  7.01312553e+01 -1.78583606e+02 
 4.89778819e+01  7.01311301e+01 -1.78550627e+02 
 5.01187234e+01  7.01309991e+01 -1.78516882e+02 
 5.12861384e+01  7.01308619e+01 -1.78482352e+02 
 5.24807460e+01  7.01307183e+01 -1.78447018e+02 
 5.37031796e+01  7.01305678e+01 -1.78410863e+02 
 5.49540874e+01  7.01304103e+01 -1.78373867e+02 
 5.62341325e+01  7.01302454e+01 -1.78336011e+02 
 5.75439937e+01  7.01300727e+01 -1.78297274e+02 
 5.88843655e+01  7.01298919e+01 -1.78257637e+02 
 6.02559586e+01  7.01297026e+01 -1.78217078e+02 
 6.16595002e+01  7.01295043e+01 -1.78175576e+02 
 6.30957344e+01  7.01292967e+01 -1.78133109e+02 
 6.45654229e+01  7.01290794e+01 -1.78089656e+02 
 6.60693448e+01  7.01288518e+01 -1.78045192e+02 
 6.76082975e+01  7.01286135e+01 -1.77999695e+02 
 6.91830971e+01  7.01283640e+01 -1.77953142e+02 
 7.07945784e+01  7.01281027e+01 -1.77905506e+02 
 7.24435960e+01  7.01278291e+01 -1.77856764e+02 
 7.41310241e+01  7.01275427e+01 -1.77806890e+02 
 7.58577575e+01  7.01272428e+01 -1.77755858e+02 
 7.76247117e+01  7.01269288e+01 -1.77703640e+02 
 7.94328235e+01  7.01266000e+01 -1.77650210e+02 
 8.12830516e+01  7.01262557e+01 -1.77595540e+02 
 8.31763771e+01  7.01258953e+01 -1.77539601e+02 
 8.51138038e+01  7.01255178e+01 -1.77482364e+02 
 8.70963590e+01  7.01251227e+01 -1.77423799e+02 
 8.91250938e+01  7.01247089e+01 -1.77363876e+02 
 9.12010839e+01  7.01242757e+01 -1.77302562e+02 
 9.33254301e+01  7.01238221e+01 -1.77239827e+02 
 9.54992586e+01  7.01233472e+01 -1.77175637e+02 
 9.77237221e+01  7.01228500e+01 -1.77109960e+02 
 1.00000000e+02  7.01223294e+01 -1.77042760e+02 
 1.02329299e+02  7.01217843e+01 -1.76974004e+02 
 1.04712855e+02  7.01212136e+01 -1.76903655e+02 
 1.07151931e+02  7.01206161e+01 -1.76831677e+02 
 1.09647820e+02  7.01199905e+01 -1.76758034e+02 
 1.12201845e+02  7.01193356e+01 -1.76682685e+02 
 1.14815362e+02  7.01186498e+01 -1.76605594e+02 
 1.17489755e+02  7.01179319e+01 -1.76526720e+02 
 1.20226443e+02  7.01171803e+01 -1.76446022e+02 
 1.23026877e+02  7.01163933e+01 -1.76363459e+02 
 1.25892541e+02  7.01155695e+01 -1.76278988e+02 
 1.28824955e+02  7.01147070e+01 -1.76192567e+02 
 1.31825674e+02  7.01138040e+01 -1.76104151e+02 
 1.34896288e+02  7.01128586e+01 -1.76013694e+02 
 1.38038426e+02  7.01118690e+01 -1.75921152e+02 
 1.41253754e+02  7.01108329e+01 -1.75826475e+02 
 1.44543977e+02  7.01097483e+01 -1.75729617e+02 
 1.47910839e+02  7.01086128e+01 -1.75630528e+02 
 1.51356125e+02  7.01074242e+01 -1.75529159e+02 
 1.54881662e+02  7.01061799e+01 -1.75425457e+02 
 1.58489319e+02  7.01048773e+01 -1.75319371e+02 
 1.62181010e+02  7.01035137e+01 -1.75210847e+02 
 1.65958691e+02  7.01020864e+01 -1.75099830e+02 
 1.69824365e+02  7.01005923e+01 -1.74986267e+02 
 1.73780083e+02  7.00990283e+01 -1.74870098e+02 
 1.77827941e+02  7.00973912e+01 -1.74751268e+02 
 1.81970086e+02  7.00956776e+01 -1.74629717e+02 
 1.86208714e+02  7.00938840e+01 -1.74505384e+02 
 1.90546072e+02  7.00920066e+01 -1.74378210e+02 
 1.94984460e+02  7.00900417e+01 -1.74248130e+02 
 1.99526231e+02  7.00879851e+01 -1.74115083e+02 
 2.04173794e+02  7.00858326e+01 -1.73979002e+02 
 2.08929613e+02  7.00835798e+01 -1.73839822e+02 
 2.13796209e+02  7.00812220e+01 -1.73697476e+02 
 2.18776162e+02  7.00787546e+01 -1.73551895e+02 
 2.23872114e+02  7.00761723e+01 -1.73403010e+02 
 2.29086765e+02  7.00734700e+01 -1.73250749e+02 
 2.34422882e+02  7.00706422e+01 -1.73095041e+02 
 2.39883292e+02  7.00676830e+01 -1.72935812e+02 
 2.45470892e+02  7.00645865e+01 -1.72772988e+02 
 2.51188643e+02  7.00613465e+01 -1.72606493e+02 
 2.57039578e+02  7.00579564e+01 -1.72436249e+02 
 2.63026799e+02  7.00544093e+01 -1.72262179e+02 
 2.69153480e+02  7.00506982e+01 -1.72084204e+02 
 2.75422870e+02  7.00468155e+01 -1.71902242e+02 
 2.81838293e+02  7.00427536e+01 -1.71716212e+02 
 2.88403150e+02  7.00385043e+01 -1.71526030e+02 
 2.95120923e+02  7.00340593e+01 -1.71331614e+02 
 3.01995172e+02  7.00294096e+01 -1.71132877e+02 
 3.09029543e+02  7.00245461e+01 -1.70929734e+02 
 3.16227766e+02  7.00194592e+01 -1.70722097e+02 
 3.23593657e+02  7.00141389e+01 -1.70509878e+02 
 3.31131121e+02  7.00085749e+01 -1.70292988e+02 
 3.38844156e+02  7.00027563e+01 -1.70071337e+02 
 3.46736850e+02  6.99966718e+01 -1.69844833e+02 
 3.54813389e+02  6.99903097e+01 -1.69613386e+02 
 3.63078055e+02  6.99836578e+01 -1.69376902e+02 
 3.71535229e+02  6.99767032e+01 -1.69135288e+02 
 3.80189396e+02  6.99694328e+01 -1.68888451e+02 
 3.89045145e+02  6.99618328e+01 -1.68636297e+02 
 3.98107171e+02  6.99538888e+01 -1.68378731e+02 
 4.07380278e+02  6.99455860e+01 -1.68115658e+02 
 4.16869383e+02  6.99369088e+01 -1.67846983e+02 
 4.26579519e+02  6.99278413e+01 -1.67572611e+02 
 4.36515832e+02  6.99183667e+01 -1.67292447e+02 
 4.46683592e+02  6.99084676e+01 -1.67006396e+02 
 4.57088190e+02  6.98981262e+01 -1.66714364e+02 
 4.67735141e+02  6.98873237e+01 -1.66416256e+02 
 4.78630092e+02  6.98760408e+01 -1.66111979e+02 
 4.89778819e+02  6.98642575e+01 -1.65801440e+02 
 5.01187234e+02  6.98519530e+01 -1.65484549e+02 
 5.12861384e+02  6.98391060e+01 -1.65161214e+02 
 5.24807460e+02  6.98256940e+01 -1.64831346e+02 
 5.37031796e+02  6.98116942e+01 -1.64494859e+02 
 5.49540874e+02  6.97970829e+01 -1.64151667e+02 
 5.62341325e+02  6.97818354e+01 -1.63801686e+02 
 5.75439937e+02  6.97659265e+01 -1.63444836e+02 
 5.88843655e+02  6.97493301e+01 -1.63081038e+02 
 6.02559586e+02  6.97320192e+01 -1.62710217e+02 
 6.16595002e+02  6.97139662e+01 -1.62332300e+02 
 6.30957344e+02  6.96951424e+01 -1.61947220e+02 
 6.45654229e+02  6.96755185e+01 -1.61554911e+02 
 6.60693448e+02  6.96550644e+01 -1.61155312e+02 
 6.76082975e+02  6.96337491e+01 -1.60748368e+02 
 6.91830971e+02  6.96115407e+01 -1.60334027e+02 
 7.07945784e+02  6.95884069e+01 -1.59912242e+02 
 7.24435960e+02  6.95643140e+01 -1.59482975e+02 
 7.41310241e+02  6.95392282e+01 -1.59046189e+02 
 7.58577575e+02  6.95131145e+01 -1.58601856e+02 
 7.76247117e+02  6.94859374e+01 -1.58149956e+02 
 7.94328235e+02  6.94576605e+01 -1.57690474e+02 
 8.12830516e+02  6.94282471e+01 -1.57223402e+02 
 8.31763771e+02  6.93976594e+01 -1.56748742e+02 
 8.51138038e+02  6.93658594e+01 -1.56266504e+02 
 8.70963590e+02  6.93328084e+01 -1.55776704e+02 
 8.91250938e+02  6.92984673e+01 -1.55279370e+02 
 9.12010839e+02  6.92627964e+01 -1.54774540e+02 
 9.33254301e+02  6.92257558e+01 -1.54262257e+02 
 9.54992586e+02  6.91873052e+01 -1.53742581e+02 
 9.77237221e+02  6.91474040e+01 -1.53215576e+02 
 1.00000000e+03  6.91060116e+01 -1.52681322e+02 
 1.02329299e+03  6.90630871e+01 -1.52139906e+02 
 1.04712855e+03  6.90185898e+01 -1.51591429e+02 
 1.07151931e+03  6.89724789e+01 -1.51036003e+02 
 1.09647820e+03  6.89247139e+01 -1.50473752e+02 
 1.12201845e+03  6.88752546e+01 -1.49904811e+02 
 1.14815362e+03  6.88240611e+01 -1.49329327e+02 
 1.17489755e+03  6.87710939e+01 -1.48747461e+02 
 1.20226443e+03  6.87163142e+01 -1.48159386e+02 
 1.23026877e+03  6.86596839e+01 -1.47565284e+02 
 1.25892541e+03  6.86011657e+01 -1.46965354e+02 
 1.28824955e+03  6.85407232e+01 -1.46359804e+02 
 1.31825674e+03  6.84783209e+01 -1.45748855e+02 
 1.34896288e+03  6.84139247e+01 -1.45132739e+02 
 1.38038426e+03  6.83475016e+01 -1.44511700e+02 
 1.41253754e+03  6.82790201e+01 -1.43885994e+02 
 1.44543977e+03  6.82084500e+01 -1.43255887e+02 
 1.47910839e+03  6.81357629e+01 -1.42621655e+02 
 1.51356125e+03  6.80609319e+01 -1.41983585e+02 
 1.54881662e+03  6.79839322e+01 -1.41341971e+02 
 1.58489319e+03  6.79047405e+01 -1.40697120e+02 
 1.62181010e+03  6.78233358e+01 -1.40049342e+02 
 1.65958691e+03  6.77396991e+01 -1.39398959e+02 
 1.69824365e+03  6.76538135e+01 -1.38746296e+02 
 1.73780083e+03  6.75656643e+01 -1.38091687e+02 
 1.77827941e+03  6.74752391e+01 -1.37435468e+02 
 1.81970086e+03  6.73825280e+01 -1.36777983e+02 
 1.86208714e+03  6.72875231e+01 -1.36119575e+02 
 1.90546072e+03  6.71902193e+01 -1.35460593e+02 
 1.94984460e+03  6.70906136e+01 -1.34801385e+02 
 1.99526231e+03  6.69887057e+01 -1.34142302e+02 
 2.04173794e+03  6.68844975e+01 -1.33483694e+02 
 2.08929613e+03  6.67779936e+01 -1.32825907e+02 
 2.13796209e+03  6.66692008e+01 -1.32169290e+02 
 2.18776162e+03  6.65581282e+01 -1.31514184e+02 
 2.23872114e+03  6.64447877e+01 -1.30860929e+02 
 2.29086765e+03  6.63291929e+01 -1.30209859e+02 
 2.34422882e+03  6.62113601e+01 -1.29561303e+02 
 2.39883292e+03  6.60913075e+01 -1.28915584e+02 
 2.45470892e+03  6.59690555e+01 -1.28273017e+02 
 2.51188643e+03  6.58446266e+01 -1.27633909e+02 
 2.57039578e+03  6.57180452e+01 -1.26998559e+02 
 2.63026799e+03  6.55893373e+01 -1.26367257e+02 
 2.69153480e+03  6.54585309e+01 -1.25740283e+02 
 2.75422870e+03  6.53256555e+01 -1.25117906e+02 
 2.81838293e+03  6.51907423e+01 -1.24500387e+02 
 2.88403150e+03  6.50538238e+01 -1.23887972e+02 
 2.95120923e+03  6.49149336e+01 -1.23280898e+02 
 3.01995172e+03  6.47741069e+01 -1.22679392e+02 
 3.09029543e+03  6.46313797e+01 -1.22083665e+02 
 3.16227766e+03  6.44867890e+01 -1.21493919e+02 
 3.23593657e+03  6.43403726e+01 -1.20910342e+02 
 3.31131121e+03  6.41921693e+01 -1.20333112e+02 
 3.38844156e+03  6.40422181e+01 -1.19762393e+02 
 3.46736850e+03  6.38905589e+01 -1.19198337e+02 
 3.54813389e+03  6.37372317e+01 -1.18641084e+02 
 3.63078055e+03  6.35822771e+01 -1.18090762e+02 
 3.71535229e+03  6.34257357e+01 -1.17547487e+02 
 3.80189396e+03  6.32676483e+01 -1.17011363e+02 
 3.89045145e+03  6.31080556e+01 -1.16482484e+02 
 3.98107171e+03  6.29469985e+01 -1.15960931e+02 
 4.07380278e+03  6.27845175e+01 -1.15446776e+02 
 4.16869383e+03  6.26206530e+01 -1.14940078e+02 
 4.26579519e+03  6.24554450e+01 -1.14440889e+02 
 4.36515832e+03  6.22889334e+01 -1.13949247e+02 
 4.46683592e+03  6.21211575e+01 -1.13465184e+02 
 4.57088190e+03  6.19521560e+01 -1.12988721e+02 
 4.67735141e+03  6.17819673e+01 -1.12519870e+02 
 4.78630092e+03  6.16106292e+01 -1.12058636e+02 
 4.89778819e+03  6.14381789e+01 -1.11605016e+02 
 5.01187234e+03  6.12646527e+01 -1.11158997e+02 
 5.12861384e+03  6.10900865e+01 -1.10720562e+02 
 5.24807460e+03  6.09145155e+01 -1.10289684e+02 
 5.37031796e+03  6.07379740e+01 -1.09866331e+02 
 5.49540874e+03  6.05604955e+01 -1.09450466e+02 
 5.62341325e+03  6.03821130e+01 -1.09042045e+02 
 5.75439937e+03  6.02028585e+01 -1.08641019e+02 
 5.88843655e+03  6.00227631e+01 -1.08247334e+02 
 6.02559586e+03  5.98418575e+01 -1.07860932e+02 
 6.16595002e+03  5.96601712e+01 -1.07481749e+02 
 6.30957344e+03  5.94777330e+01 -1.07109719e+02 
 6.45654229e+03  5.92945709e+01 -1.06744771e+02 
 6.60693448e+03  5.91107121e+01 -1.06386832e+02 
 6.76082975e+03  5.89261831e+01 -1.06035825e+02 
 6.91830971e+03  5.87410093e+01 -1.05691671e+02 
 7.07945784e+03  5.85552157e+01 -1.05354288e+02 
 7.24435960e+03  5.83688262e+01 -1.05023591e+02 
 7.41310241e+03  5.81818640e+01 -1.04699496e+02 
 7.58577575e+03  5.79943517e+01 -1.04381914e+02 
 7.76247117e+03  5.78063109e+01 -1.04070756e+02 
 7.94328235e+03  5.76177626e+01 -1.03765932e+02 
 8.12830516e+03  5.74287272e+01 -1.03467351e+02 
 8.31763771e+03  5.72392242e+01 -1.03174920e+02 
 8.51138038e+03  5.70492724e+01 -1.02888546e+02 
 8.70963590e+03  5.68588902e+01 -1.02608136e+02 
 8.91250938e+03  5.66680950e+01 -1.02333596e+02 
 9.12010839e+03  5.64769037e+01 -1.02064831e+02 
 9.33254301e+03  5.62853326e+01 -1.01801749e+02 
 9.54992586e+03  5.60933974e+01 -1.01544253e+02 
 9.77237221e+03  5.59011133e+01 -1.01292252e+02 
 1.00000000e+04  5.57084946e+01 -1.01045651e+02 
 1.02329299e+04  5.55155555e+01 -1.00804356e+02 
 1.04712855e+04  5.53223092e+01 -1.00568276e+02 
 1.07151931e+04  5.51287688e+01 -1.00337318e+02 
 1.09647820e+04  5.49349465e+01 -1.00111390e+02 
 1.12201845e+04  5.47408544e+01 -9.98904013e+01 
 1.14815362e+04  5.45465039e+01 -9.96742625e+01 
 1.17489755e+04  5.43519059e+01 -9.94628842e+01 
 1.20226443e+04  5.41570711e+01 -9.92561782e+01 
 1.23026877e+04  5.39620094e+01 -9.90540571e+01 
 1.25892541e+04  5.37667307e+01 -9.88564349e+01 
 1.28824955e+04  5.35712442e+01 -9.86632262e+01 
 1.31825674e+04  5.33755590e+01 -9.84743469e+01 
 1.34896288e+04  5.31796834e+01 -9.82897142e+01 
 1.38038426e+04  5.29836259e+01 -9.81092462e+01 
 1.41253754e+04  5.27873941e+01 -9.79328622e+01 
 1.44543977e+04  5.25909958e+01 -9.77604828e+01 
 1.47910839e+04  5.23944381e+01 -9.75920297e+01 
 1.51356125e+04  5.21977279e+01 -9.74274260e+01 
 1.54881662e+04  5.20008719e+01 -9.72665960e+01 
 1.58489319e+04  5.18038764e+01 -9.71094650e+01 
 1.62181010e+04  5.16067476e+01 -9.69559599e+01 
 1.65958691e+04  5.14094913e+01 -9.68060088e+01 
 1.69824365e+04  5.12121129e+01 -9.66595409e+01 
 1.73780083e+04  5.10146180e+01 -9.65164868e+01 
 1.77827941e+04  5.08170115e+01 -9.63767784e+01 
 1.81970086e+04  5.06192985e+01 -9.62403488e+01 
 1.86208714e+04  5.04214835e+01 -9.61071324e+01 
 1.90546072e+04  5.02235711e+01 -9.59770649e+01 
 1.94984460e+04  5.00255656e+01 -9.58500831e+01 
 1.99526231e+04  4.98274710e+01 -9.57261253e+01 
 2.04173794e+04  4.96292913e+01 -9.56051309e+01 
 2.08929613e+04  4.94310302e+01 -9.54870405e+01 
 2.13796209e+04  4.92326914e+01 -9.53717960e+01 
 2.18776162e+04  4.90342782e+01 -9.52593404e+01 
 2.23872114e+04  4.88357940e+01 -9.51496181e+01 
 2.29086765e+04  4.86372419e+01 -9.50425746e+01 
 2.34422882e+04  4.84386249e+01 -9.49381564e+01 
 2.39883292e+04  4.82399459e+01 -9.48363115e+01 
 2.45470892e+04  4.80412075e+01 -9.47369889e+01 
 2.51188643e+04  4.78424126e+01 -9.46401386e+01 
 2.57039578e+04  4.76435635e+01 -9.45457118e+01 
 2.63026799e+04  4.74446626e+01 -9.44536610e+01 
 2.69153480e+04  4.72457123e+01 -9.43639397e+01 
 2.75422870e+04  4.70467148e+01 -9.42765023e+01 
 2.81838293e+04  4.68476720e+01 -9.41913046e+01 
 2.88403150e+04  4.66485862e+01 -9.41083030e+01 
 2.95120923e+04  4.64494590e+01 -9.40274555e+01 
 3.01995172e+04  4.62502925e+01 -9.39487207e+01 
 3.09029543e+04  4.60510882e+01 -9.38720584e+01 
 3.16227766e+04  4.58518480e+01 -9.37974294e+01 
 3.23593657e+04  4.56525733e+01 -9.37247953e+01 
 3.31131121e+04  4.54532657e+01 -9.36541190e+01 
 3.38844156e+04  4.52539267e+01 -9.35853640e+01 
 3.46736850e+04  4.50545576e+01 -9.35184950e+01 
 3.54813389e+04  4.48551598e+01 -9.34534775e+01 
 3.63078055e+04  4.46557346e+01 -9.33902781e+01 
 3.71535229e+04  4.44562830e+01 -9.33288640e+01 
 3.80189396e+04  4.42568064e+01 -9.32692035e+01 
 3.89045145e+04  4.40573058e+01 -9.32112657e+01 
 3.98107171e+04  4.38577822e+01 -9.31550206e+01 
 4.07380278e+04  4.36582367e+01 -9.31004391e+01 
 4.16869383e+04  4.34586702e+01 -9.30474928e+01 
 4.26579519e+04  4.32590836e+01 -9.29961542e+01 
 4.36515832e+04  4.30594778e+01 -9.29463967e+01 
 4.46683592e+04  4.28598536e+01 -9.28981944e+01 
 4.57088190e+04  4.26602119e+01 -9.28515221e+01 
 4.67735141e+04  4.24605533e+01 -9.28063556e+01 
 4.78630092e+04  4.22608786e+01 -9.27626713e+01 
 4.89778819e+04  4.20611885e+01 -9.27204464e+01 
 5.01187234e+04  4.18614837e+01 -9.26796590e+01 
 5.12861384e+04  4.16617646e+01 -9.26402876e+01 
 5.24807460e+04  4.14620321e+01 -9.26023118e+01 
 5.37031796e+04  4.12622866e+01 -9.25657117e+01 
 5.49540874e+04  4.10625286e+01 -9.25304682e+01 
 5.62341325e+04  4.08627586e+01 -9.24965627e+01 
 5.75439937e+04  4.06629773e+01 -9.24639777e+01 
 5.88843655e+04  4.04631849e+01 -9.24326959e+01 
 6.02559586e+04  4.02633820e+01 -9.24027011e+01 
 6.16595002e+04  4.00635690e+01 -9.23739775e+01 
 6.30957344e+04  3.98637462e+01 -9.23465101e+01 
 6.45654229e+04  3.96639141e+01 -9.23202844e+01 
 6.60693448e+04  3.94640729e+01 -9.22952867e+01 
 6.76082975e+04  3.92642231e+01 -9.22715040e+01 
 6.91830971e+04  3.90643650e+01 -9.22489236e+01 
 7.07945784e+04  3.88644988e+01 -9.22275338e+01 
 7.24435960e+04  3.86646248e+01 -9.22073233e+01 
 7.41310241e+04  3.84647433e+01 -9.21882816e+01 
 7.58577575e+04  3.82648546e+01 -9.21703985e+01 
 7.76247117e+04  3.80649588e+01 -9.21536648e+01 
 7.94328235e+04  3.78650563e+01 -9.21380717e+01 
 8.12830516e+04  3.76651471e+01 -9.21236109e+01 
 8.31763771e+04  3.74652316e+01 -9.21102748e+01 
 8.51138038e+04  3.72653098e+01 -9.20980565e+01 
 8.70963590e+04  3.70653820e+01 -9.20869495e+01 
 8.91250938e+04  3.68654483e+01 -9.20769480e+01 
 9.12010839e+04  3.66655088e+01 -9.20680467e+01 
 9.33254301e+04  3.64655638e+01 -9.20602410e+01 
 9.54992586e+04  3.62656131e+01 -9.20535268e+01 
 9.77237221e+04  3.60656571e+01 -9.20479005e+01 
 1.00000000e+05  3.58656958e+01 -9.20433591e+01 
 1.02329299e+05  3.56657292e+01 -9.20399004e+01 
 1.04712855e+05  3.54657575e+01 -9.20375225e+01 
 1.07151931e+05  3.52657806e+01 -9.20362241e+01 
 1.09647820e+05  3.50657987e+01 -9.20360046e+01 
 1.12201845e+05  3.48658118e+01 -9.20368638e+01 
 1.14815362e+05  3.46658199e+01 -9.20388023e+01 
 1.17489755e+05  3.44658230e+01 -9.20418210e+01 
 1.20226443e+05  3.42658212e+01 -9.20459217e+01 
 1.23026877e+05  3.40658144e+01 -9.20511063e+01 
 1.25892541e+05  3.38658026e+01 -9.20573777e+01 
 1.28824955e+05  3.36657858e+01 -9.20647393e+01 
 1.31825674e+05  3.34657639e+01 -9.20731948e+01 
 1.34896288e+05  3.32657370e+01 -9.20827488e+01 
 1.38038426e+05  3.30657049e+01 -9.20934063e+01 
 1.41253754e+05  3.28656676e+01 -9.21051729e+01 
 1.44543977e+05  3.26656250e+01 -9.21180548e+01 
 1.47910839e+05  3.24655770e+01 -9.21320589e+01 
 1.51356125e+05  3.22655235e+01 -9.21471925e+01 
 1.54881662e+05  3.20654644e+01 -9.21634636e+01 
 1.58489319e+05  3.18653997e+01 -9.21808808e+01 
 1.62181010e+05  3.16653290e+01 -9.21994533e+01 
 1.65958691e+05  3.14652523e+01 -9.22191909e+01 
 1.69824365e+05  3.12651695e+01 -9.22401039e+01 
 1.73780083e+05  3.10650803e+01 -9.22622034e+01 
 1.77827941e+05  3.08649846e+01 -9.22855010e+01 
 1.81970086e+05  3.06648821e+01 -9.23100091e+01 
 1.86208714e+05  3.04647727e+01 -9.23357405e+01 
 1.90546072e+05  3.02646561e+01 -9.23627087e+01 
 1.94984460e+05  3.00645321e+01 -9.23909281e+01 
 1.99526231e+05  2.98644004e+01 -9.24204133e+01 
 2.04173794e+05  2.96642607e+01 -9.24511801e+01 
 2.08929613e+05  2.94641127e+01 -9.24832444e+01 
 2.13796209e+05  2.92639561e+01 -9.25166233e+01 
 2.18776162e+05  2.90637907e+01 -9.25513342e+01 
 2.23872114e+05  2.88636160e+01 -9.25873954e+01 
 2.29086765e+05  2.86634316e+01 -9.26248259e+01 
 2.34422882e+05  2.84632373e+01 -9.26636453e+01 
 2.39883292e+05  2.82630325e+01 -9.27038740e+01 
 2.45470892e+05  2.80628168e+01 -9.27455332e+01 
 2.51188643e+05  2.78625898e+01 -9.27886447e+01 
 2.57039578e+05  2.76623511e+01 -9.28332311e+01 
 2.63026799e+05  2.74621000e+01 -9.28793158e+01 
 2.69153480e+05  2.72618361e+01 -9.29269230e+01 
 2.75422870e+05  2.70615588e+01 -9.29760776e+01 
 2.81838293e+05  2.68612676e+01 -9.30268054e+01 
 2.88403150e+05  2.66609618e+01 -9.30791329e+01 
 2.95120923e+05  2.64606407e+01 -9.31330876e+01 
 3.01995172e+05  2.62603038e+01 -9.31886975e+01 
 3.09029543e+05  2.60599502e+01 -9.32459919e+01 
 3.16227766e+05  2.58595793e+01 -9.33050007e+01 
 3.23593657e+05  2.56591902e+01 -9.33657545e+01 
 3.31131121e+05  2.54587823e+01 -9.34282853e+01 
 3.38844156e+05  2.52583545e+01 -9.34926255e+01 
 3.46736850e+05  2.50579060e+01 -9.35588087e+01 
 3.54813389e+05  2.48574358e+01 -9.36268694e+01 
 3.63078055e+05  2.46569430e+01 -9.36968429e+01 
 3.71535229e+05  2.44564266e+01 -9.37687658e+01 
 3.80189396e+05  2.42558854e+01 -9.38426752e+01 
 3.89045145e+05  2.40553183e+01 -9.39186097e+01 
 3.98107171e+05  2.38547242e+01 -9.39966085e+01 
 4.07380278e+05  2.36541017e+01 -9.40767121e+01 
 4.16869383e+05  2.34534496e+01 -9.41589619e+01 
 4.26579519e+05  2.32527666e+01 -9.42434005e+01 
 4.36515832e+05  2.30520511e+01 -9.43300716e+01 
 4.46683592e+05  2.28513018e+01 -9.44190197e+01 
 4.57088190e+05  2.26505170e+01 -9.45102908e+01 
 4.67735141e+05  2.24496951e+01 -9.46039318e+01 
 4.78630092e+05  2.22488344e+01 -9.46999908e+01 
 4.89778819e+05  2.20479332e+01 -9.47985173e+01 
 5.01187234e+05  2.18469894e+01 -9.48995615e+01 
 5.12861384e+05  2.16460013e+01 -9.50031754e+01 
 5.24807460e+05  2.14449666e+01 -9.51094118e+01 
 5.37031796e+05  2.12438834e+01 -9.52183249e+01 
 5.49540874e+05  2.10427493e+01 -9.53299702e+01 
 5.62341325e+05  2.08415620e+01 -9.54444045e+01 
 5.75439937e+05  2.06403191e+01 -9.55616858e+01 
 5.88843655e+05  2.04390179e+01 -9.56818736e+01 
 6.02559586e+05  2.02376559e+01 -9.58050285e+01 
 6.16595002e+05  2.00362301e+01 -9.59312127e+01 
 6.30957344e+05  1.98347378e+01 -9.60604898e+01 
 6.45654229e+05  1.96331758e+01 -9.61929245e+01 
 6.60693448e+05  1.94315409e+01 -9.63285833e+01 
 6.76082975e+05  1.92298297e+01 -9.64675339e+01 
 6.91830971e+05  1.90280389e+01 -9.66098456e+01 
 7.07945784e+05  1.88261647e+01 -9.67555890e+01 
 7.24435960e+05  1.86242034e+01 -9.69048364e+01 
 7.41310241e+05  1.84221509e+01 -9.70576614e+01 
 7.58577575e+05  1.82200031e+01 -9.72141395e+01 
 7.76247117e+05  1.80177557e+01 -9.73743472e+01 
 7.94328235e+05  1.78154041e+01 -9.75383631e+01 
 8.12830516e+05  1.76129436e+01 -9.77062669e+01 
 8.31763771e+05  1.74103693e+01 -9.78781403e+01 
 8.51138038e+05  1.72076759e+01 -9.80540663e+01 
 8.70963590e+05  1.70048582e+01 -9.82341297e+01 
 8.91250938e+05  1.68019106e+01 -9.84184168e+01 
 9.12010839e+05  1.65988271e+01 -9.86070156e+01 
 9.33254301e+05  1.63956016e+01 -9.88000157e+01 
 9.54992586e+05  1.61922278e+01 -9.89975083e+01 
 9.77237221e+05  1.59886991e+01 -9.91995865e+01 
 1.00000000e+06  1.57850086e+01 -9.94063448e+01 
 1.02329299e+06  1.55811489e+01 -9.96178793e+01 
 1.04712855e+06  1.53771127e+01 -9.98342880e+01 
 1.07151931e+06  1.51728920e+01 -1.00055671e+02 
 1.09647820e+06  1.49684787e+01 -1.00282128e+02 
 1.12201845e+06  1.47638644e+01 -1.00513763e+02 
 1.14815362e+06  1.45590401e+01 -1.00750681e+02 
 1.17489755e+06  1.43539967e+01 -1.00992987e+02 
 1.20226443e+06  1.41487245e+01 -1.01240789e+02 
 1.23026877e+06  1.39432136e+01 -1.01494196e+02 
 1.25892541e+06  1.37374537e+01 -1.01753321e+02 
 1.28824955e+06  1.35314339e+01 -1.02018274e+02 
 1.31825674e+06  1.33251430e+01 -1.02289170e+02 
 1.34896288e+06  1.31185694e+01 -1.02566124e+02 
 1.38038426e+06  1.29117009e+01 -1.02849255e+02 
 1.41253754e+06  1.27045250e+01 -1.03138679e+02 
 1.44543977e+06  1.24970285e+01 -1.03434517e+02 
 1.47910839e+06  1.22891979e+01 -1.03736891e+02 
 1.51356125e+06  1.20810192e+01 -1.04045923e+02 
 1.54881662e+06  1.18724776e+01 -1.04361737e+02 
 1.58489319e+06  1.16635581e+01 -1.04684458e+02 
 1.62181010e+06  1.14542449e+01 -1.05014213e+02 
 1.65958691e+06  1.12445216e+01 -1.05351128e+02 
 1.69824365e+06  1.10343715e+01 -1.05695333e+02 
 1.73780083e+06  1.08237770e+01 -1.06046958e+02 
 1.77827941e+06  1.06127200e+01 -1.06406132e+02 
 1.81970086e+06  1.04011816e+01 -1.06772988e+02 
 1.86208714e+06  1.01891426e+01 -1.07147656e+02 
 1.90546072e+06  9.97658282e+00 -1.07530271e+02 
 1.94984460e+06  9.76348144e+00 -1.07920966e+02 
 1.99526231e+06  9.54981703e+00 -1.08319874e+02 
 2.04173794e+06  9.33556738e+00 -1.08727130e+02 
 2.08929613e+06  9.12070958e+00 -1.09142870e+02 
 2.13796209e+06  8.90521994e+00 -1.09567227e+02 
 2.18776162e+06  8.68907403e+00 -1.10000337e+02 
 2.23872114e+06  8.47224664e+00 -1.10442336e+02 
 2.29086765e+06  8.25471176e+00 -1.10893358e+02 
 2.34422882e+06  8.03644256e+00 -1.11353538e+02 
 2.39883292e+06  7.81741141e+00 -1.11823010e+02 
 2.45470892e+06  7.59758984e+00 -1.12301909e+02 
 2.51188643e+06  7.37694851e+00 -1.12790368e+02 
 2.57039578e+06  7.15545723e+00 -1.13288519e+02 
 2.63026799e+06  6.93308494e+00 -1.13796494e+02 
 2.69153480e+06  6.70979969e+00 -1.14314423e+02 
 2.75422870e+06  6.48556861e+00 -1.14842436e+02 
 2.81838293e+06  6.26035794e+00 -1.15380660e+02 
 2.88403150e+06  6.03413300e+00 -1.15929223e+02 
 2.95120923e+06  5.80685815e+00 -1.16488248e+02 
 3.01995172e+06  5.57849684e+00 -1.17057858e+02 
 3.09029543e+06  5.34901157e+00 -1.17638173e+02 
 3.16227766e+06  5.11836388e+00 -1.18229312e+02 
 3.23593657e+06  4.88651436e+00 -1.18831390e+02 
 3.31131121e+06  4.65342264e+00 -1.19444520e+02 
 3.38844156e+06  4.41904738e+00 -1.20068812e+02 
 3.46736850e+06  4.18334632e+00 -1.20704372e+02 
 3.54813389e+06  3.94627622e+00 -1.21351304e+02 
 3.63078055e+06  3.70779290e+00 -1.22009708e+02 
 3.71535229e+06  3.46785125e+00 -1.22679678e+02 
 3.80189396e+06  3.22640525e+00 -1.23361307e+02 
 3.89045145e+06  2.98340797e+00 -1.24054682e+02 
 3.98107171e+06  2.73881159e+00 -1.24759885e+02 
 4.07380278e+06  2.49256747e+00 -1.25476995e+02 
 4.16869383e+06  2.24462610e+00 -1.26206085e+02 
 4.26579519e+06  1.99493724e+00 -1.26947222e+02 
 4.36515832e+06  1.74344985e+00 -1.27700468e+02 
 4.46683592e+06  1.49011222e+00 -1.28465880e+02 
 4.57088190e+06  1.23487200e+00 -1.29243509e+02 
 4.67735141e+06  9.77676232e-01 -1.30033400e+02 
 4.78630092e+06  7.18471455e-01 -1.30835592e+02 
 4.89778819e+06  4.57203755e-01 -1.31650118e+02 
 5.01187234e+06  1.93818848e-01 -1.32477003e+02 
 5.12861384e+06 -7.17378273e-02 -1.33316270e+02 
 5.24807460e+06 -3.39521018e-01 -1.34167932e+02 
 5.37031796e+06 -6.09585556e-01 -1.35031997e+02 
 5.49540874e+06 -8.81986243e-01 -1.35908468e+02 
 5.62341325e+06 -1.15677774e+00 -1.36797341e+02 
 5.75439937e+06 -1.43401443e+00 -1.37698608e+02 
 5.88843655e+06 -1.71375029e+00 -1.38612255e+02 
 6.02559586e+06 -1.99603877e+00 -1.39538263e+02 
 6.16595002e+06 -2.28093258e+00 -1.40476610e+02 
 6.30957344e+06 -2.56848360e+00 -1.41427269e+02 
 6.45654229e+06 -2.85874268e+00 -1.42390211e+02 
 6.60693448e+06 -3.15175946e+00 -1.43365405e+02 
 6.76082975e+06 -3.44758220e+00 -1.44352818e+02 
 6.91830971e+06 -3.74625756e+00 -1.45352418e+02 
 7.07945784e+06 -4.04783043e+00 -1.46364171e+02 
 7.24435960e+06 -4.35234368e+00 -1.47388048e+02 
 7.41310241e+06 -4.65983796e+00 -1.48424023e+02 
 7.58577575e+06 -4.97035144e+00 -1.49472072e+02 
 7.76247117e+06 -5.28391959e+00 -1.50532181e+02 
 7.94328235e+06 -5.60057488e+00 -1.51604340e+02 
 8.12830516e+06 -5.92034650e+00 -1.52688553e+02 
 8.31763771e+06 -6.24326011e+00 -1.53784831e+02 
 8.51138038e+06 -6.56933745e+00 -1.54893202e+02 
 8.70963590e+06 -6.89859605e+00 -1.56013709e+02 
 8.91250938e+06 -7.23104886e+00 -1.57146410e+02 
 9.12010839e+06 -7.56670381e+00 -1.58291387e+02 
 9.33254301e+06 -7.90556343e+00 -1.59448743e+02 
 9.54992586e+06 -8.24762439e+00 -1.60618605e+02 
 9.77237221e+06 -8.59287694e+00 -1.61801130e+02 
 1.00000000e+07 -8.94130443e+00 -1.62996504e+02 
 1.02329299e+07 -9.29288266e+00 -1.64204944e+02 
 1.04712855e+07 -9.64757924e+00 -1.65426707e+02 
 1.07151931e+07 -1.00053529e+01 -1.66662086e+02 
 1.09647820e+07 -1.03661525e+01 -1.67911414e+02 
 1.12201845e+07 -1.07299165e+01 -1.69175071e+02 
 1.14815362e+07 -1.10965718e+01 -1.70453480e+02 
 1.17489755e+07 -1.14660326e+01 -1.71747115e+02 
 1.20226443e+07 -1.18381995e+01 -1.73056500e+02 
 1.23026877e+07 -1.22129578e+01 -1.74382212e+02 
 1.25892541e+07 -1.25901767e+01 -1.75724880e+02 
 1.28824955e+07 -1.29697072e+01 -1.77085191e+02 
 1.31825674e+07 -1.33513811e+01 -1.78463884e+02 
 1.34896288e+07 -1.37350086e+01 -1.79861753e+02 
 1.38038426e+07 -1.41203766e+01 -1.81279647e+02 
 1.41253754e+07 -1.45072470e+01 -1.82718459e+02 
 1.44543977e+07 -1.48953540e+01 -1.84179133e+02 
 1.47910839e+07 -1.52844021e+01 -1.85662648e+02 
 1.51356125e+07 -1.56740638e+01 -1.87170014e+02 
 1.54881662e+07 -1.60639769e+01 -1.88702261e+02 
 1.58489319e+07 -1.64537424e+01 -1.90260426e+02 
 1.62181010e+07 -1.68429216e+01 -1.91845534e+02 
 1.65958691e+07 -1.72310343e+01 -1.93458581e+02 
 1.69824365e+07 -1.76175563e+01 -1.95100507e+02 
 1.73780083e+07 -1.80019180e+01 -1.96772171e+02 
 1.77827941e+07 -1.83835026e+01 -1.98474318e+02 
 1.81970086e+07 -1.87616457e+01 -2.00207540e+02 
 1.86208714e+07 -1.91356351e+01 -2.01972240e+02 
 1.90546072e+07 -1.95047120e+01 -2.03768583e+02 
 1.94984460e+07 -1.98680730e+01 -2.05596454e+02 
 1.99526231e+07 -2.02248737e+01 -2.07455403e+02 
 2.04173794e+07 -2.05742336e+01 -2.09344599e+02 
 2.08929613e+07 -2.09152433e+01 -2.11262781e+02 
 2.13796209e+07 -2.12469727e+01 -2.13208209e+02 
 2.18776162e+07 -2.15684817e+01 -2.15178631e+02 
 2.23872114e+07 -2.18788323e+01 -2.17171248e+02 
 2.29086765e+07 -2.21771023e+01 -2.19182701e+02 
 2.34422882e+07 -2.24624008e+01 -2.21209064e+02 
 2.39883292e+07 -2.27338837e+01 -2.23245860e+02 
 2.45470892e+07 -2.29907699e+01 -2.25288096e+02 
 2.51188643e+07 -2.32323572e+01 -2.27330316e+02 
 2.57039578e+07 -2.34580365e+01 -2.29366675e+02 
 2.63026799e+07 -2.36673049e+01 -2.31391033e+02 
 2.69153480e+07 -2.38597752e+01 -2.33397059e+02 
 2.75422870e+07 -2.40351829e+01 -2.35378352e+02 
 2.81838293e+07 -2.41933898e+01 -2.37328565e+02 
 2.88403150e+07 -2.43343833e+01 -2.39241528e+02 
 2.95120923e+07 -2.44582727e+01 -2.41111372e+02 
 3.01995172e+07 -2.45652817e+01 -2.42932631e+02 
 3.09029543e+07 -2.46557381e+01 -2.44700340e+02 
 3.16227766e+07 -2.47300619e+01 -2.46410109e+02 
 3.23593657e+07 -2.47887509e+01 -2.48058179e+02 
 3.31131121e+07 -2.48323665e+01 -2.49641452e+02 
 3.38844156e+07 -2.48615189e+01 -2.51157507e+02 
 3.46736850e+07 -2.48768524e+01 -2.52604592e+02 
 3.54813389e+07 -2.48790330e+01 -2.53981604e+02 
 3.63078055e+07 -2.48687358e+01 -2.55288053e+02 
 3.71535229e+07 -2.48466353e+01 -2.56524011e+02 
 3.80189396e+07 -2.48133964e+01 -2.57690065e+02 
 3.89045145e+07 -2.47696675e+01 -2.58787256e+02 
 3.98107171e+07 -2.47160754e+01 -2.59817019e+02 
 4.07380278e+07 -2.46532212e+01 -2.60781122e+02 
 4.16869383e+07 -2.45816775e+01 -2.61681611e+02 
 4.26579519e+07 -2.45019875e+01 -2.62520752e+02 
 4.36515832e+07 -2.44146636e+01 -2.63300982e+02 
 4.46683592e+07 -2.43201880e+01 -2.64024863e+02 
 4.57088190e+07 -2.42190131e+01 -2.64695038e+02 
 4.67735141e+07 -2.41115628e+01 -2.65314199e+02 
 4.78630092e+07 -2.39982332e+01 -2.65885048e+02 
 4.89778819e+07 -2.38793949e+01 -2.66410278e+02 
 5.01187234e+07 -2.37553939e+01 -2.66892544e+02 
 5.12861384e+07 -2.36265534e+01 -2.67334447e+02 
 5.24807460e+07 -2.34931755e+01 -2.67738517e+02 
 5.37031796e+07 -2.33555426e+01 -2.68107201e+02 
 5.49540874e+07 -2.32139187e+01 -2.68442857e+02 
 5.62341325e+07 -2.30685509e+01 -2.68747741e+02 
 5.75439937e+07 -2.29196708e+01 -2.69024008e+02 
 5.88843655e+07 -2.27674952e+01 -2.69273705e+02 
 6.02559586e+07 -2.26122274e+01 -2.69498773e+02 
 6.16595002e+07 -2.24540582e+01 -2.69701045e+02 
 6.30957344e+07 -2.22931668e+01 -2.69882247e+02 
 6.45654229e+07 -2.21297213e+01 -2.70044002e+02 
 6.60693448e+07 -2.19638797e+01 -2.70187829e+02 
 6.76082975e+07 -2.17957903e+01 -2.70315152e+02 
 6.91830971e+07 -2.16255926e+01 -2.70427296e+02 
 7.07945784e+07 -2.14534176e+01 -2.70525500e+02 
 7.24435960e+07 -2.12793884e+01 -2.70610913e+02 
 7.41310241e+07 -2.11036207e+01 -2.70684603e+02 
 7.58577575e+07 -2.09262229e+01 -2.70747561e+02 
 7.76247117e+07 -2.07472972e+01 -2.70800702e+02 
 7.94328235e+07 -2.05669392e+01 -2.70844876e+02 
 8.12830516e+07 -2.03852386e+01 -2.70880865e+02 
 8.31763771e+07 -2.02022799e+01 -2.70909391e+02 
 8.51138038e+07 -2.00181418e+01 -2.70931120e+02 
 8.70963590e+07 -1.98328985e+01 -2.70946665e+02 
 8.91250938e+07 -1.96466192e+01 -2.70956590e+02 
 9.12010839e+07 -1.94593688e+01 -2.70961413e+02 
 9.33254301e+07 -1.92712080e+01 -2.70961610e+02 
 9.54992586e+07 -1.90821935e+01 -2.70957617e+02 
 9.77237221e+07 -1.88923785e+01 -2.70949834e+02 
 1.00000000e+08 -1.87018126e+01 -2.70938629e+02 
 1.02329299e+08 -1.85105419e+01 -2.70924337e+02 
 1.04712855e+08 -1.83186097e+01 -2.70907267e+02 
 1.07151931e+08 -1.81260563e+01 -2.70887699e+02 
 1.09647820e+08 -1.79329192e+01 -2.70865890e+02 
 1.12201845e+08 -1.77392335e+01 -2.70842077e+02 
 1.14815362e+08 -1.75450317e+01 -2.70816473e+02 
 1.17489755e+08 -1.73503441e+01 -2.70789275e+02 
 1.20226443e+08 -1.71551990e+01 -2.70760663e+02 
 1.23026877e+08 -1.69596227e+01 -2.70730799e+02 
 1.25892541e+08 -1.67636394e+01 -2.70699834e+02 
 1.28824955e+08 -1.65672718e+01 -2.70667904e+02 
 1.31825674e+08 -1.63705411e+01 -2.70635133e+02 
 1.34896288e+08 -1.61734666e+01 -2.70601635e+02 
 1.38038426e+08 -1.59760664e+01 -2.70567515e+02 
 1.41253754e+08 -1.57783574e+01 -2.70532867e+02 
 1.44543977e+08 -1.55803551e+01 -2.70497777e+02 
 1.47910839e+08 -1.53820739e+01 -2.70462326e+02 
 1.51356125e+08 -1.51835271e+01 -2.70426586e+02 
 1.54881662e+08 -1.49847270e+01 -2.70390625e+02 
 1.58489319e+08 -1.47856850e+01 -2.70354503e+02 
 1.62181010e+08 -1.45864118e+01 -2.70318277e+02 
 1.65958691e+08 -1.43869171e+01 -2.70281999e+02 
 1.69824365e+08 -1.41872099e+01 -2.70245718e+02 
 1.73780083e+08 -1.39872986e+01 -2.70209477e+02 
 1.77827941e+08 -1.37871909e+01 -2.70173319e+02 
 1.81970086e+08 -1.35868940e+01 -2.70137282e+02 
 1.86208714e+08 -1.33864146e+01 -2.70101402e+02 
 1.90546072e+08 -1.31857587e+01 -2.70065714e+02 
 1.94984460e+08 -1.29849322e+01 -2.70030248e+02 
 1.99526231e+08 -1.27839403e+01 -2.69995037e+02 
 2.04173794e+08 -1.25827881e+01 -2.69960108e+02 
 2.08929613e+08 -1.23814802e+01 -2.69925488e+02 
 2.13796209e+08 -1.21800209e+01 -2.69891205e+02 
 2.18776162e+08 -1.19784143e+01 -2.69857284e+02 
 2.23872114e+08 -1.17766644e+01 -2.69823749e+02 
 2.29086765e+08 -1.15747747e+01 -2.69790624e+02 
 2.34422882e+08 -1.13727489e+01 -2.69757931e+02 
 2.39883292e+08 -1.11705902e+01 -2.69725695e+02 
 2.45470892e+08 -1.09683020e+01 -2.69693936e+02 
 2.51188643e+08 -1.07658874e+01 -2.69662677e+02 
 2.57039578e+08 -1.05633494e+01 -2.69631938e+02 
 2.63026799e+08 -1.03606912e+01 -2.69601741e+02 
 2.69153480e+08 -1.01579156e+01 -2.69572107e+02 
 2.75422870e+08 -9.95502568e+00 -2.69543056e+02 
 2.81838293e+08 -9.75202444e+00 -2.69514608e+02 
 2.88403150e+08 -9.54891485e+00 -2.69486783e+02 
 2.95120923e+08 -9.34569995e+00 -2.69459600e+02 
 3.01995172e+08 -9.14238282e+00 -2.69433080e+02 
 3.09029543e+08 -8.93896660e+00 -2.69407240e+02 
 3.16227766e+08 -8.73545449e+00 -2.69382100e+02 
 3.23593657e+08 -8.53184979e+00 -2.69357678e+02 
 3.31131121e+08 -8.32815586e+00 -2.69333992e+02 
 3.38844156e+08 -8.12437619e+00 -2.69311058e+02 
 3.46736850e+08 -7.92051433e+00 -2.69288894e+02 
 3.54813389e+08 -7.71657398e+00 -2.69267515e+02 
 3.63078055e+08 -7.51255892e+00 -2.69246938e+02 
 3.71535229e+08 -7.30847305e+00 -2.69227176e+02 
 3.80189396e+08 -7.10432039e+00 -2.69208245e+02 
 3.89045145e+08 -6.90010506e+00 -2.69190156e+02 
 3.98107171e+08 -6.69583130e+00 -2.69172922e+02 
 4.07380278e+08 -6.49150346e+00 -2.69156555e+02 
 4.16869383e+08 -6.28712598e+00 -2.69141063e+02 
 4.26579519e+08 -6.08270340e+00 -2.69126457e+02 
 4.36515832e+08 -5.87824036e+00 -2.69112742e+02 
 4.46683592e+08 -5.67374157e+00 -2.69099927e+02 
 4.57088190e+08 -5.46921181e+00 -2.69088016e+02 
 4.67735141e+08 -5.26465594e+00 -2.69077012e+02 
 4.78630092e+08 -5.06007883e+00 -2.69066918e+02 
 4.89778819e+08 -4.85548541e+00 -2.69057734e+02 
 5.01187234e+08 -4.65088063e+00 -2.69049459e+02 
 5.12861384e+08 -4.44626945e+00 -2.69042092e+02 
 5.24807460e+08 -4.24165682e+00 -2.69035629e+02 
 5.37031796e+08 -4.03704764e+00 -2.69030063e+02 
 5.49540874e+08 -3.83244682e+00 -2.69025388e+02 
 5.62341325e+08 -3.62785918e+00 -2.69021595e+02 
 5.75439937e+08 -3.42328947e+00 -2.69018674e+02 
 5.88843655e+08 -3.21874237e+00 -2.69016614e+02 
 6.02559586e+08 -3.01422244e+00 -2.69015402e+02 
 6.16595002e+08 -2.80973416e+00 -2.69015023e+02 
 6.30957344e+08 -2.60528182e+00 -2.69015461e+02 
 6.45654229e+08 -2.40086963e+00 -2.69016699e+02 
 6.60693448e+08 -2.19650159e+00 -2.69018719e+02 
 6.76082975e+08 -1.99218156e+00 -2.69021502e+02 
 6.91830971e+08 -1.78791322e+00 -2.69025026e+02 
 7.07945784e+08 -1.58370005e+00 -2.69029270e+02 
 7.24435960e+08 -1.37954533e+00 -2.69034213e+02 
 7.41310241e+08 -1.17545217e+00 -2.69039830e+02 
 7.58577575e+08 -9.71423414e-01 -2.69046097e+02 
 7.76247117e+08 -7.67461736e-01 -2.69052991e+02 
 7.94328235e+08 -5.63569575e-01 -2.69060485e+02 
 8.12830516e+08 -3.59749149e-01 -2.69068556e+02 
 8.31763771e+08 -1.56002460e-01 -2.69077176e+02 
 8.51138038e+08  4.76687158e-02 -2.69086321e+02 
 8.70963590e+08  2.51262817e-01 -2.69095964e+02 
 8.91250938e+08  4.54778499e-01 -2.69106078e+02 
 9.12010839e+08  6.58214633e-01 -2.69116639e+02 
 9.33254301e+08  8.61570293e-01 -2.69127621e+02 
 9.54992586e+08  1.06484476e+00 -2.69138997e+02 
 9.77237221e+08  1.26803751e+00 -2.69150743e+02 
 1.00000000e+09  1.47114821e+00 -2.69162835e+02 
