 frequency       mag             ph             
 1.00000000e+00  9.50454173e+01  1.72123160e+02 
 1.02329299e+00  9.50415749e+01  1.71942067e+02 
 1.04712855e+00  9.50375551e+01  1.71756925e+02 
 1.07151931e+00  9.50333499e+01  1.71567649e+02 
 1.09647820e+00  9.50289508e+01  1.71374155e+02 
 1.12201845e+00  9.50243491e+01  1.71176360e+02 
 1.14815362e+00  9.50195358e+01  1.70974177e+02 
 1.17489755e+00  9.50145014e+01  1.70767519e+02 
 1.20226443e+00  9.50092359e+01  1.70556298e+02 
 1.23026877e+00  9.50037292e+01  1.70340425e+02 
 1.25892541e+00  9.49979704e+01  1.70119809e+02 
 1.28824955e+00  9.49919483e+01  1.69894361e+02 
 1.31825674e+00  9.49856514e+01  1.69663989e+02 
 1.34896288e+00  9.49790675e+01  1.69428599e+02 
 1.38038426e+00  9.49721840e+01  1.69188100e+02 
 1.41253754e+00  9.49649877e+01  1.68942398e+02 
 1.44543977e+00  9.49574650e+01  1.68691398e+02 
 1.47910839e+00  9.49496018e+01  1.68435006e+02 
 1.51356125e+00  9.49413832e+01  1.68173127e+02 
 1.54881662e+00  9.49327939e+01  1.67905666e+02 
 1.58489319e+00  9.49238180e+01  1.67632528e+02 
 1.62181010e+00  9.49144389e+01  1.67353618e+02 
 1.65958691e+00  9.49046394e+01  1.67068841e+02 
 1.69824365e+00  9.48944018e+01  1.66778102e+02 
 1.73780083e+00  9.48837074e+01  1.66481306e+02 
 1.77827941e+00  9.48725373e+01  1.66178361e+02 
 1.81970086e+00  9.48608713e+01  1.65869174e+02 
 1.86208714e+00  9.48486891e+01  1.65553651e+02 
 1.90546072e+00  9.48359693e+01  1.65231704e+02 
 1.94984460e+00  9.48226898e+01  1.64903242e+02 
 1.99526231e+00  9.48088279e+01  1.64568178e+02 
 2.04173794e+00  9.47943599e+01  1.64226426e+02 
 2.08929613e+00  9.47792616e+01  1.63877901e+02 
 2.13796209e+00  9.47635077e+01  1.63522523e+02 
 2.18776162e+00  9.47470724e+01  1.63160212e+02 
 2.23872114e+00  9.47299290e+01  1.62790892e+02 
 2.29086765e+00  9.47120498e+01  1.62414490e+02 
 2.34422882e+00  9.46934066e+01  1.62030937e+02 
 2.39883292e+00  9.46739702e+01  1.61640166e+02 
 2.45470892e+00  9.46537105e+01  1.61242117e+02 
 2.51188643e+00  9.46325969e+01  1.60836731e+02 
 2.57039578e+00  9.46105976e+01  1.60423956e+02 
 2.63026799e+00  9.45876804e+01  1.60003745e+02 
 2.69153480e+00  9.45638121e+01  1.59576056e+02 
 2.75422870e+00  9.45389586e+01  1.59140852e+02 
 2.81838293e+00  9.45130855e+01  1.58698105e+02 
 2.88403150e+00  9.44861571e+01  1.58247790e+02 
 2.95120923e+00  9.44581375e+01  1.57789892e+02 
 3.01995172e+00  9.44289898e+01  1.57324402e+02 
 3.09029543e+00  9.43986767e+01  1.56851318e+02 
 3.16227766e+00  9.43671601e+01  1.56370649e+02 
 3.23593657e+00  9.43344015e+01  1.55882409e+02 
 3.31131121e+00  9.43003618e+01  1.55386624e+02 
 3.38844156e+00  9.42650015e+01  1.54883328e+02 
 3.46736850e+00  9.42282808e+01  1.54372565e+02 
 3.54813389e+00  9.41901594e+01  1.53854389e+02 
 3.63078055e+00  9.41505968e+01  1.53328864e+02 
 3.71535229e+00  9.41095524e+01  1.52796065e+02 
 3.80189396e+00  9.40669853e+01  1.52256079e+02 
 3.89045145e+00  9.40228549e+01  1.51709002e+02 
 3.98107171e+00  9.39771202e+01  1.51154944e+02 
 4.07380278e+00  9.39297409e+01  1.50594026e+02 
 4.16869383e+00  9.38806764e+01  1.50026380e+02 
 4.26579519e+00  9.38298869e+01  1.49452151e+02 
 4.36515832e+00  9.37773328e+01  1.48871497e+02 
 4.46683592e+00  9.37229751e+01  1.48284585e+02 
 4.57088190e+00  9.36667755e+01  1.47691599e+02 
 4.67735141e+00  9.36086966e+01  1.47092731e+02 
 4.78630092e+00  9.35487016e+01  1.46488187e+02 
 4.89778819e+00  9.34867550e+01  1.45878186e+02 
 5.01187234e+00  9.34228223e+01  1.45262958e+02 
 5.12861384e+00  9.33568701e+01  1.44642742e+02 
 5.24807460e+00  9.32888667e+01  1.44017793e+02 
 5.37031796e+00  9.32187816e+01  1.43388372e+02 
 5.49540874e+00  9.31465858e+01  1.42754756e+02 
 5.62341325e+00  9.30722522e+01  1.42117226e+02 
 5.75439937e+00  9.29957554e+01  1.41476077e+02 
 5.88843655e+00  9.29170719e+01  1.40831611e+02 
 6.02559586e+00  9.28361801e+01  1.40184139e+02 
 6.16595002e+00  9.27530604e+01  1.39533978e+02 
 6.30957344e+00  9.26676955e+01  1.38881454e+02 
 6.45654229e+00  9.25800703e+01  1.38226897e+02 
 6.60693448e+00  9.24901717e+01  1.37570645e+02 
 6.76082975e+00  9.23979893e+01  1.36913037e+02 
 6.91830971e+00  9.23035147e+01  1.36254418e+02 
 7.07945784e+00  9.22067421e+01  1.35595136e+02 
 7.24435960e+00  9.21076682e+01  1.34935537e+02 
 7.41310241e+00  9.20062918e+01  1.34275973e+02 
 7.58577575e+00  9.19026146e+01  1.33616793e+02 
 7.76247117e+00  9.17966404e+01  1.32958345e+02 
 7.94328235e+00  9.16883754e+01  1.32300976e+02 
 8.12830516e+00  9.15778284e+01  1.31645028e+02 
 8.31763771e+00  9.14650105e+01  1.30990843e+02 
 8.51138038e+00  9.13499350e+01  1.30338756e+02 
 8.70963590e+00  9.12326175e+01  1.29689096e+02 
 8.91250938e+00  9.11130758e+01  1.29042187e+02 
 9.12010839e+00  9.09913299e+01  1.28398346e+02 
 9.33254301e+00  9.08674017e+01  1.27757882e+02 
 9.54992586e+00  9.07413150e+01  1.27121096e+02 
 9.77237221e+00  9.06130958e+01  1.26488278e+02 
 1.00000000e+01  9.04827715e+01  1.25859712e+02 
 1.02329299e+01  9.03503713e+01  1.25235669e+02 
 1.04712855e+01  9.02159259e+01  1.24616410e+02 
 1.07151931e+01  9.00794675e+01  1.24002186e+02 
 1.09647820e+01  8.99410297e+01  1.23393235e+02 
 1.12201845e+01  8.98006471e+01  1.22789786e+02 
 1.14815362e+01  8.96583555e+01  1.22192054e+02 
 1.17489755e+01  8.95141919e+01  1.21600241e+02 
 1.20226443e+01  8.93681938e+01  1.21014541e+02 
 1.23026877e+01  8.92203997e+01  1.20435131e+02 
 1.25892541e+01  8.90708486e+01  1.19862179e+02 
 1.28824955e+01  8.89195804e+01  1.19295839e+02 
 1.31825674e+01  8.87666349e+01  1.18736254e+02 
 1.34896288e+01  8.86120525e+01  1.18183554e+02 
 1.38038426e+01  8.84558740e+01  1.17637857e+02 
 1.41253754e+01  8.82981401e+01  1.17099271e+02 
 1.44543977e+01  8.81388915e+01  1.16567890e+02 
 1.47910839e+01  8.79781690e+01  1.16043798e+02 
 1.51356125e+01  8.78160133e+01  1.15527069e+02 
 1.54881662e+01  8.76524647e+01  1.15017764e+02 
 1.58489319e+01  8.74875636e+01  1.14515936e+02 
 1.62181010e+01  8.73213496e+01  1.14021626e+02 
 1.65958691e+01  8.71538622e+01  1.13534867e+02 
 1.69824365e+01  8.69851404e+01  1.13055683e+02 
 1.73780083e+01  8.68152226e+01  1.12584086e+02 
 1.77827941e+01  8.66441468e+01  1.12120083e+02 
 1.81970086e+01  8.64719501e+01  1.11663671e+02 
 1.86208714e+01  8.62986693e+01  1.11214840e+02 
 1.90546072e+01  8.61243402e+01  1.10773572e+02 
 1.94984460e+01  8.59489983e+01  1.10339843e+02 
 1.99526231e+01  8.57726780e+01  1.09913622e+02 
 2.04173794e+01  8.55954131e+01  1.09494872e+02 
 2.08929613e+01  8.54172366e+01  1.09083549e+02 
 2.13796209e+01  8.52381807e+01  1.08679605e+02 
 2.18776162e+01  8.50582770e+01  1.08282986e+02 
 2.23872114e+01  8.48775559e+01  1.07893635e+02 
 2.29086765e+01  8.46960474e+01  1.07511489e+02 
 2.34422882e+01  8.45137805e+01  1.07136481e+02 
 2.39883292e+01  8.43307833e+01  1.06768541e+02 
 2.45470892e+01  8.41470832e+01  1.06407595e+02 
 2.51188643e+01  8.39627069e+01  1.06053567e+02 
 2.57039578e+01  8.37776800e+01  1.05706376e+02 
 2.63026799e+01  8.35920275e+01  1.05365942e+02 
 2.69153480e+01  8.34057737e+01  1.05032180e+02 
 2.75422870e+01  8.32189419e+01  1.04705003e+02 
 2.81838293e+01  8.30315549e+01  1.04384323e+02 
 2.88403150e+01  8.28436345e+01  1.04070051e+02 
 2.95120923e+01  8.26552019e+01  1.03762095e+02 
 3.01995172e+01  8.24662774e+01  1.03460364e+02 
 3.09029543e+01  8.22768810e+01  1.03164765e+02 
 3.16227766e+01  8.20870315e+01  1.02875203e+02 
 3.23593657e+01  8.18967473e+01  1.02591586e+02 
 3.31131121e+01  8.17060462e+01  1.02313816e+02 
 3.38844156e+01  8.15149453e+01  1.02041801e+02 
 3.46736850e+01  8.13234608e+01  1.01775444e+02 
 3.54813389e+01  8.11316087e+01  1.01514651e+02 
 3.63078055e+01  8.09394042e+01  1.01259326e+02 
 3.71535229e+01  8.07468619e+01  1.01009375e+02 
 3.80189396e+01  8.05539960e+01  1.00764702e+02 
 3.89045145e+01  8.03608199e+01  1.00525215e+02 
 3.98107171e+01  8.01673467e+01  1.00290820e+02 
 4.07380278e+01  7.99735889e+01  1.00061423e+02 
 4.16869383e+01  7.97795586e+01  9.98369334e+01 
 4.26579519e+01  7.95852672e+01  9.96172585e+01 
 4.36515832e+01  7.93907260e+01  9.94023082e+01 
 4.46683592e+01  7.91959454e+01  9.91919927e+01 
 4.57088190e+01  7.90009358e+01  9.89862230e+01 
 4.67735141e+01  7.88057070e+01  9.87849115e+01 
 4.78630092e+01  7.86102683e+01  9.85879712e+01 
 4.89778819e+01  7.84146288e+01  9.83953164e+01 
 5.01187234e+01  7.82187972e+01  9.82068623e+01 
 5.12861384e+01  7.80227817e+01  9.80225253e+01 
 5.24807460e+01  7.78265902e+01  9.78422230e+01 
 5.37031796e+01  7.76302305e+01  9.76658740e+01 
 5.49540874e+01  7.74337098e+01  9.74933983e+01 
 5.62341325e+01  7.72370351e+01  9.73247169e+01 
 5.75439937e+01  7.70402131e+01  9.71597521e+01 
 5.88843655e+01  7.68432502e+01  9.69984273e+01 
 6.02559586e+01  7.66461527e+01  9.68406672e+01 
 6.16595002e+01  7.64489263e+01  9.66863978e+01 
 6.30957344e+01  7.62515767e+01  9.65355463e+01 
 6.45654229e+01  7.60541094e+01  9.63880410e+01 
 6.60693448e+01  7.58565294e+01  9.62438115e+01 
 6.76082975e+01  7.56588418e+01  9.61027887e+01 
 6.91830971e+01  7.54610513e+01  9.59649047e+01 
 7.07945784e+01  7.52631624e+01  9.58300927e+01 
 7.24435960e+01  7.50651794e+01  9.56982872e+01 
 7.41310241e+01  7.48671065e+01  9.55694240e+01 
 7.58577575e+01  7.46689477e+01  9.54434398e+01 
 7.76247117e+01  7.44707067e+01  9.53202729e+01 
 7.94328235e+01  7.42723872e+01  9.51998625e+01 
 8.12830516e+01  7.40739927e+01  9.50821489e+01 
 8.31763771e+01  7.38755265e+01  9.49670738e+01 
 8.51138038e+01  7.36769918e+01  9.48545798e+01 
 8.70963590e+01  7.34783916e+01  9.47446108e+01 
 8.91250938e+01  7.32797288e+01  9.46371116e+01 
 9.12010839e+01  7.30810062e+01  9.45320284e+01 
 9.33254301e+01  7.28822265e+01  9.44293083e+01 
 9.54992586e+01  7.26833921e+01  9.43288994e+01 
 9.77237221e+01  7.24845056e+01  9.42307509e+01 
 1.00000000e+02  7.22855693e+01  9.41348132e+01 
 1.02329299e+02  7.20865853e+01  9.40410375e+01 
 1.04712855e+02  7.18875558e+01  9.39493761e+01 
 1.07151931e+02  7.16884828e+01  9.38597823e+01 
 1.09647820e+02  7.14893683e+01  9.37722103e+01 
 1.12201845e+02  7.12902141e+01  9.36866154e+01 
 1.14815362e+02  7.10910220e+01  9.36029536e+01 
 1.17489755e+02  7.08917937e+01  9.35211821e+01 
 1.20226443e+02  7.06925308e+01  9.34412588e+01 
 1.23026877e+02  7.04932348e+01  9.33631427e+01 
 1.25892541e+02  7.02939072e+01  9.32867934e+01 
 1.28824955e+02  7.00945495e+01  9.32121715e+01 
 1.31825674e+02  6.98951629e+01  9.31392386e+01 
 1.34896288e+02  6.96957488e+01  9.30679568e+01 
 1.38038426e+02  6.94963085e+01  9.29982893e+01 
 1.41253754e+02  6.92968430e+01  9.29301999e+01 
 1.44543977e+02  6.90973535e+01  9.28636534e+01 
 1.47910839e+02  6.88978411e+01  9.27986151e+01 
 1.51356125e+02  6.86983068e+01  9.27350513e+01 
 1.54881662e+02  6.84987515e+01  9.26729288e+01 
 1.58489319e+02  6.82991763e+01  9.26122154e+01 
 1.62181010e+02  6.80995821e+01  9.25528793e+01 
 1.65958691e+02  6.78999696e+01  9.24948897e+01 
 1.69824365e+02  6.77003397e+01  9.24382162e+01 
 1.73780083e+02  6.75006931e+01  9.23828292e+01 
 1.77827941e+02  6.73010307e+01  9.23286999e+01 
 1.81970086e+02  6.71013531e+01  9.22757998e+01 
 1.86208714e+02  6.69016610e+01  9.22241013e+01 
 1.90546072e+02  6.67019551e+01  9.21735774e+01 
 1.94984460e+02  6.65022360e+01  9.21242015e+01 
 1.99526231e+02  6.63025042e+01  9.20759477e+01 
 2.04173794e+02  6.61027604e+01  9.20287908e+01 
 2.08929613e+02  6.59030051e+01  9.19827060e+01 
 2.13796209e+02  6.57032388e+01  9.19376691e+01 
 2.18776162e+02  6.55034619e+01  9.18936565e+01 
 2.23872114e+02  6.53036751e+01  9.18506450e+01 
 2.29086765e+02  6.51038786e+01  9.18086120e+01 
 2.34422882e+02  6.49040730e+01  9.17675354e+01 
 2.39883292e+02  6.47042587e+01  9.17273936e+01 
 2.45470892e+02  6.45044360e+01  9.16881655e+01 
 2.51188643e+02  6.43046053e+01  9.16498304e+01 
 2.57039578e+02  6.41047670e+01  9.16123682e+01 
 2.63026799e+02  6.39049215e+01  9.15757590e+01 
 2.69153480e+02  6.37050690e+01  9.15399837e+01 
 2.75422870e+02  6.35052098e+01  9.15050233e+01 
 2.81838293e+02  6.33053443e+01  9.14708594e+01 
 2.88403150e+02  6.31054728e+01  9.14374740e+01 
 2.95120923e+02  6.29055955e+01  9.14048495e+01 
 3.01995172e+02  6.27057127e+01  9.13729688e+01 
 3.09029543e+02  6.25058246e+01  9.13418148e+01 
 3.16227766e+02  6.23059315e+01  9.13113713e+01 
 3.23593657e+02  6.21060336e+01  9.12816221e+01 
 3.31131121e+02  6.19061310e+01  9.12525515e+01 
 3.38844156e+02  6.17062241e+01  9.12241442e+01 
 3.46736850e+02  6.15063130e+01  9.11963852e+01 
 3.54813389e+02  6.13063979e+01  9.11692598e+01 
 3.63078055e+02  6.11064790e+01  9.11427537e+01 
 3.71535229e+02  6.09065564e+01  9.11168528e+01 
 3.80189396e+02  6.07066304e+01  9.10915435e+01 
 3.89045145e+02  6.05067010e+01  9.10668124e+01 
 3.98107171e+02  6.03067685e+01  9.10426464e+01 
 4.07380278e+02  6.01068329e+01  9.10190328e+01 
 4.16869383e+02  5.99068944e+01  9.09959590e+01 
 4.26579519e+02  5.97069531e+01  9.09734129e+01 
 4.36515832e+02  5.95070092e+01  9.09513825e+01 
 4.46683592e+02  5.93070628e+01  9.09298561e+01 
 4.57088190e+02  5.91071140e+01  9.09088224e+01 
 4.67735141e+02  5.89071628e+01  9.08882703e+01 
 4.78630092e+02  5.87072095e+01  9.08681889e+01 
 4.89778819e+02  5.85072541e+01  9.08485675e+01 
 5.01187234e+02  5.83072966e+01  9.08293957e+01 
 5.12861384e+02  5.81073373e+01  9.08106635e+01 
 5.24807460e+02  5.79073761e+01  9.07923609e+01 
 5.37031796e+02  5.77074132e+01  9.07744781e+01 
 5.49540874e+02  5.75074486e+01  9.07570059e+01 
 5.62341325e+02  5.73074824e+01  9.07399348e+01 
 5.75439937e+02  5.71075146e+01  9.07232558e+01 
 5.88843655e+02  5.69075455e+01  9.07069602e+01 
 6.02559586e+02  5.67075749e+01  9.06910393e+01 
 6.16595002e+02  5.65076030e+01  9.06754846e+01 
 6.30957344e+02  5.63076299e+01  9.06602880e+01 
 6.45654229e+02  5.61076555e+01  9.06454413e+01 
 6.60693448e+02  5.59076800e+01  9.06309367e+01 
 6.76082975e+02  5.57077034e+01  9.06167666e+01 
 6.91830971e+02  5.55077257e+01  9.06029233e+01 
 7.07945784e+02  5.53077471e+01  9.05893997e+01 
 7.24435960e+02  5.51077674e+01  9.05761885e+01 
 7.41310241e+02  5.49077869e+01  9.05632827e+01 
 7.58577575e+02  5.47078055e+01  9.05506754e+01 
 7.76247117e+02  5.45078232e+01  9.05383601e+01 
 7.94328235e+02  5.43078401e+01  9.05263302e+01 
 8.12830516e+02  5.41078563e+01  9.05145793e+01 
 8.31763771e+02  5.39078718e+01  9.05031011e+01 
 8.51138038e+02  5.37078865e+01  9.04918897e+01 
 8.70963590e+02  5.35079006e+01  9.04809390e+01 
 8.91250938e+02  5.33079141e+01  9.04702433e+01 
 9.12010839e+02  5.31079269e+01  9.04597968e+01 
 9.33254301e+02  5.29079392e+01  9.04495941e+01 
 9.54992586e+02  5.27079509e+01  9.04396298e+01 
 9.77237221e+02  5.25079621e+01  9.04298985e+01 
 1.00000000e+03  5.23079728e+01  9.04203951e+01 
 1.02329299e+03  5.21079830e+01  9.04111146e+01 
 1.04712855e+03  5.19079927e+01  9.04020520e+01 
 1.07151931e+03  5.17080020e+01  9.03932026e+01 
 1.09647820e+03  5.15080109e+01  9.03845616e+01 
 1.12201845e+03  5.13080194e+01  9.03761245e+01 
 1.14815362e+03  5.11080274e+01  9.03678868e+01 
 1.17489755e+03  5.09080352e+01  9.03598442e+01 
 1.20226443e+03  5.07080426e+01  9.03519923e+01 
 1.23026877e+03  5.05080496e+01  9.03443271e+01 
 1.25892541e+03  5.03080563e+01  9.03368443e+01 
 1.28824955e+03  5.01080628e+01  9.03295402e+01 
 1.31825674e+03  4.99080689e+01  9.03224108e+01 
 1.34896288e+03  4.97080747e+01  9.03154523e+01 
 1.38038426e+03  4.95080803e+01  9.03086611e+01 
 1.41253754e+03  4.93080857e+01  9.03020335e+01 
 1.44543977e+03  4.91080908e+01  9.02955660e+01 
 1.47910839e+03  4.89080956e+01  9.02892553e+01 
 1.51356125e+03  4.87081003e+01  9.02830979e+01 
 1.54881662e+03  4.85081047e+01  9.02770906e+01 
 1.58489319e+03  4.83081089e+01  9.02712302e+01 
 1.62181010e+03  4.81081130e+01  9.02655136e+01 
 1.65958691e+03  4.79081168e+01  9.02599378e+01 
 1.69824365e+03  4.77081205e+01  9.02544998e+01 
 1.73780083e+03  4.75081240e+01  9.02491967e+01 
 1.77827941e+03  4.73081274e+01  9.02440257e+01 
 1.81970086e+03  4.71081305e+01  9.02389842e+01 
 1.86208714e+03  4.69081336e+01  9.02340693e+01 
 1.90546072e+03  4.67081365e+01  9.02292785e+01 
 1.94984460e+03  4.65081393e+01  9.02246093e+01 
 1.99526231e+03  4.63081419e+01  9.02200592e+01 
 2.04173794e+03  4.61081444e+01  9.02156258e+01 
 2.08929613e+03  4.59081468e+01  9.02113067e+01 
 2.13796209e+03  4.57081491e+01  9.02070996e+01 
 2.18776162e+03  4.55081513e+01  9.02030023e+01 
 2.23872114e+03  4.53081534e+01  9.01990127e+01 
 2.29086765e+03  4.51081553e+01  9.01951285e+01 
 2.34422882e+03  4.49081572e+01  9.01913479e+01 
 2.39883292e+03  4.47081590e+01  9.01876686e+01 
 2.45470892e+03  4.45081607e+01  9.01840889e+01 
 2.51188643e+03  4.43081624e+01  9.01806068e+01 
 2.57039578e+03  4.41081639e+01  9.01772205e+01 
 2.63026799e+03  4.39081654e+01  9.01739281e+01 
 2.69153480e+03  4.37081668e+01  9.01707279e+01 
 2.75422870e+03  4.35081681e+01  9.01676182e+01 
 2.81838293e+03  4.33081693e+01  9.01645975e+01 
 2.88403150e+03  4.31081705e+01  9.01616639e+01 
 2.95120923e+03  4.29081717e+01  9.01588162e+01 
 3.01995172e+03  4.27081727e+01  9.01560526e+01 
 3.09029543e+03  4.25081737e+01  9.01533717e+01 
 3.16227766e+03  4.23081747e+01  9.01507722e+01 
 3.23593657e+03  4.21081756e+01  9.01482526e+01 
 3.31131121e+03  4.19081765e+01  9.01458116e+01 
 3.38844156e+03  4.17081773e+01  9.01434479e+01 
 3.46736850e+03  4.15081780e+01  9.01411603e+01 
 3.54813389e+03  4.13081787e+01  9.01389475e+01 
 3.63078055e+03  4.11081794e+01  9.01368084e+01 
 3.71535229e+03  4.09081800e+01  9.01347419e+01 
 3.80189396e+03  4.07081806e+01  9.01327467e+01 
 3.89045145e+03  4.05081811e+01  9.01308220e+01 
 3.98107171e+03  4.03081816e+01  9.01289666e+01 
 4.07380278e+03  4.01081821e+01  9.01271796e+01 
 4.16869383e+03  3.99081825e+01  9.01254600e+01 
 4.26579519e+03  3.97081829e+01  9.01238070e+01 
 4.36515832e+03  3.95081832e+01  9.01222196e+01 
 4.46683592e+03  3.93081835e+01  9.01206970e+01 
 4.57088190e+03  3.91081838e+01  9.01192384e+01 
 4.67735141e+03  3.89081841e+01  9.01178430e+01 
 4.78630092e+03  3.87081843e+01  9.01165101e+01 
 4.89778819e+03  3.85081844e+01  9.01152389e+01 
 5.01187234e+03  3.83081846e+01  9.01140289e+01 
 5.12861384e+03  3.81081847e+01  9.01128793e+01 
 5.24807460e+03  3.79081848e+01  9.01117896e+01 
 5.37031796e+03  3.77081848e+01  9.01107592e+01 
 5.49540874e+03  3.75081848e+01  9.01097875e+01 
 5.62341325e+03  3.73081848e+01  9.01088739e+01 
 5.75439937e+03  3.71081848e+01  9.01080182e+01 
 5.88843655e+03  3.69081847e+01  9.01072196e+01 
 6.02559586e+03  3.67081846e+01  9.01064780e+01 
 6.16595002e+03  3.65081844e+01  9.01057928e+01 
 6.30957344e+03  3.63081842e+01  9.01051637e+01 
 6.45654229e+03  3.61081840e+01  9.01045903e+01 
 6.60693448e+03  3.59081838e+01  9.01040724e+01 
 6.76082975e+03  3.57081835e+01  9.01036097e+01 
 6.91830971e+03  3.55081832e+01  9.01032019e+01 
 7.07945784e+03  3.53081828e+01  9.01028488e+01 
 7.24435960e+03  3.51081824e+01  9.01025503e+01 
 7.41310241e+03  3.49081820e+01  9.01023061e+01 
 7.58577575e+03  3.47081816e+01  9.01021162e+01 
 7.76247117e+03  3.45081811e+01  9.01019804e+01 
 7.94328235e+03  3.43081805e+01  9.01018987e+01 
 8.12830516e+03  3.41081799e+01  9.01018711e+01 
 8.31763771e+03  3.39081793e+01  9.01018974e+01 
 8.51138038e+03  3.37081786e+01  9.01019778e+01 
 8.70963590e+03  3.35081779e+01  9.01021122e+01 
 8.91250938e+03  3.33081772e+01  9.01023008e+01 
 9.12010839e+03  3.31081764e+01  9.01025436e+01 
 9.33254301e+03  3.29081755e+01  9.01028408e+01 
 9.54992586e+03  3.27081746e+01  9.01031925e+01 
 9.77237221e+03  3.25081736e+01  9.01035989e+01 
 1.00000000e+04  3.23081726e+01  9.01040603e+01 
 1.02329299e+04  3.21081715e+01  9.01045768e+01 
 1.04712855e+04  3.19081704e+01  9.01051488e+01 
 1.07151931e+04  3.17081692e+01  9.01057765e+01 
 1.09647820e+04  3.15081679e+01  9.01064603e+01 
 1.12201845e+04  3.13081666e+01  9.01072006e+01 
 1.14815362e+04  3.11081652e+01  9.01079977e+01 
 1.17489755e+04  3.09081637e+01  9.01088520e+01 
 1.20226443e+04  3.07081622e+01  9.01097641e+01 
 1.23026877e+04  3.05081606e+01  9.01107344e+01 
 1.25892541e+04  3.03081588e+01  9.01117633e+01 
 1.28824955e+04  3.01081570e+01  9.01128516e+01 
 1.31825674e+04  2.99081551e+01  9.01139997e+01 
 1.34896288e+04  2.97081532e+01  9.01152082e+01 
 1.38038426e+04  2.95081511e+01  9.01164778e+01 
 1.41253754e+04  2.93081489e+01  9.01178091e+01 
 1.44543977e+04  2.91081466e+01  9.01192030e+01 
 1.47910839e+04  2.89081442e+01  9.01206600e+01 
 1.51356125e+04  2.87081416e+01  9.01221810e+01 
 1.54881662e+04  2.85081390e+01  9.01237668e+01 
 1.58489319e+04  2.83081362e+01  9.01254182e+01 
 1.62181010e+04  2.81081333e+01  9.01271361e+01 
 1.65958691e+04  2.79081302e+01  9.01289214e+01 
 1.69824365e+04  2.77081270e+01  9.01307750e+01 
 1.73780083e+04  2.75081236e+01  9.01326980e+01 
 1.77827941e+04  2.73081201e+01  9.01346914e+01 
 1.81970086e+04  2.71081164e+01  9.01367561e+01 
 1.86208714e+04  2.69081126e+01  9.01388934e+01 
 1.90546072e+04  2.67081085e+01  9.01411043e+01 
 1.94984460e+04  2.65081043e+01  9.01433901e+01 
 1.99526231e+04  2.63080998e+01  9.01457518e+01 
 2.04173794e+04  2.61080951e+01  9.01481909e+01 
 2.08929613e+04  2.59080902e+01  9.01507085e+01 
 2.13796209e+04  2.57080851e+01  9.01533060e+01 
 2.18776162e+04  2.55080798e+01  9.01559848e+01 
 2.23872114e+04  2.53080741e+01  9.01587463e+01 
 2.29086765e+04  2.51080683e+01  9.01615919e+01 
 2.34422882e+04  2.49080621e+01  9.01645232e+01 
 2.39883292e+04  2.47080556e+01  9.01675418e+01 
 2.45470892e+04  2.45080489e+01  9.01706492e+01 
 2.51188643e+04  2.43080418e+01  9.01738471e+01 
 2.57039578e+04  2.41080344e+01  9.01771371e+01 
 2.63026799e+04  2.39080266e+01  9.01805211e+01 
 2.69153480e+04  2.37080185e+01  9.01840007e+01 
 2.75422870e+04  2.35080100e+01  9.01875779e+01 
 2.81838293e+04  2.33080010e+01  9.01912546e+01 
 2.88403150e+04  2.31079917e+01  9.01950327e+01 
 2.95120923e+04  2.29079819e+01  9.01989141e+01 
 3.01995172e+04  2.27079717e+01  9.02029011e+01 
 3.09029543e+04  2.25079609e+01  9.02069956e+01 
 3.16227766e+04  2.23079497e+01  9.02111998e+01 
 3.23593657e+04  2.21079379e+01  9.02155160e+01 
 3.31131121e+04  2.19079256e+01  9.02199465e+01 
 3.38844156e+04  2.17079127e+01  9.02244936e+01 
 3.46736850e+04  2.15078992e+01  9.02291597e+01 
 3.54813389e+04  2.13078850e+01  9.02339473e+01 
 3.63078055e+04  2.11078702e+01  9.02388589e+01 
 3.71535229e+04  2.09078546e+01  9.02438971e+01 
 3.80189396e+04  2.07078384e+01  9.02490647e+01 
 3.89045145e+04  2.05078214e+01  9.02543643e+01 
 3.98107171e+04  2.03078035e+01  9.02597987e+01 
 4.07380278e+04  2.01077849e+01  9.02653709e+01 
 4.16869383e+04  1.99077653e+01  9.02710837e+01 
 4.26579519e+04  1.97077449e+01  9.02769403e+01 
 4.36515832e+04  1.95077234e+01  9.02829437e+01 
 4.46683592e+04  1.93077010e+01  9.02890971e+01 
 4.57088190e+04  1.91076775e+01  9.02954037e+01 
 4.67735141e+04  1.89076529e+01  9.03018669e+01 
 4.78630092e+04  1.87076271e+01  9.03084902e+01 
 4.89778819e+04  1.85076001e+01  9.03152770e+01 
 5.01187234e+04  1.83075719e+01  9.03222309e+01 
 5.12861384e+04  1.81075423e+01  9.03293556e+01 
 5.24807460e+04  1.79075113e+01  9.03366549e+01 
 5.37031796e+04  1.77074788e+01  9.03441327e+01 
 5.49540874e+04  1.75074449e+01  9.03517929e+01 
 5.62341325e+04  1.73074093e+01  9.03596396e+01 
 5.75439937e+04  1.71073720e+01  9.03676769e+01 
 5.88843655e+04  1.69073330e+01  9.03759090e+01 
 6.02559586e+04  1.67072922e+01  9.03843405e+01 
 6.16595002e+04  1.65072494e+01  9.03929756e+01 
 6.30957344e+04  1.63072046e+01  9.04018191e+01 
 6.45654229e+04  1.61071577e+01  9.04108755e+01 
 6.60693448e+04  1.59071086e+01  9.04201497e+01 
 6.76082975e+04  1.57070572e+01  9.04296466e+01 
 6.91830971e+04  1.55070033e+01  9.04393712e+01 
 7.07945784e+04  1.53069469e+01  9.04493286e+01 
 7.24435960e+04  1.51068879e+01  9.04595242e+01 
 7.41310241e+04  1.49068260e+01  9.04699633e+01 
 7.58577575e+04  1.47067613e+01  9.04806515e+01 
 7.76247117e+04  1.45066935e+01  9.04915944e+01 
 7.94328235e+04  1.43066225e+01  9.05027978e+01 
 8.12830516e+04  1.41065482e+01  9.05142676e+01 
 8.31763771e+04  1.39064703e+01  9.05260100e+01 
 8.51138038e+04  1.37063888e+01  9.05380311e+01 
 8.70963590e+04  1.35063035e+01  9.05503373e+01 
 8.91250938e+04  1.33062141e+01  9.05629350e+01 
 9.12010839e+04  1.31061205e+01  9.05758311e+01 
 9.33254301e+04  1.29060225e+01  9.05890322e+01 
 9.54992586e+04  1.27059199e+01  9.06025454e+01 
 9.77237221e+04  1.25058125e+01  9.06163778e+01 
 1.00000000e+05  1.23056999e+01  9.06305367e+01 
 1.02329299e+05  1.21055821e+01  9.06450297e+01 
 1.04712855e+05  1.19054587e+01  9.06598643e+01 
 1.07151931e+05  1.17053296e+01  9.06750485e+01 
 1.09647820e+05  1.15051943e+01  9.06905902e+01 
 1.12201845e+05  1.13050526e+01  9.07064977e+01 
 1.14815362e+05  1.11049043e+01  9.07227793e+01 
 1.17489755e+05  1.09047490e+01  9.07394438e+01 
 1.20226443e+05  1.07045863e+01  9.07564998e+01 
 1.23026877e+05  1.05044160e+01  9.07739564e+01 
 1.25892541e+05  1.03042377e+01  9.07918228e+01 
 1.28824955e+05  1.01040510e+01  9.08101085e+01 
 1.31825674e+05  9.90385543e+00  9.08288230e+01 
 1.34896288e+05  9.70365068e+00  9.08479763e+01 
 1.38038426e+05  9.50343628e+00  9.08675785e+01 
 1.41253754e+05  9.30321177e+00  9.08876399e+01 
 1.44543977e+05  9.10297667e+00  9.09081711e+01 
 1.47910839e+05  8.90273050e+00  9.09291829e+01 
 1.51356125e+05  8.70247273e+00  9.09506864e+01 
 1.54881662e+05  8.50220280e+00  9.09726930e+01 
 1.58489319e+05  8.30192015e+00  9.09952142e+01 
 1.62181010e+05  8.10162419e+00  9.10182618e+01 
 1.65958691e+05  7.90131427e+00  9.10418481e+01 
 1.69824365e+05  7.70098974e+00  9.10659855e+01 
 1.73780083e+05  7.50064992e+00  9.10906865e+01 
 1.77827941e+05  7.30029408e+00  9.11159643e+01 
 1.81970086e+05  7.09992146e+00  9.11418321e+01 
 1.86208714e+05  6.89953129e+00  9.11683036e+01 
 1.90546072e+05  6.69912272e+00  9.11953925e+01 
 1.94984460e+05  6.49869490e+00  9.12231132e+01 
 1.99526231e+05  6.29824690e+00  9.12514803e+01 
 2.04173794e+05  6.09777780e+00  9.12805084e+01 
 2.08929613e+05  5.89728658e+00  9.13102130e+01 
 2.13796209e+05  5.69677220e+00  9.13406096e+01 
 2.18776162e+05  5.49623358e+00  9.13717141e+01 
 2.23872114e+05  5.29566957e+00  9.14035427e+01 
 2.29086765e+05  5.09507898e+00  9.14361122e+01 
 2.34422882e+05  4.89446054e+00  9.14694395e+01 
 2.39883292e+05  4.69381296e+00  9.15035421e+01 
 2.45470892e+05  4.49313484e+00  9.15384378e+01 
 2.51188643e+05  4.29242476e+00  9.15741448e+01 
 2.57039578e+05  4.09168121e+00  9.16106817e+01 
 2.63026799e+05  3.89090260e+00  9.16480676e+01 
 2.69153480e+05  3.69008729e+00  9.16863218e+01 
 2.75422870e+05  3.48923354e+00  9.17254644e+01 
 2.81838293e+05  3.28833955e+00  9.17655155e+01 
 2.88403150e+05  3.08740341e+00  9.18064962e+01 
 2.95120923e+05  2.88642313e+00  9.18484275e+01 
 3.01995172e+05  2.68539665e+00  9.18913312e+01 
 3.09029543e+05  2.48432176e+00  9.19352295e+01 
 3.16227766e+05  2.28319620e+00  9.19801451e+01 
 3.23593657e+05  2.08201757e+00  9.20261012e+01 
 3.31131121e+05  1.88078337e+00  9.20731215e+01 
 3.38844156e+05  1.67949098e+00  9.21212301e+01 
 3.46736850e+05  1.47813766e+00  9.21704520e+01 
 3.54813389e+05  1.27672052e+00  9.22208122e+01 
 3.63078055e+05  1.07523656e+00  9.22723366e+01 
 3.71535229e+05  8.73682627e-01  9.23250516e+01 
 3.80189396e+05  6.72055418e-01  9.23789841e+01 
 3.89045145e+05  4.70351477e-01  9.24341617e+01 
 3.98107171e+05  2.68567183e-01  9.24906124e+01 
 4.07380278e+05  6.66987429e-02  9.25483649e+01 
 4.16869383e+05 -1.35257813e-01  9.26074485e+01 
 4.26579519e+05 -3.37306643e-01  9.26678931e+01 
 4.36515832e+05 -5.39452102e-01  9.27297291e+01 
 4.46683592e+05 -7.41698752e-01  9.27929879e+01 
 4.57088190e+05 -9.44051369e-01  9.28577010e+01 
 4.67735141e+05 -1.14651496e+00  9.29239011e+01 
 4.78630092e+05 -1.34909475e+00  9.29916210e+01 
 4.89778819e+05 -1.55179624e+00  9.30608947e+01 
 5.01187234e+05 -1.75462517e+00  9.31317564e+01 
 5.12861384e+05 -1.95758757e+00  9.32042414e+01 
 5.24807460e+05 -2.16068972e+00  9.32783853e+01 
 5.37031796e+05 -2.36393824e+00  9.33542247e+01 
 5.49540874e+05 -2.56734005e+00  9.34317967e+01 
 5.62341325e+05 -2.77090237e+00  9.35111392e+01 
 5.75439937e+05 -2.97463279e+00  9.35922908e+01 
 5.88843655e+05 -3.17853927e+00  9.36752907e+01 
 6.02559586e+05 -3.38263012e+00  9.37601790e+01 
 6.16595002e+05 -3.58691405e+00  9.38469964e+01 
 6.30957344e+05 -3.79140019e+00  9.39357843e+01 
 6.45654229e+05 -3.99609811e+00  9.40265850e+01 
 6.60693448e+05 -4.20101782e+00  9.41194413e+01 
 6.76082975e+05 -4.40616982e+00  9.42143967e+01 
 6.91830971e+05 -4.61156508e+00  9.43114958e+01 
 7.07945784e+05 -4.81721513e+00  9.44107834e+01 
 7.24435960e+05 -5.02313201e+00  9.45123053e+01 
 7.41310241e+05 -5.22932837e+00  9.46161080e+01 
 7.58577575e+05 -5.43581742e+00  9.47222386e+01 
 7.76247117e+05 -5.64261305e+00  9.48307449e+01 
 7.94328235e+05 -5.84972977e+00  9.49416755e+01 
 8.12830516e+05 -6.05718279e+00  9.50550793e+01 
 8.31763771e+05 -6.26498805e+00  9.51710063e+01 
 8.51138038e+05 -6.47316226e+00  9.52895068e+01 
 8.70963590e+05 -6.68172292e+00  9.54106318e+01 
 8.91250938e+05 -6.89068835e+00  9.55344327e+01 
 9.12010839e+05 -7.10007777e+00  9.56609617e+01 
 9.33254301e+05 -7.30991131e+00  9.57902713e+01 
 9.54992586e+05 -7.52021006e+00  9.59224146e+01 
 9.77237221e+05 -7.73099613e+00  9.60574450e+01 
 1.00000000e+06 -7.94229269e+00  9.61954164e+01 
 1.02329299e+06 -8.15412400e+00  9.63363828e+01 
 1.04712855e+06 -8.36651553e+00  9.64803989e+01 
 1.07151931e+06 -8.57949394e+00  9.66275191e+01 
 1.09647820e+06 -8.79308718e+00  9.67777983e+01 
 1.12201845e+06 -9.00732456e+00  9.69312913e+01 
 1.14815362e+06 -9.22223681e+00  9.70880531e+01 
 1.17489755e+06 -9.43785613e+00  9.72481383e+01 
 1.20226443e+06 -9.65421629e+00  9.74116017e+01 
 1.23026877e+06 -9.87135270e+00  9.75784974e+01 
 1.25892541e+06 -1.00893025e+01  9.77488793e+01 
 1.28824955e+06 -1.03081046e+01  9.79228010e+01 
 1.31825674e+06 -1.05277999e+01  9.81003150e+01 
 1.34896288e+06 -1.07484312e+01  9.82814734e+01 
 1.38038426e+06 -1.09700435e+01  9.84663272e+01 
 1.41253754e+06 -1.11926838e+01  9.86549264e+01 
 1.44543977e+06 -1.14164018e+01  9.88473195e+01 
 1.47910839e+06 -1.16412492e+01  9.90435539e+01 
 1.51356125e+06 -1.18672807e+01  9.92436749e+01 
 1.54881662e+06 -1.20945535e+01  9.94477264e+01 
 1.58489319e+06 -1.23231275e+01  9.96557498e+01 
 1.62181010e+06 -1.25530659e+01  9.98677842e+01 
 1.65958691e+06 -1.27844350e+01  1.00083866e+02 
 1.69824365e+06 -1.30173044e+01  1.00304030e+02 
 1.73780083e+06 -1.32517471e+01  1.00528304e+02 
 1.77827941e+06 -1.34878402e+01  1.00756718e+02 
 1.81970086e+06 -1.37256643e+01  1.00989292e+02 
 1.86208714e+06 -1.39653046e+01  1.01226046e+02 
 1.90546072e+06 -1.42068503e+01  1.01466993e+02 
 1.94984460e+06 -1.44503957e+01  1.01712142e+02 
 1.99526231e+06 -1.46960396e+01  1.01961496e+02 
 2.04173794e+06 -1.49438865e+01  1.02215052e+02 
 2.08929613e+06 -1.51940461e+01  1.02472799e+02 
 2.13796209e+06 -1.54466343e+01  1.02734720e+02 
 2.18776162e+06 -1.57017731e+01  1.03000790e+02 
 2.23872114e+06 -1.59595913e+01  1.03270974e+02 
 2.29086765e+06 -1.62202248e+01  1.03545229e+02 
 2.34422882e+06 -1.64838172e+01  1.03823501e+02 
 2.39883292e+06 -1.67505203e+01  1.04105725e+02 
 2.45470892e+06 -1.70204945e+01  1.04391825e+02 
 2.51188643e+06 -1.72939097e+01  1.04681709e+02 
 2.57039578e+06 -1.75709457e+01  1.04975273e+02 
 2.63026799e+06 -1.78517933e+01  1.05272398e+02 
 2.69153480e+06 -1.81366547e+01  1.05572945e+02 
 2.75422870e+06 -1.84257450e+01  1.05876759e+02 
 2.81838293e+06 -1.87192928e+01  1.06183666e+02 
 2.88403150e+06 -1.90175412e+01  1.06493465e+02 
 2.95120923e+06 -1.93207498e+01  1.06805936e+02 
 3.01995172e+06 -1.96291953e+01  1.07120830e+02 
 3.09029543e+06 -1.99431737e+01  1.07437869e+02 
 3.16227766e+06 -2.02630018e+01  1.07756744e+02 
 3.23593657e+06 -2.05890193e+01  1.08077107e+02 
 3.31131121e+06 -2.09215912e+01  1.08398575e+02 
 3.38844156e+06 -2.12611106e+01  1.08720717e+02 
 3.46736850e+06 -2.16080011e+01  1.09043055e+02 
 3.54813389e+06 -2.19627212e+01  1.09365054e+02 
 3.63078055e+06 -2.23257673e+01  1.09686117e+02 
 3.71535229e+06 -2.26976790e+01  1.10005576e+02 
 3.80189396e+06 -2.30790443e+01  1.10322681e+02 
 3.89045145e+06 -2.34705054e+01  1.10636588e+02 
 3.98107171e+06 -2.38727667e+01  1.10946346e+02 
 4.07380278e+06 -2.42866027e+01  1.11250877e+02 
 4.16869383e+06 -2.47128688e+01  1.11548956e+02 
 4.26579519e+06 -2.51525130e+01  1.11839184e+02 
 4.36515832e+06 -2.56065903e+01  1.12119951e+02 
 4.46683592e+06 -2.60762806e+01  1.12389401e+02 
 4.57088190e+06 -2.65629099e+01  1.12645374e+02 
 4.67735141e+06 -2.70679756e+01  1.12885338e+02 
 4.78630092e+06 -2.75931795e+01  1.13106302e+02 
 4.89778819e+06 -2.81404668e+01  1.13304704e+02 
 5.01187234e+06 -2.87120763e+01  1.13476254e+02 
 5.12861384e+06 -2.93106037e+01  1.13615732e+02 
 5.24807460e+06 -2.99390831e+01  1.13716711e+02 
 5.37031796e+06 -3.06010914e+01  1.13771167e+02 
 5.49540874e+06 -3.13008875e+01  1.13768940e+02 
 5.62341325e+06 -3.20435960e+01  1.13696944e+02 
 5.75439937e+06 -3.28354565e+01  1.13538016e+02 
 5.88843655e+06 -3.36841662e+01  1.13269167e+02 
 6.02559586e+06 -3.45993589e+01  1.12858857e+02 
 6.16595002e+06 -3.55932853e+01  1.12262615e+02 
 6.30957344e+06 -3.66817957e+01  1.11415693e+02 
 6.45654229e+06 -3.78857695e+01  1.10220209e+02 
 6.60693448e+06 -3.92331789e+01  1.08521416e+02 
 6.76082975e+06 -4.07618867e+01  1.06061260e+02 
 6.91830971e+06 -4.25224741e+01  1.02381310e+02 
 7.07945784e+06 -4.45759508e+01  9.66074358e+01 
 7.24435960e+06 -4.69585891e+01  8.69698997e+01 
 7.41310241e+06 -4.94848791e+01  7.00488560e+01 
 7.58577575e+06 -5.11287720e+01  4.26529178e+01 
 7.76247117e+06 -5.04509996e+01  1.27666858e+01 
 7.94328235e+06 -4.83278133e+01 -7.50590774e+00 
 8.12830516e+06 -4.61427858e+01 -1.90835946e+01 
 8.31763771e+06 -4.42706586e+01 -2.58916752e+01 
 8.51138038e+06 -4.27105971e+01 -3.01650122e+01 
 8.70963590e+06 -4.14024602e+01 -3.30003722e+01 
 8.91250938e+06 -4.02914985e+01 -3.49598334e+01 
 9.12010839e+06 -3.93360534e+01 -3.63525523e+01 
 9.33254301e+06 -3.85053786e+01 -3.73601718e+01 
 9.54992586e+06 -3.77766669e+01 -3.80955700e+01 
 9.77237221e+06 -3.71327425e+01 -3.86322418e+01 
 1.00000000e+07 -3.65604447e+01 -3.90199291e+01 
 1.02329299e+07 -3.60495174e+01 -3.92934007e+01 
 1.04712855e+07 -3.55918430e+01 -3.94776208e+01 
 1.07151931e+07 -3.51809059e+01 -3.95909177e+01 
 1.09647820e+07 -3.48114118e+01 -3.96469959e+01 
 1.12201845e+07 -3.44790112e+01 -3.96562533e+01 
 1.14815362e+07 -3.41800973e+01 -3.96266660e+01 
 1.17489755e+07 -3.39116546e+01 -3.95643967e+01 
 1.20226443e+07 -3.36711442e+01 -3.94742216e+01 
 1.23026877e+07 -3.34564162e+01 -3.93598349e+01 
 1.25892541e+07 -3.32656418e+01 -3.92240684e+01 
 1.28824955e+07 -3.30972594e+01 -3.90690527e+01 
 1.31825674e+07 -3.29499327e+01 -3.88963357e+01 
 1.34896288e+07 -3.28225169e+01 -3.87069692e+01 
 1.38038426e+07 -3.27140315e+01 -3.85015738e+01 
 1.41253754e+07 -3.26236380e+01 -3.82803846e+01 
 1.44543977e+07 -3.25506222e+01 -3.80432844e+01 
 1.47910839e+07 -3.24943795e+01 -3.77898241e+01 
 1.51356125e+07 -3.24544024e+01 -3.75192356e+01 
 1.54881662e+07 -3.24302706e+01 -3.72304354e+01 
 1.58489319e+07 -3.24216424e+01 -3.69220210e+01 
 1.62181010e+07 -3.24282477e+01 -3.65922615e+01 
 1.65958691e+07 -3.24498819e+01 -3.62390800e+01 
 1.69824365e+07 -3.24864005e+01 -3.58600301e+01 
 1.73780083e+07 -3.25377145e+01 -3.54522647e+01 
 1.77827941e+07 -3.26037857e+01 -3.50124969e+01 
 1.81970086e+07 -3.26846231e+01 -3.45369521e+01 
 1.86208714e+07 -3.27802778e+01 -3.40213095e+01 
 1.90546072e+07 -3.28908383e+01 -3.34606331e+01 
 1.94984460e+07 -3.30164248e+01 -3.28492884e+01 
 1.99526231e+07 -3.31571821e+01 -3.21808451e+01 
 2.04173794e+07 -3.33132699e+01 -3.14479617e+01 
 2.08929613e+07 -3.34848515e+01 -3.06422510e+01 
 2.13796209e+07 -3.36720767e+01 -2.97541241e+01 
 2.18776162e+07 -3.38750607e+01 -2.87726108e+01 
 2.23872114e+07 -3.40938546e+01 -2.76851561e+01 
 2.29086765e+07 -3.43284057e+01 -2.64773951e+01 
 2.34422882e+07 -3.45785039e+01 -2.51329109e+01 
 2.39883292e+07 -3.48437106e+01 -2.36329896e+01 
 2.45470892e+07 -3.51232627e+01 -2.19563955e+01 
 2.51188643e+07 -3.54159480e+01 -2.00792097e+01 
 2.57039578e+07 -3.57199427e+01 -1.79748014e+01 
 2.63026799e+07 -3.60326066e+01 -1.56140425e+01 
 2.69153480e+07 -3.63502346e+01 -1.29659270e+01 
 2.75422870e+07 -3.66677719e+01 -9.99882279e+00 
 2.81838293e+07 -3.69785180e+01 -6.68263478e+00 
 2.88403150e+07 -3.72738766e+01 -2.99217250e+00 
 2.95120923e+07 -3.75432470e+01  1.08809599e+00 
 3.01995172e+07 -3.77741976e+01  5.55804586e+00 
 3.09029543e+07 -3.79530792e+01  1.03954135e+01 
 3.16227766e+07 -3.80661897e+01  1.55504313e+01 
 3.23593657e+07 -3.81014408e+01  2.09438693e+01 
 3.31131121e+07 -3.80502291e+01  2.64706461e+01 
 3.38844156e+07 -3.79089869e+01  3.20096955e+01 
 3.46736850e+07 -3.76798675e+01  3.74382702e+01 
 3.54813389e+07 -3.73702988e+01  4.26467354e+01 
 3.63078055e+07 -3.69915801e+01  4.75496521e+01 
 3.71535229e+07 -3.65570311e+01  5.20907764e+01 
 3.80189396e+07 -3.60802448e+01  5.62421622e+01 
 3.89045145e+07 -3.55738016e+01  5.99993332e+01 
 3.98107171e+07 -3.50485406e+01  6.33748790e+01 
 4.07380278e+07 -3.45133026e+01  6.63922596e+01 
 4.16869383e+07 -3.39749902e+01  6.90807518e+01 
 4.26579519e+07 -3.34387964e+01  7.14717885e+01 
 4.36515832e+07 -3.29084960e+01  7.35965563e+01 
 4.46683592e+07 -3.23867354e+01  7.54845722e+01 
 4.57088190e+07 -3.18752898e+01  7.71629484e+01 
 4.67735141e+07 -3.13752770e+01  7.86561074e+01 
 4.78630092e+07 -3.08873279e+01  7.99857700e+01 
 4.89778819e+07 -3.04117181e+01  8.11710972e+01 
 5.01187234e+07 -2.99484691e+01  8.22289070e+01 
 5.12861384e+07 -2.94974231e+01  8.31739207e+01 
 5.24807460e+07 -2.90582991e+01  8.40190087e+01 
 5.37031796e+07 -2.86307342e+01  8.47754233e+01 
 5.49540874e+07 -2.82143138e+01  8.54530091e+01 
 5.62341325e+07 -2.78085932e+01  8.60603918e+01 
 5.75439937e+07 -2.74131134e+01  8.66051416e+01 
 5.88843655e+07 -2.70274122e+01  8.70939165e+01 
 6.02559586e+07 -2.66510323e+01  8.75325848e+01 
 6.16595002e+07 -2.62835262e+01  8.79263315e+01 
 6.30957344e+07 -2.59244602e+01  8.82797482e+01 
 6.45654229e+07 -2.55734163e+01  8.85969109e+01 
 6.60693448e+07 -2.52299939e+01  8.88814469e+01 
 6.76082975e+07 -2.48938099e+01  8.91365914e+01 
 6.91830971e+07 -2.45644996e+01  8.93652366e+01 
 7.07945784e+07 -2.42417158e+01  8.95699740e+01 
 7.24435960e+07 -2.39251287e+01  8.97531304e+01 
 7.41310241e+07 -2.36144253e+01  8.99167994e+01 
 7.58577575e+07 -2.33093088e+01  9.00628684e+01 
 7.76247117e+07 -2.30094977e+01  9.01930420e+01 
 7.94328235e+07 -2.27147252e+01  9.03088627e+01 
 8.12830516e+07 -2.24247383e+01  9.04117283e+01 
 8.31763771e+07 -2.21392971e+01  9.05029076e+01 
 8.51138038e+07 -2.18581741e+01  9.05835540e+01 
 8.70963590e+07 -2.15811533e+01  9.06547171e+01 
 8.91250938e+07 -2.13080300e+01  9.07173537e+01 
 9.12010839e+07 -2.10386096e+01  9.07723362e+01 
 9.33254301e+07 -2.07727072e+01  9.08204616e+01 
 9.54992586e+07 -2.05101472e+01  9.08624579e+01 
 9.77237221e+07 -2.02507626e+01  9.08989910e+01 
 1.00000000e+08 -1.99943943e+01  9.09306698e+01 
 1.02329299e+08 -1.97408910e+01  9.09580519e+01 
 1.04712855e+08 -1.94901088e+01  9.09816473e+01 
 1.07151931e+08 -1.92419101e+01  9.10019232e+01 
 1.09647820e+08 -1.89961642e+01  9.10193068e+01 
 1.12201845e+08 -1.87527461e+01  9.10341890e+01 
 1.14815362e+08 -1.85115368e+01  9.10469272e+01 
 1.17489755e+08 -1.82724223e+01  9.10578476e+01 
 1.20226443e+08 -1.80352943e+01  9.10672481e+01 
 1.23026877e+08 -1.78000488e+01  9.10753998e+01 
 1.25892541e+08 -1.75665868e+01  9.10825494e+01 
 1.28824955e+08 -1.73348135e+01  9.10889207e+01 
 1.31825674e+08 -1.71046384e+01  9.10947164e+01 
 1.34896288e+08 -1.68759748e+01  9.11001192e+01 
 1.38038426e+08 -1.66487400e+01  9.11052937e+01 
 1.41253754e+08 -1.64228547e+01  9.11103872e+01 
 1.44543977e+08 -1.61982433e+01  9.11155308e+01 
 1.47910839e+08 -1.59748333e+01  9.11208408e+01 
 1.51356125e+08 -1.57525555e+01  9.11264197e+01 
 1.54881662e+08 -1.55313437e+01  9.11323565e+01 
 1.58489319e+08 -1.53111346e+01  9.11387283e+01 
 1.62181010e+08 -1.50918678e+01  9.11456008e+01 
 1.65958691e+08 -1.48734854e+01  9.11530288e+01 
 1.69824365e+08 -1.46559324e+01  9.11610573e+01 
 1.73780083e+08 -1.44391559e+01  9.11697219e+01 
 1.77827941e+08 -1.42231058e+01  9.11790497e+01 
 1.81970086e+08 -1.40077340e+01  9.11890593e+01 
 1.86208714e+08 -1.37929949e+01  9.11997623e+01 
 1.90546072e+08 -1.35788450e+01  9.12111626e+01 
 1.94984460e+08 -1.33652426e+01  9.12232582e+01 
 1.99526231e+08 -1.31521484e+01  9.12360407e+01 
 2.04173794e+08 -1.29395249e+01  9.12494960e+01 
 2.08929613e+08 -1.27273363e+01  9.12636049e+01 
 2.13796209e+08 -1.25155491e+01  9.12783434e+01 
 2.18776162e+08 -1.23041310e+01  9.12936831e+01 
 2.23872114e+08 -1.20930517e+01  9.13095914e+01 
 2.29086765e+08 -1.18822827e+01  9.13260319e+01 
 2.34422882e+08 -1.16717967e+01  9.13429649e+01 
 2.39883292e+08 -1.14615684e+01  9.13603477e+01 
 2.45470892e+08 -1.12515736e+01  9.13781347e+01 
 2.51188643e+08 -1.10417898e+01  9.13962776e+01 
 2.57039578e+08 -1.08321960e+01  9.14147261e+01 
 2.63026799e+08 -1.06227724e+01  9.14334279e+01 
 2.69153480e+08 -1.04135006e+01  9.14523289e+01 
 2.75422870e+08 -1.02043635e+01  9.14713737e+01 
 2.81838293e+08 -9.99534528e+00  9.14905057e+01 
 2.88403150e+08 -9.78643140e+00  9.15096672e+01 
 2.95120923e+08 -9.57760846e+00  9.15287999e+01 
 3.01995172e+08 -9.36886425e+00  9.15478452e+01 
 3.09029543e+08 -9.16018770e+00  9.15667440e+01 
 3.16227766e+08 -8.95156882e+00  9.15854374e+01 
 3.23593657e+08 -8.74299872e+00  9.16038667e+01 
 3.31131121e+08 -8.53446951e+00  9.16219738e+01 
 3.38844156e+08 -8.32597433e+00  9.16397012e+01 
 3.46736850e+08 -8.11750728e+00  9.16569923e+01 
 3.54813389e+08 -7.90906340e+00  9.16737919e+01 
 3.63078055e+08 -7.70063861e+00  9.16900459e+01 
 3.71535229e+08 -7.49222971e+00  9.17057020e+01 
 3.80189396e+08 -7.28383434e+00  9.17207096e+01 
 3.89045145e+08 -7.07545089e+00  9.17350202e+01 
 3.98107171e+08 -6.86707854e+00  9.17485873e+01 
 4.07380278e+08 -6.65871716e+00  9.17613670e+01 
 4.16869383e+08 -6.45036729e+00  9.17733177e+01 
 4.26579519e+08 -6.24203010e+00  9.17844007e+01 
 4.36515832e+08 -6.03370734e+00  9.17945801e+01 
 4.46683592e+08 -5.82540130e+00  9.18038227e+01 
 4.57088190e+08 -5.61711477e+00  9.18120989e+01 
 4.67735141e+08 -5.40885099e+00  9.18193817e+01 
 4.78630092e+08 -5.20061360e+00  9.18256476e+01 
 4.89778819e+08 -4.99240659e+00  9.18308766e+01 
 5.01187234e+08 -4.78423429e+00  9.18350516e+01 
 5.12861384e+08 -4.57610126e+00  9.18381593e+01 
 5.24807460e+08 -4.36801233e+00  9.18401895e+01 
 5.37031796e+08 -4.15997246e+00  9.18411356e+01 
 5.49540874e+08 -3.95198678e+00  9.18409940e+01 
 5.62341325e+08 -3.74406050e+00  9.18397647e+01 
 5.75439937e+08 -3.53619888e+00  9.18374507e+01 
 5.88843655e+08 -3.32840719e+00  9.18340584e+01 
 6.02559586e+08 -3.12069069e+00  9.18295968e+01 
 6.16595002e+08 -2.91305457e+00  9.18240783e+01 
 6.30957344e+08 -2.70550392e+00  9.18175176e+01 
 6.45654229e+08 -2.49804371e+00  9.18099326e+01 
 6.60693448e+08 -2.29067877e+00  9.18013432e+01 
 6.76082975e+08 -2.08341373e+00  9.17917719e+01 
 6.91830971e+08 -1.87625302e+00  9.17812432e+01 
 7.07945784e+08 -1.66920084e+00  9.17697839e+01 
 7.24435960e+08 -1.46226116e+00  9.17574223e+01 
 7.41310241e+08 -1.25543769e+00  9.17441884e+01 
 7.58577575e+08 -1.04873384e+00  9.17301138e+01 
 7.76247117e+08 -8.42152757e-01  9.17152312e+01 
 7.94328235e+08 -6.35697292e-01  9.16995743e+01 
 8.12830516e+08 -4.29369992e-01  9.16831780e+01 
 8.31763771e+08 -2.23173103e-01  9.16660776e+01 
 8.51138038e+08 -1.71085666e-02  9.16483090e+01 
 8.70963590e+08  1.88821981e-01  9.16299086e+01 
 8.91250938e+08  3.94617202e-01  9.16109129e+01 
 9.12010839e+08  6.00276060e-01  9.15913584e+01 
 9.33254301e+08  8.05797804e-01  9.15712815e+01 
 9.54992586e+08  1.01118197e+00  9.15507186e+01 
 9.77237221e+08  1.21642837e+00  9.15297055e+01 
 1.00000000e+09  1.42153707e+00  9.15082774e+01 
