 frequency       lr              li             
 1.00000000e+00 -6.66713310e+02 -6.88556678e-02 
 1.02329299e+00 -6.66713310e+02 -7.04595223e-02 
 1.04712855e+00 -6.66713309e+02 -7.21007354e-02 
 1.07151931e+00 -6.66713309e+02 -7.37801772e-02 
 1.09647820e+00 -6.66713308e+02 -7.54987383e-02 
 1.12201845e+00 -6.66713308e+02 -7.72573298e-02 
 1.14815362e+00 -6.66713308e+02 -7.90568841e-02 
 1.17489755e+00 -6.66713307e+02 -8.08983554e-02 
 1.20226443e+00 -6.66713307e+02 -8.27827201e-02 
 1.23026877e+00 -6.66713306e+02 -8.47109773e-02 
 1.25892541e+00 -6.66713306e+02 -8.66841494e-02 
 1.28824955e+00 -6.66713305e+02 -8.87032826e-02 
 1.31825674e+00 -6.66713305e+02 -9.07694474e-02 
 1.34896288e+00 -6.66713304e+02 -9.28837393e-02 
 1.38038426e+00 -6.66713303e+02 -9.50472795e-02 
 1.41253754e+00 -6.66713303e+02 -9.72612149e-02 
 1.44543977e+00 -6.66713302e+02 -9.95267195e-02 
 1.47910839e+00 -6.66713301e+02 -1.01844995e-01 
 1.51356125e+00 -6.66713301e+02 -1.04217269e-01 
 1.54881662e+00 -6.66713300e+02 -1.06644801e-01 
 1.58489319e+00 -6.66713299e+02 -1.09128877e-01 
 1.62181010e+00 -6.66713298e+02 -1.11670815e-01 
 1.65958691e+00 -6.66713297e+02 -1.14271963e-01 
 1.69824365e+00 -6.66713296e+02 -1.16933698e-01 
 1.73780083e+00 -6.66713295e+02 -1.19657434e-01 
 1.77827941e+00 -6.66713294e+02 -1.22444613e-01 
 1.81970086e+00 -6.66713293e+02 -1.25296715e-01 
 1.86208714e+00 -6.66713292e+02 -1.28215250e-01 
 1.90546072e+00 -6.66713291e+02 -1.31201766e-01 
 1.94984460e+00 -6.66713290e+02 -1.34257848e-01 
 1.99526231e+00 -6.66713288e+02 -1.37385115e-01 
 2.04173794e+00 -6.66713287e+02 -1.40585225e-01 
 2.08929613e+00 -6.66713286e+02 -1.43859875e-01 
 2.13796209e+00 -6.66713284e+02 -1.47210802e-01 
 2.18776162e+00 -6.66713283e+02 -1.50639781e-01 
 2.23872114e+00 -6.66713281e+02 -1.54148632e-01 
 2.29086765e+00 -6.66713279e+02 -1.57739215e-01 
 2.34422882e+00 -6.66713278e+02 -1.61413433e-01 
 2.39883292e+00 -6.66713276e+02 -1.65173234e-01 
 2.45470892e+00 -6.66713274e+02 -1.69020612e-01 
 2.51188643e+00 -6.66713272e+02 -1.72957608e-01 
 2.57039578e+00 -6.66713270e+02 -1.76986307e-01 
 2.63026799e+00 -6.66713267e+02 -1.81108847e-01 
 2.69153480e+00 -6.66713265e+02 -1.85327414e-01 
 2.75422870e+00 -6.66713263e+02 -1.89644243e-01 
 2.81838293e+00 -6.66713260e+02 -1.94061624e-01 
 2.88403150e+00 -6.66713257e+02 -1.98581899e-01 
 2.95120923e+00 -6.66713255e+02 -2.03207465e-01 
 3.01995172e+00 -6.66713252e+02 -2.07940774e-01 
 3.09029543e+00 -6.66713249e+02 -2.12784336e-01 
 3.16227766e+00 -6.66713245e+02 -2.17740719e-01 
 3.23593657e+00 -6.66713242e+02 -2.22812551e-01 
 3.31131121e+00 -6.66713238e+02 -2.28002520e-01 
 3.38844156e+00 -6.66713235e+02 -2.33313380e-01 
 3.46736850e+00 -6.66713231e+02 -2.38747945e-01 
 3.54813389e+00 -6.66713227e+02 -2.44309098e-01 
 3.63078055e+00 -6.66713222e+02 -2.49999786e-01 
 3.71535229e+00 -6.66713218e+02 -2.55823028e-01 
 3.80189396e+00 -6.66713213e+02 -2.61781910e-01 
 3.89045145e+00 -6.66713208e+02 -2.67879592e-01 
 3.98107171e+00 -6.66713203e+02 -2.74119307e-01 
 4.07380278e+00 -6.66713198e+02 -2.80504363e-01 
 4.16869383e+00 -6.66713192e+02 -2.87038147e-01 
 4.26579519e+00 -6.66713187e+02 -2.93724122e-01 
 4.36515832e+00 -6.66713181e+02 -3.00565833e-01 
 4.46683592e+00 -6.66713174e+02 -3.07566907e-01 
 4.57088190e+00 -6.66713167e+02 -3.14731058e-01 
 4.67735141e+00 -6.66713160e+02 -3.22062082e-01 
 4.78630092e+00 -6.66713153e+02 -3.29563868e-01 
 4.89778819e+00 -6.66713145e+02 -3.37240393e-01 
 5.01187234e+00 -6.66713137e+02 -3.45095727e-01 
 5.12861384e+00 -6.66713129e+02 -3.53134034e-01 
 5.24807460e+00 -6.66713120e+02 -3.61359578e-01 
 5.37031796e+00 -6.66713110e+02 -3.69776718e-01 
 5.49540874e+00 -6.66713101e+02 -3.78389919e-01 
 5.62341325e+00 -6.66713090e+02 -3.87203746e-01 
 5.75439937e+00 -6.66713080e+02 -3.96222874e-01 
 5.88843655e+00 -6.66713068e+02 -4.05452083e-01 
 6.02559586e+00 -6.66713057e+02 -4.14896268e-01 
 6.16595002e+00 -6.66713044e+02 -4.24560436e-01 
 6.30957344e+00 -6.66713032e+02 -4.34449710e-01 
 6.45654229e+00 -6.66713018e+02 -4.44569335e-01 
 6.60693448e+00 -6.66713004e+02 -4.54924676e-01 
 6.76082975e+00 -6.66712989e+02 -4.65521222e-01 
 6.91830971e+00 -6.66712974e+02 -4.76364593e-01 
 7.07945784e+00 -6.66712958e+02 -4.87460538e-01 
 7.24435960e+00 -6.66712941e+02 -4.98814940e-01 
 7.41310241e+00 -6.66712923e+02 -5.10433819e-01 
 7.58577575e+00 -6.66712904e+02 -5.22323335e-01 
 7.76247117e+00 -6.66712885e+02 -5.34489793e-01 
 7.94328235e+00 -6.66712865e+02 -5.46939642e-01 
 8.12830516e+00 -6.66712843e+02 -5.59679485e-01 
 8.31763771e+00 -6.66712821e+02 -5.72716076e-01 
 8.51138038e+00 -6.66712798e+02 -5.86056327e-01 
 8.70963590e+00 -6.66712773e+02 -5.99707310e-01 
 8.91250938e+00 -6.66712748e+02 -6.13676264e-01 
 9.12010839e+00 -6.66712721e+02 -6.27970595e-01 
 9.33254301e+00 -6.66712693e+02 -6.42597882e-01 
 9.54992586e+00 -6.66712663e+02 -6.57565880e-01 
 9.77237221e+00 -6.66712632e+02 -6.72882525e-01 
 1.00000000e+01 -6.66712600e+02 -6.88555939e-01 
 1.02329299e+01 -6.66712566e+02 -7.04594431e-01 
 1.04712855e+01 -6.66712531e+02 -7.21006505e-01 
 1.07151931e+01 -6.66712494e+02 -7.37800863e-01 
 1.09647820e+01 -6.66712455e+02 -7.54986409e-01 
 1.12201845e+01 -6.66712415e+02 -7.72572254e-01 
 1.14815362e+01 -6.66712372e+02 -7.90567723e-01 
 1.17489755e+01 -6.66712327e+02 -8.08982356e-01 
 1.20226443e+01 -6.66712281e+02 -8.27825917e-01 
 1.23026877e+01 -6.66712232e+02 -8.47108397e-01 
 1.25892541e+01 -6.66712181e+02 -8.66840020e-01 
 1.28824955e+01 -6.66712127e+02 -8.87031246e-01 
 1.31825674e+01 -6.66712071e+02 -9.07692781e-01 
 1.34896288e+01 -6.66712012e+02 -9.28835579e-01 
 1.38038426e+01 -6.66711951e+02 -9.50470851e-01 
 1.41253754e+01 -6.66711886e+02 -9.72610066e-01 
 1.44543977e+01 -6.66711819e+02 -9.95264963e-01 
 1.47910839e+01 -6.66711749e+02 -1.01844755e+00 
 1.51356125e+01 -6.66711675e+02 -1.04217013e+00 
 1.54881662e+01 -6.66711597e+02 -1.06644526e+00 
 1.58489319e+01 -6.66711516e+02 -1.09128583e+00 
 1.62181010e+01 -6.66711431e+02 -1.11670500e+00 
 1.65958691e+01 -6.66711342e+02 -1.14271625e+00 
 1.69824365e+01 -6.66711249e+02 -1.16933336e+00 
 1.73780083e+01 -6.66711152e+02 -1.19657046e+00 
 1.77827941e+01 -6.66711050e+02 -1.22444198e+00 
 1.81970086e+01 -6.66710943e+02 -1.25296269e+00 
 1.86208714e+01 -6.66710831e+02 -1.28214773e+00 
 1.90546072e+01 -6.66710714e+02 -1.31201255e+00 
 1.94984460e+01 -6.66710591e+02 -1.34257300e+00 
 1.99526231e+01 -6.66710463e+02 -1.37384528e+00 
 2.04173794e+01 -6.66710328e+02 -1.40584596e+00 
 2.08929613e+01 -6.66710187e+02 -1.43859201e+00 
 2.13796209e+01 -6.66710040e+02 -1.47210080e+00 
 2.18776162e+01 -6.66709886e+02 -1.50639008e+00 
 2.23872114e+01 -6.66709724e+02 -1.54147803e+00 
 2.29086765e+01 -6.66709555e+02 -1.57738326e+00 
 2.34422882e+01 -6.66709377e+02 -1.61412481e+00 
 2.39883292e+01 -6.66709191e+02 -1.65172214e+00 
 2.45470892e+01 -6.66708997e+02 -1.69019520e+00 
 2.51188643e+01 -6.66708793e+02 -1.72956437e+00 
 2.57039578e+01 -6.66708580e+02 -1.76985053e+00 
 2.63026799e+01 -6.66708357e+02 -1.81107503e+00 
 2.69153480e+01 -6.66708123e+02 -1.85325973e+00 
 2.75422870e+01 -6.66707879e+02 -1.89642699e+00 
 2.81838293e+01 -6.66707622e+02 -1.94059970e+00 
 2.88403150e+01 -6.66707354e+02 -1.98580127e+00 
 2.95120923e+01 -6.66707073e+02 -2.03205566e+00 
 3.01995172e+01 -6.66706778e+02 -2.07938739e+00 
 3.09029543e+01 -6.66706470e+02 -2.12782155e+00 
 3.16227766e+01 -6.66706148e+02 -2.17738382e+00 
 3.23593657e+01 -6.66705810e+02 -2.22810047e+00 
 3.31131121e+01 -6.66705456e+02 -2.27999837e+00 
 3.38844156e+01 -6.66705085e+02 -2.33310505e+00 
 3.46736850e+01 -6.66704698e+02 -2.38744865e+00 
 3.54813389e+01 -6.66704291e+02 -2.44305797e+00 
 3.63078055e+01 -6.66703866e+02 -2.49996249e+00 
 3.71535229e+01 -6.66703420e+02 -2.55819238e+00 
 3.80189396e+01 -6.66702954e+02 -2.61777849e+00 
 3.89045145e+01 -6.66702466e+02 -2.67875240e+00 
 3.98107171e+01 -6.66701954e+02 -2.74114644e+00 
 4.07380278e+01 -6.66701419e+02 -2.80499367e+00 
 4.16869383e+01 -6.66700858e+02 -2.87032794e+00 
 4.26579519e+01 -6.66700271e+02 -2.93718386e+00 
 4.36515832e+01 -6.66699656e+02 -3.00559686e+00 
 4.46683592e+01 -6.66699012e+02 -3.07560321e+00 
 4.57088190e+01 -6.66698338e+02 -3.14724001e+00 
 4.67735141e+01 -6.66697632e+02 -3.22054520e+00 
 4.78630092e+01 -6.66696893e+02 -3.29555766e+00 
 4.89778819e+01 -6.66696119e+02 -3.37231711e+00 
 5.01187234e+01 -6.66695309e+02 -3.45086424e+00 
 5.12861384e+01 -6.66694460e+02 -3.53124066e+00 
 5.24807460e+01 -6.66693571e+02 -3.61348896e+00 
 5.37031796e+01 -6.66692641e+02 -3.69765273e+00 
 5.49540874e+01 -6.66691666e+02 -3.78377655e+00 
 5.62341325e+01 -6.66690646e+02 -3.87190606e+00 
 5.75439937e+01 -6.66689577e+02 -3.96208793e+00 
 5.88843655e+01 -6.66688459e+02 -4.05436996e+00 
 6.02559586e+01 -6.66687287e+02 -4.14880102e+00 
 6.16595002e+01 -6.66686060e+02 -4.24543113e+00 
 6.30957344e+01 -6.66684776e+02 -4.34431149e+00 
 6.45654229e+01 -6.66683431e+02 -4.44549446e+00 
 6.60693448e+01 -6.66682023e+02 -4.54903364e+00 
 6.76082975e+01 -6.66680548e+02 -4.65498386e+00 
 6.91830971e+01 -6.66679003e+02 -4.76340124e+00 
 7.07945784e+01 -6.66677386e+02 -4.87434319e+00 
 7.24435960e+01 -6.66675693e+02 -4.98786846e+00 
 7.41310241e+01 -6.66673920e+02 -5.10403716e+00 
 7.58577575e+01 -6.66672063e+02 -5.22291079e+00 
 7.76247117e+01 -6.66670119e+02 -5.34455230e+00 
 7.94328235e+01 -6.66668084e+02 -5.46902608e+00 
 8.12830516e+01 -6.66665952e+02 -5.59639802e+00 
 8.31763771e+01 -6.66663720e+02 -5.72673555e+00 
 8.51138038e+01 -6.66661383e+02 -5.86010764e+00 
 8.70963590e+01 -6.66658935e+02 -5.99658489e+00 
 8.91250938e+01 -6.66656373e+02 -6.13623952e+00 
 9.12010839e+01 -6.66653689e+02 -6.27914542e+00 
 9.33254301e+01 -6.66650879e+02 -6.42537820e+00 
 9.54992586e+01 -6.66647937e+02 -6.57501523e+00 
 9.77237221e+01 -6.66644856e+02 -6.72813566e+00 
 1.00000000e+02 -6.66641630e+02 -6.88482049e+00 
 1.02329299e+02 -6.66638252e+02 -7.04515257e+00 
 1.04712855e+02 -6.66634714e+02 -7.20921669e+00 
 1.07151931e+02 -6.66631010e+02 -7.37709959e+00 
 1.09647820e+02 -6.66627132e+02 -7.54889004e+00 
 1.12201845e+02 -6.66623071e+02 -7.72467884e+00 
 1.14815362e+02 -6.66618818e+02 -7.90455889e+00 
 1.17489755e+02 -6.66614365e+02 -8.08862525e+00 
 1.20226443e+02 -6.66609703e+02 -8.27697517e+00 
 1.23026877e+02 -6.66604820e+02 -8.46970814e+00 
 1.25892541e+02 -6.66599708e+02 -8.66692598e+00 
 1.28824955e+02 -6.66594354e+02 -8.86873282e+00 
 1.31825674e+02 -6.66588749e+02 -9.07523521e+00 
 1.34896288e+02 -6.66582879e+02 -9.28654216e+00 
 1.38038426e+02 -6.66576733e+02 -9.50276518e+00 
 1.41253754e+02 -6.66570298e+02 -9.72401837e+00 
 1.44543977e+02 -6.66563559e+02 -9.95041844e+00 
 1.47910839e+02 -6.66556503e+02 -1.01820848e+01 
 1.51356125e+02 -6.66549114e+02 -1.04191396e+01 
 1.54881662e+02 -6.66541377e+02 -1.06617078e+01 
 1.58489319e+02 -6.66533276e+02 -1.09099172e+01 
 1.62181010e+02 -6.66524794e+02 -1.11638986e+01 
 1.65958691e+02 -6.66515912e+02 -1.14237857e+01 
 1.69824365e+02 -6.66506611e+02 -1.16897154e+01 
 1.73780083e+02 -6.66496873e+02 -1.19618276e+01 
 1.77827941e+02 -6.66486675e+02 -1.22402656e+01 
 1.81970086e+02 -6.66475998e+02 -1.25251757e+01 
 1.86208714e+02 -6.66464818e+02 -1.28167078e+01 
 1.90546072e+02 -6.66453111e+02 -1.31150150e+01 
 1.94984460e+02 -6.66440853e+02 -1.34202541e+01 
 1.99526231e+02 -6.66428017e+02 -1.37325854e+01 
 2.04173794e+02 -6.66414578e+02 -1.40521727e+01 
 2.08929613e+02 -6.66400505e+02 -1.43791837e+01 
 2.13796209e+02 -6.66385770e+02 -1.47137899e+01 
 2.18776162e+02 -6.66370341e+02 -1.50561667e+01 
 2.23872114e+02 -6.66354186e+02 -1.54064933e+01 
 2.29086765e+02 -6.66337270e+02 -1.57649532e+01 
 2.34422882e+02 -6.66319558e+02 -1.61317338e+01 
 2.39883292e+02 -6.66301013e+02 -1.65070270e+01 
 2.45470892e+02 -6.66281594e+02 -1.68910287e+01 
 2.51188643e+02 -6.66261261e+02 -1.72839396e+01 
 2.57039578e+02 -6.66239972e+02 -1.76859645e+01 
 2.63026799e+02 -6.66217681e+02 -1.80973131e+01 
 2.69153480e+02 -6.66194340e+02 -1.85181996e+01 
 2.75422870e+02 -6.66169902e+02 -1.89488431e+01 
 2.81838293e+02 -6.66144313e+02 -1.93894675e+01 
 2.88403150e+02 -6.66117521e+02 -1.98403018e+01 
 2.95120923e+02 -6.66089469e+02 -2.03015798e+01 
 3.01995172e+02 -6.66060097e+02 -2.07735408e+01 
 3.09029543e+02 -6.66029343e+02 -2.12564293e+01 
 3.16227766e+02 -6.65997143e+02 -2.17504950e+01 
 3.23593657e+02 -6.65963429e+02 -2.22559932e+01 
 3.31131121e+02 -6.65928130e+02 -2.27731849e+01 
 3.38844156e+02 -6.65891171e+02 -2.33023367e+01 
 3.46736850e+02 -6.65852476e+02 -2.38437209e+01 
 3.54813389e+02 -6.65811961e+02 -2.43976158e+01 
 3.63078055e+02 -6.65769542e+02 -2.49643058e+01 
 3.71535229e+02 -6.65725129e+02 -2.55440812e+01 
 3.80189396e+02 -6.65678630e+02 -2.61372387e+01 
 3.89045145e+02 -6.65629947e+02 -2.67440813e+01 
 3.98107171e+02 -6.65578977e+02 -2.73649183e+01 
 4.07380278e+02 -6.65525613e+02 -2.80000657e+01 
 4.16869383e+02 -6.65469743e+02 -2.86498462e+01 
 4.26579519e+02 -6.65411251e+02 -2.93145890e+01 
 4.36515832e+02 -6.65350013e+02 -2.99946304e+01 
 4.46683592e+02 -6.65285901e+02 -3.06903135e+01 
 4.57088190e+02 -6.65218781e+02 -3.14019885e+01 
 4.67735141e+02 -6.65148512e+02 -3.21300128e+01 
 4.78630092e+02 -6.65074948e+02 -3.28747510e+01 
 4.89778819e+02 -6.64997934e+02 -3.36365752e+01 
 5.01187234e+02 -6.64917310e+02 -3.44158647e+01 
 5.12861384e+02 -6.64832908e+02 -3.52130063e+01 
 5.24807460e+02 -6.64744551e+02 -3.60283948e+01 
 5.37031796e+02 -6.64652055e+02 -3.68624322e+01 
 5.49540874e+02 -6.64555227e+02 -3.77155285e+01 
 5.62341325e+02 -6.64453867e+02 -3.85881016e+01 
 5.75439937e+02 -6.64347763e+02 -3.94805771e+01 
 5.88843655e+02 -6.64236696e+02 -4.03933886e+01 
 6.02559586e+02 -6.64120434e+02 -4.13269777e+01 
 6.16595002e+02 -6.63998736e+02 -4.22817941e+01 
 6.30957344e+02 -6.63871352e+02 -4.32582955e+01 
 6.45654229e+02 -6.63738017e+02 -4.42569476e+01 
 6.60693448e+02 -6.63598456e+02 -4.52782242e+01 
 6.76082975e+02 -6.63452380e+02 -4.63226073e+01 
 6.91830971e+02 -6.63299491e+02 -4.73905868e+01 
 7.07945784e+02 -6.63139471e+02 -4.84826607e+01 
 7.24435960e+02 -6.62971994e+02 -4.95993350e+01 
 7.41310241e+02 -6.62796715e+02 -5.07411237e+01 
 7.58577575e+02 -6.62613275e+02 -5.19085484e+01 
 7.76247117e+02 -6.62421300e+02 -5.31021386e+01 
 7.94328235e+02 -6.62220398e+02 -5.43224315e+01 
 8.12830516e+02 -6.62010159e+02 -5.55699714e+01 
 8.31763771e+02 -6.61790156e+02 -5.68453103e+01 
 8.51138038e+02 -6.61559942e+02 -5.81490070e+01 
 8.70963590e+02 -6.61319051e+02 -5.94816274e+01 
 8.91250938e+02 -6.61066998e+02 -6.08437439e+01 
 9.12010839e+02 -6.60803273e+02 -6.22359350e+01 
 9.33254301e+02 -6.60527346e+02 -6.36587856e+01 
 9.54992586e+02 -6.60238664e+02 -6.51128859e+01 
 9.77237221e+02 -6.59936650e+02 -6.65988315e+01 
 1.00000000e+03 -6.59620700e+02 -6.81172225e+01 
 1.02329299e+03 -6.59290187e+02 -6.96686636e+01 
 1.04712855e+03 -6.58944455e+02 -7.12537630e+01 
 1.07151931e+03 -6.58582821e+02 -7.28731321e+01 
 1.09647820e+03 -6.58204572e+02 -7.45273847e+01 
 1.12201845e+03 -6.57808965e+02 -7.62171362e+01 
 1.14815362e+03 -6.57395228e+02 -7.79430034e+01 
 1.17489755e+03 -6.56962555e+02 -7.97056027e+01 
 1.20226443e+03 -6.56510105e+02 -8.15055500e+01 
 1.23026877e+03 -6.56037004e+02 -8.33434591e+01 
 1.25892541e+03 -6.55542343e+02 -8.52199411e+01 
 1.28824955e+03 -6.55025175e+02 -8.71356030e+01 
 1.31825674e+03 -6.54484515e+02 -8.90910463e+01 
 1.34896288e+03 -6.53919337e+02 -9.10868659e+01 
 1.38038426e+03 -6.53328578e+02 -9.31236486e+01 
 1.41253754e+03 -6.52711129e+02 -9.52019713e+01 
 1.44543977e+03 -6.52065841e+02 -9.73223996e+01 
 1.47910839e+03 -6.51391518e+02 -9.94854858e+01 
 1.51356125e+03 -6.50686921e+02 -1.01691767e+02 
 1.54881662e+03 -6.49950762e+02 -1.03941764e+02 
 1.58489319e+03 -6.49181708e+02 -1.06235976e+02 
 1.62181010e+03 -6.48378373e+02 -1.08574883e+02 
 1.65958691e+03 -6.47539324e+02 -1.10958940e+02 
 1.69824365e+03 -6.46663076e+02 -1.13388575e+02 
 1.73780083e+03 -6.45748090e+02 -1.15864185e+02 
 1.77827941e+03 -6.44792776e+02 -1.18386136e+02 
 1.81970086e+03 -6.43795489e+02 -1.20954760e+02 
 1.86208714e+03 -6.42754531e+02 -1.23570347e+02 
 1.90546072e+03 -6.41668145e+02 -1.26233146e+02 
 1.94984460e+03 -6.40534522e+02 -1.28943360e+02 
 1.99526231e+03 -6.39351793e+02 -1.31701141e+02 
 2.04173794e+03 -6.38118035e+02 -1.34506588e+02 
 2.08929613e+03 -6.36831268e+02 -1.37359743e+02 
 2.13796209e+03 -6.35489455e+02 -1.40260584e+02 
 2.18776162e+03 -6.34090501e+02 -1.43209021e+02 
 2.23872114e+03 -6.32632259e+02 -1.46204895e+02 
 2.29086765e+03 -6.31112524e+02 -1.49247968e+02 
 2.34422882e+03 -6.29529037e+02 -1.52337920e+02 
 2.39883292e+03 -6.27879490e+02 -1.55474345e+02 
 2.45470892e+03 -6.26161521e+02 -1.58656744e+02 
 2.51188643e+03 -6.24372719e+02 -1.61884519e+02 
 2.57039578e+03 -6.22510628e+02 -1.65156969e+02 
 2.63026799e+03 -6.20572748e+02 -1.68473281e+02 
 2.69153480e+03 -6.18556539e+02 -1.71832529e+02 
 2.75422870e+03 -6.16459424e+02 -1.75233662e+02 
 2.81838293e+03 -6.14278793e+02 -1.78675505e+02 
 2.88403150e+03 -6.12012008e+02 -1.82156744e+02 
 2.95120923e+03 -6.09656410e+02 -1.85675929e+02 
 3.01995172e+03 -6.07209323e+02 -1.89231460e+02 
 3.09029543e+03 -6.04668058e+02 -1.92821587e+02 
 3.16227766e+03 -6.02029926e+02 -1.96444401e+02 
 3.23593657e+03 -5.99292240e+02 -2.00097828e+02 
 3.31131121e+03 -5.96452326e+02 -2.03779628e+02 
 3.38844156e+03 -5.93507532e+02 -2.07487381e+02 
 3.46736850e+03 -5.90455238e+02 -2.11218492e+02 
 3.54813389e+03 -5.87292862e+02 -2.14970180e+02 
 3.63078055e+03 -5.84017879e+02 -2.18739477e+02 
 3.71535229e+03 -5.80627824e+02 -2.22523223e+02 
 3.80189396e+03 -5.77120311e+02 -2.26318066e+02 
 3.89045145e+03 -5.73493043e+02 -2.30120454e+02 
 3.98107171e+03 -5.69743825e+02 -2.33926642e+02 
 4.07380278e+03 -5.65870580e+02 -2.37732684e+02 
 4.16869383e+03 -5.61871364e+02 -2.41534440e+02 
 4.26579519e+03 -5.57744377e+02 -2.45327573e+02 
 4.36515832e+03 -5.53487987e+02 -2.49107554e+02 
 4.46683592e+03 -5.49100735e+02 -2.52869665e+02 
 4.57088190e+03 -5.44581360e+02 -2.56609004e+02 
 4.67735141e+03 -5.39928814e+02 -2.60320494e+02 
 4.78630092e+03 -5.35142274e+02 -2.63998889e+02 
 4.89778819e+03 -5.30221162e+02 -2.67638782e+02 
 5.01187234e+03 -5.25165162e+02 -2.71234621e+02 
 5.12861384e+03 -5.19974231e+02 -2.74780717e+02 
 5.24807460e+03 -5.14648620e+02 -2.78271260e+02 
 5.37031796e+03 -5.09188886e+02 -2.81700335e+02 
 5.49540874e+03 -5.03595903e+02 -2.85061939e+02 
 5.62341325e+03 -4.97870881e+02 -2.88349999e+02 
 5.75439937e+03 -4.92015372e+02 -2.91558397e+02 
 5.88843655e+03 -4.86031283e+02 -2.94680985e+02 
 6.02559586e+03 -4.79920886e+02 -2.97711611e+02 
 6.16595002e+03 -4.73686818e+02 -3.00644149e+02 
 6.30957344e+03 -4.67332098e+02 -3.03472515e+02 
 6.45654229e+03 -4.60860118e+02 -3.06190700e+02 
 6.60693448e+03 -4.54274653e+02 -3.08792798e+02 
 6.76082975e+03 -4.47579854e+02 -3.11273030e+02 
 6.91830971e+03 -4.40780247e+02 -3.13625773e+02 
 7.07945784e+03 -4.33880727e+02 -3.15845593e+02 
 7.24435960e+03 -4.26886547e+02 -3.17927268e+02 
 7.41310241e+03 -4.19803312e+02 -3.19865819e+02 
 7.58577575e+03 -4.12636957e+02 -3.21656538e+02 
 7.76247117e+03 -4.05393738e+02 -3.23295012e+02 
 7.94328235e+03 -3.98080211e+02 -3.24777152e+02 
 8.12830516e+03 -3.90703208e+02 -3.26099214e+02 
 8.31763771e+03 -3.83269818e+02 -3.27257822e+02 
 8.51138038e+03 -3.75787357e+02 -3.28249993e+02 
 8.70963590e+03 -3.68263345e+02 -3.29073149e+02 
 8.91250938e+03 -3.60705471e+02 -3.29725137e+02 
 9.12010839e+03 -3.53121568e+02 -3.30204241e+02 
 9.33254301e+03 -3.45519578e+02 -3.30509194e+02 
 9.54992586e+03 -3.37907518e+02 -3.30639186e+02 
 9.77237221e+03 -3.30293449e+02 -3.30593870e+02 
 1.00000000e+04 -3.22685441e+02 -3.30373361e+02 
 1.02329299e+04 -3.15091535e+02 -3.29978238e+02 
 1.04712855e+04 -3.07519716e+02 -3.29409542e+02 
 1.07151931e+04 -2.99977874e+02 -3.28668763e+02 
 1.09647820e+04 -2.92473776e+02 -3.27757837e+02 
 1.12201845e+04 -2.85015027e+02 -3.26679133e+02 
 1.14815362e+04 -2.77609050e+02 -3.25435431e+02 
 1.17489755e+04 -2.70263049e+02 -3.24029916e+02 
 1.20226443e+04 -2.62983988e+02 -3.22466147e+02 
 1.23026877e+04 -2.55778563e+02 -3.20748044e+02 
 1.25892541e+04 -2.48653179e+02 -3.18879861e+02 
 1.28824955e+04 -2.41613936e+02 -3.16866160e+02 
 1.31825674e+04 -2.34666604e+02 -3.14711789e+02 
 1.34896288e+04 -2.27816612e+02 -3.12421849e+02 
 1.38038426e+04 -2.21069035e+02 -3.10001673e+02 
 1.41253754e+04 -2.14428582e+02 -3.07456791e+02 
 1.44543977e+04 -2.07899592e+02 -3.04792907e+02 
 1.47910839e+04 -2.01486028e+02 -3.02015865e+02 
 1.51356125e+04 -1.95191471e+02 -2.99131626e+02 
 1.54881662e+04 -1.89019126e+02 -2.96146237e+02 
 1.58489319e+04 -1.82971819e+02 -2.93065806e+02 
 1.62181010e+04 -1.77052003e+02 -2.89896475e+02 
 1.65958691e+04 -1.71261764e+02 -2.86644394e+02 
 1.69824365e+04 -1.65602831e+02 -2.83315696e+02 
 1.73780083e+04 -1.60076582e+02 -2.79916480e+02 
 1.77827941e+04 -1.54684055e+02 -2.76452783e+02 
 1.81970086e+04 -1.49425966e+02 -2.72930565e+02 
 1.86208714e+04 -1.44302713e+02 -2.69355690e+02 
 1.90546072e+04 -1.39314398e+02 -2.65733905e+02 
 1.94984460e+04 -1.34460840e+02 -2.62070832e+02 
 1.99526231e+04 -1.29741587e+02 -2.58371950e+02 
 2.04173794e+04 -1.25155938e+02 -2.54642584e+02 
 2.08929613e+04 -1.20702952e+02 -2.50887895e+02 
 2.13796209e+04 -1.16381472e+02 -2.47112871e+02 
 2.18776162e+04 -1.12190137e+02 -2.43322320e+02 
 2.23872114e+04 -1.08127397e+02 -2.39520864e+02 
 2.29086765e+04 -1.04191534e+02 -2.35712934e+02 
 2.34422882e+04 -1.00380672e+02 -2.31902768e+02 
 2.39883292e+04 -9.66927998e+01 -2.28094406e+02 
 2.45470892e+04 -9.31257776e+01 -2.24291691e+02 
 2.51188643e+04 -8.96773575e+01 -2.20498269e+02 
 2.57039578e+04 -8.63451949e+01 -2.16717589e+02 
 2.63026799e+04 -8.31268628e+01 -2.12952904e+02 
 2.69153480e+04 -8.00198635e+01 -2.09207276e+02 
 2.75422870e+04 -7.70216416e+01 -2.05483577e+02 
 2.81838293e+04 -7.41295944e+01 -2.01784491e+02 
 2.88403150e+04 -7.13410834e+01 -1.98112523e+02 
 2.95120923e+04 -6.86534435e+01 -1.94469998e+02 
 3.01995172e+04 -6.60639933e+01 -1.90859073e+02 
 3.09029543e+04 -6.35700424e+01 -1.87281734e+02 
 3.16227766e+04 -6.11689004e+01 -1.83739808e+02 
 3.23593657e+04 -5.88578839e+01 -1.80234965e+02 
 3.31131121e+04 -5.66343230e+01 -1.76768729e+02 
 3.38844156e+04 -5.44955675e+01 -1.73342477e+02 
 3.46736850e+04 -5.24389925e+01 -1.69957451e+02 
 3.54813389e+04 -5.04620035e+01 -1.66614760e+02 
 3.63078055e+04 -4.85620401e+01 -1.63315389e+02 
 3.71535229e+04 -4.67365810e+01 -1.60060204e+02 
 3.80189396e+04 -4.49831465e+01 -1.56849958e+02 
 3.89045145e+04 -4.32993022e+01 -1.53685298e+02 
 3.98107171e+04 -4.16826609e+01 -1.50566768e+02 
 4.07380278e+04 -4.01308859e+01 -1.47494818e+02 
 4.16869383e+04 -3.86416914e+01 -1.44469806e+02 
 4.26579519e+04 -3.72128453e+01 -1.41492009e+02 
 4.36515832e+04 -3.58421697e+01 -1.38561621e+02 
 4.46683592e+04 -3.45275419e+01 -1.35678763e+02 
 4.57088190e+04 -3.32668954e+01 -1.32843487e+02 
 4.67735141e+04 -3.20582199e+01 -1.30055781e+02 
 4.78630092e+04 -3.08995619e+01 -1.27315569e+02 
 4.89778819e+04 -2.97890241e+01 -1.24622724e+02 
 5.01187234e+04 -2.87247660e+01 -1.21977063e+02 
 5.12861384e+04 -2.77050030e+01 -1.19378357e+02 
 5.24807460e+04 -2.67280062e+01 -1.16826333e+02 
 5.37031796e+04 -2.57921016e+01 -1.14320676e+02 
 5.49540874e+04 -2.48956697e+01 -1.11861035e+02 
 5.62341325e+04 -2.40371442e+01 -1.09447023e+02 
 5.75439937e+04 -2.32150116e+01 -1.07078224e+02 
 5.88843655e+04 -2.24278102e+01 -1.04754193e+02 
 6.02559586e+04 -2.16741284e+01 -1.02474460e+02 
 6.16595002e+04 -2.09526046e+01 -1.00238531e+02 
 6.30957344e+04 -2.02619254e+01 -9.80458915e+01 
 6.45654229e+04 -1.96008246e+01 -9.58960098e+01 
 6.60693448e+04 -1.89680820e+01 -9.37883375e+01 
 6.76082975e+04 -1.83625224e+01 -9.17223117e+01 
 6.91830971e+04 -1.77830142e+01 -8.96973575e+01 
 7.07945784e+04 -1.72284678e+01 -8.77128895e+01 
 7.24435960e+04 -1.66978353e+01 -8.57683132e+01 
 7.41310241e+04 -1.61901083e+01 -8.38630266e+01 
 7.58577575e+04 -1.57043172e+01 -8.19964218e+01 
 7.76247117e+04 -1.52395299e+01 -8.01678862e+01 
 7.94328235e+04 -1.47948505e+01 -7.83768037e+01 
 8.12830516e+04 -1.43694181e+01 -7.66225559e+01 
 8.31763771e+04 -1.39624057e+01 -7.49045229e+01 
 8.51138038e+04 -1.35730191e+01 -7.32220847e+01 
 8.70963590e+04 -1.32004956e+01 -7.15746216e+01 
 8.91250938e+04 -1.28441029e+01 -6.99615157e+01 
 9.12010839e+04 -1.25031381e+01 -6.83821508e+01 
 9.33254301e+04 -1.21769267e+01 -6.68359138e+01 
 9.54992586e+04 -1.18648214e+01 -6.53221950e+01 
 9.77237221e+04 -1.15662011e+01 -6.38403888e+01 
 1.00000000e+05 -1.12804700e+01 -6.23898940e+01 
 1.02329299e+05 -1.10070565e+01 -6.09701148e+01 
 1.04712855e+05 -1.07454126e+01 -5.95804607e+01 
 1.07151931e+05 -1.04950125e+01 -5.82203472e+01 
 1.09647820e+05 -1.02553520e+01 -5.68891959e+01 
 1.12201845e+05 -1.00259479e+01 -5.55864353e+01 
 1.14815362e+05 -9.80633652e+00 -5.43115005e+01 
 1.17489755e+05 -9.59607354e+00 -5.30638338e+01 
 1.20226443e+05 -9.39473289e+00 -5.18428851e+01 
 1.23026877e+05 -9.20190609e+00 -5.06481114e+01 
 1.25892541e+05 -9.01720155e+00 -4.94789780e+01 
 1.28824955e+05 -8.84024385e+00 -4.83349576e+01 
 1.31825674e+05 -8.67067309e+00 -4.72155312e+01 
 1.34896288e+05 -8.50814425e+00 -4.61201878e+01 
 1.38038426e+05 -8.35232655e+00 -4.50484248e+01 
 1.41253754e+05 -8.20290287e+00 -4.39997476e+01 
 1.44543977e+05 -8.05956921e+00 -4.29736703e+01 
 1.47910839e+05 -7.92203409e+00 -4.19697151e+01 
 1.51356125e+05 -7.79001805e+00 -4.09874127e+01 
 1.54881662e+05 -7.66325316e+00 -4.00263025e+01 
 1.58489319e+05 -7.54148251e+00 -3.90859321e+01 
 1.62181010e+05 -7.42445978e+00 -3.81658576e+01 
 1.65958691e+05 -7.31194876e+00 -3.72656435e+01 
 1.69824365e+05 -7.20372296e+00 -3.63848628e+01 
 1.73780083e+05 -7.09956520e+00 -3.55230970e+01 
 1.77827941e+05 -6.99926722e+00 -3.46799357e+01 
 1.81970086e+05 -6.90262933e+00 -3.38549770e+01 
 1.86208714e+05 -6.80946004e+00 -3.30478272e+01 
 1.90546072e+05 -6.71957574e+00 -3.22581009e+01 
 1.94984460e+05 -6.63280041e+00 -3.14854207e+01 
 1.99526231e+05 -6.54896526e+00 -3.07294173e+01 
 2.04173794e+05 -6.46790854e+00 -2.99897296e+01 
 2.08929613e+05 -6.38947518e+00 -2.92660041e+01 
 2.13796209e+05 -6.31351662e+00 -2.85578956e+01 
 2.18776162e+05 -6.23989051e+00 -2.78650662e+01 
 2.23872114e+05 -6.16846051e+00 -2.71871861e+01 
 2.29086765e+05 -6.09909611e+00 -2.65239327e+01 
 2.34422882e+05 -6.03167237e+00 -2.58749911e+01 
 2.39883292e+05 -5.96606981e+00 -2.52400539e+01 
 2.45470892e+05 -5.90217416e+00 -2.46188206e+01 
 2.51188643e+05 -5.83987625e+00 -2.40109982e+01 
 2.57039578e+05 -5.77907185e+00 -2.34163007e+01 
 2.63026799e+05 -5.71966150e+00 -2.28344490e+01 
 2.69153480e+05 -5.66155042e+00 -2.22651706e+01 
 2.75422870e+05 -5.60464832e+00 -2.17081999e+01 
 2.81838293e+05 -5.54886937e+00 -2.11632779e+01 
 2.88403150e+05 -5.49413200e+00 -2.06301518e+01 
 2.95120923e+05 -5.44035886e+00 -2.01085752e+01 
 3.01995172e+05 -5.38747669e+00 -1.95983077e+01 
 3.09029543e+05 -5.33541622e+00 -1.90991151e+01 
 3.16227766e+05 -5.28411210e+00 -1.86107686e+01 
 3.23593657e+05 -5.23350280e+00 -1.81330453e+01 
 3.31131121e+05 -5.18353051e+00 -1.76657279e+01 
 3.38844156e+05 -5.13414107e+00 -1.72086042e+01 
 3.46736850e+05 -5.08528388e+00 -1.67614671e+01 
 3.54813389e+05 -5.03691183e+00 -1.63241146e+01 
 3.63078055e+05 -4.98898117e+00 -1.58963494e+01 
 3.71535229e+05 -4.94145145e+00 -1.54779789e+01 
 3.80189396e+05 -4.89428544e+00 -1.50688149e+01 
 3.89045145e+05 -4.84744899e+00 -1.46686732e+01 
 3.98107171e+05 -4.80091099e+00 -1.42773741e+01 
 4.07380278e+05 -4.75464321e+00 -1.38947414e+01 
 4.16869383e+05 -4.70862023e+00 -1.35206028e+01 
 4.26579519e+05 -4.66281928e+00 -1.31547894e+01 
 4.36515832e+05 -4.61722020e+00 -1.27971357e+01 
 4.46683592e+05 -4.57180521e+00 -1.24474795e+01 
 4.57088190e+05 -4.52655889e+00 -1.21056615e+01 
 4.67735141e+05 -4.48146796e+00 -1.17715252e+01 
 4.78630092e+05 -4.43652117e+00 -1.14449169e+01 
 4.89778819e+05 -4.39170918e+00 -1.11256855e+01 
 5.01187234e+05 -4.34702436e+00 -1.08136823e+01 
 5.12861384e+05 -4.30246068e+00 -1.05087610e+01 
 5.24807460e+05 -4.25801354e+00 -1.02107772e+01 
 5.37031796e+05 -4.21367962e+00 -9.91958902e+00 
 5.49540874e+05 -4.16945670e+00 -9.63505632e+00 
 5.62341325e+05 -4.12534352e+00 -9.35704098e+00 
 5.75439937e+05 -4.08133964e+00 -9.08540673e+00 
 5.88843655e+05 -4.03744524e+00 -8.82001914e+00 
 6.02559586e+05 -3.99366101e+00 -8.56074554e+00 
 6.16595002e+05 -3.94998796e+00 -8.30745500e+00 
 6.30957344e+05 -3.90642732e+00 -8.06001833e+00 
 6.45654229e+05 -3.86298038e+00 -7.81830806e+00 
 6.60693448e+05 -3.81964835e+00 -7.58219845e+00 
 6.76082975e+05 -3.77643227e+00 -7.35156552e+00 
 6.91830971e+05 -3.73333284e+00 -7.12628704e+00 
 7.07945784e+05 -3.69035038e+00 -6.90624260e+00 
 7.24435960e+05 -3.64748471e+00 -6.69131368e+00 
 7.41310241e+05 -3.60473505e+00 -6.48138360e+00 
 7.58577575e+05 -3.56209996e+00 -6.27633771e+00 
 7.76247117e+05 -3.51957729e+00 -6.07606334e+00 
 7.94328235e+05 -3.47716415e+00 -5.88044993e+00 
 8.12830516e+05 -3.43485682e+00 -5.68938909e+00 
 8.31763771e+05 -3.39265078e+00 -5.50277467e+00 
 8.51138038e+05 -3.35054066e+00 -5.32050280e+00 
 8.70963590e+05 -3.30852028e+00 -5.14247201e+00 
 8.91250938e+05 -3.26658263e+00 -4.96858330e+00 
 9.12010839e+05 -3.22471992e+00 -4.79874015e+00 
 9.33254301e+05 -3.18292361e+00 -4.63284866e+00 
 9.54992586e+05 -3.14118442e+00 -4.47081757e+00 
 9.77237221e+05 -3.09949246e+00 -4.31255832e+00 
 1.00000000e+06 -3.05783723e+00 -4.15798511e+00 
 1.02329299e+06 -3.01620774e+00 -4.00701492e+00 
 1.04712855e+06 -2.97459254e+00 -3.85956760e+00 
 1.07151931e+06 -2.93297988e+00 -3.71556585e+00 
 1.09647820e+06 -2.89135774e+00 -3.57493526e+00 
 1.12201845e+06 -2.84971400e+00 -3.43760430e+00 
 1.14815362e+06 -2.80803647e+00 -3.30350436e+00 
 1.17489755e+06 -2.76631306e+00 -3.17256974e+00 
 1.20226443e+06 -2.72453188e+00 -3.04473759e+00 
 1.23026877e+06 -2.68268135e+00 -2.91994793e+00 
 1.25892541e+06 -2.64075032e+00 -2.79814358e+00 
 1.28824955e+06 -2.59872819e+00 -2.67927016e+00 
 1.31825674e+06 -2.55660502e+00 -2.56327597e+00 
 1.34896288e+06 -2.51437166e+00 -2.45011196e+00 
 1.38038426e+06 -2.47201987e+00 -2.33973166e+00 
 1.41253754e+06 -2.42954239e+00 -2.23209108e+00 
 1.44543977e+06 -2.38693310e+00 -2.12714859e+00 
 1.47910839e+06 -2.34418708e+00 -2.02486484e+00 
 1.51356125e+06 -2.30130075e+00 -1.92520266e+00 
 1.54881662e+06 -2.25827189e+00 -1.82812687e+00 
 1.58489319e+06 -2.21509978e+00 -1.73360423e+00 
 1.62181010e+06 -2.17178527e+00 -1.64160323e+00 
 1.65958691e+06 -2.12833079e+00 -1.55209398e+00 
 1.69824365e+06 -2.08474045e+00 -1.46504805e+00 
 1.73780083e+06 -2.04102008e+00 -1.38043831e+00 
 1.77827941e+06 -1.99717724e+00 -1.29823877e+00 
 1.81970086e+06 -1.95322122e+00 -1.21842438e+00 
 1.86208714e+06 -1.90916311e+00 -1.14097095e+00 
 1.90546072e+06 -1.86501572e+00 -1.06585488e+00 
 1.94984460e+06 -1.82079360e+00 -9.93053055e-01 
 1.99526231e+06 -1.77651302e+00 -9.22542670e-01 
 2.04173794e+06 -1.73219186e+00 -8.54301053e-01 
 2.08929613e+06 -1.68784962e+00 -7.88305516e-01 
 2.13796209e+06 -1.64350733e+00 -7.24533203e-01 
 2.18776162e+06 -1.59918744e+00 -6.62960937e-01 
 2.23872114e+06 -1.55491376e+00 -6.03565090e-01 
 2.29086765e+06 -1.51071132e+00 -5.46321446e-01 
 2.34422882e+06 -1.46660631e+00 -4.91205088e-01 
 2.39883292e+06 -1.42262590e+00 -4.38190283e-01 
 2.45470892e+06 -1.37879813e+00 -3.87250391e-01 
 2.51188643e+06 -1.33515181e+00 -3.38357776e-01 
 2.57039578e+06 -1.29171632e+00 -2.91483736e-01 
 2.63026799e+06 -1.24852150e+00 -2.46598444e-01 
 2.69153480e+06 -1.20559750e+00 -2.03670901e-01 
 2.75422870e+06 -1.16297463e+00 -1.62668909e-01 
 2.81838293e+06 -1.12068321e+00 -1.23559047e-01 
 2.88403150e+06 -1.07875340e+00 -8.63066696e-02 
 2.95120923e+06 -1.03721512e+00 -5.08759144e-02 
 3.01995172e+06 -9.96097842e-01 -1.72297208e-02 
 3.09029543e+06 -9.55430490e-01  1.46701368e-02 
 3.16227766e+06 -9.15241308e-01  4.48630064e-02 
 3.23593657e+06 -8.75557735e-01  7.33893054e-02 
 3.31131121e+06 -8.36406292e-01  1.00290458e-01 
 3.38844156e+06 -7.97812478e-01  1.25608823e-01 
 3.46736850e+06 -7.59800675e-01  1.49387620e-01 
 3.54813389e+06 -7.22394059e-01  1.71670839e-01 
 3.63078055e+06 -6.85614524e-01  1.92503156e-01 
 3.71535229e+06 -6.49482622e-01  2.11929835e-01 
 3.80189396e+06 -6.14017495e-01  2.29996636e-01 
 3.89045145e+06 -5.79236839e-01  2.46749713e-01 
 3.98107171e+06 -5.45156864e-01  2.62235514e-01 
 4.07380278e+06 -5.11792265e-01  2.76500682e-01 
 4.16869383e+06 -4.79156208e-01  2.89591956e-01 
 4.26579519e+06 -4.47260322e-01  3.01556075e-01 
 4.36515832e+06 -4.16114696e-01  3.12439676e-01 
 4.46683592e+06 -3.85727887e-01  3.22289212e-01 
 4.57088190e+06 -3.56106941e-01  3.31150853e-01 
 4.67735141e+06 -3.27257407e-01  3.39070408e-01 
 4.78630092e+06 -2.99183371e-01  3.46093242e-01 
 4.89778819e+06 -2.71887487e-01  3.52264201e-01 
 5.01187234e+06 -2.45371017e-01  3.57627541e-01 
 5.12861384e+06 -2.19633872e-01  3.62226865e-01 
 5.24807460e+06 -1.94674659e-01  3.66105060e-01 
 5.37031796e+06 -1.70490729e-01  3.69304246e-01 
 5.49540874e+06 -1.47078228e-01  3.71865723e-01 
 5.62341325e+06 -1.24432154e-01  3.73829934e-01 
 5.75439937e+06 -1.02546404e-01  3.75236419e-01 
 5.88843655e+06 -8.14138345e-02  3.76123787e-01 
 6.02559586e+06 -6.10263133e-02  3.76529685e-01 
 6.16595002e+06 -4.13747753e-02  3.76490777e-01 
 6.30957344e+06 -2.24492766e-02  3.76042719e-01 
 6.45654229e+06 -4.23904690e-03  3.75220151e-01 
 6.60693448e+06  1.32674579e-02  3.74056676e-01 
 6.76082975e+06  3.00825056e-02  3.72584862e-01 
 6.91830971e+06  4.62190387e-02  3.70836225e-01 
 7.07945784e+06  6.16906275e-02  3.68841235e-01 
 7.24435960e+06  7.65114248e-02  3.66629312e-01 
 7.41310241e+06  9.06961223e-02  3.64228827e-01 
 7.58577575e+06  1.04259910e-01  3.61667105e-01 
 7.76247117e+06  1.17218435e-01  3.58970429e-01 
 7.94328235e+06  1.29587765e-01  3.56164048e-01 
 8.12830516e+06  1.41384355e-01  3.53272180e-01 
 8.31763771e+06  1.52625006e-01  3.50318021e-01 
 8.51138038e+06  1.63326840e-01  3.47323751e-01 
 8.70963590e+06  1.73507262e-01  3.44310542e-01 
 8.91250938e+06  1.83183933e-01  3.41298564e-01 
 9.12010839e+06  1.92374741e-01  3.38306994e-01 
 9.33254301e+06  2.01097770e-01  3.35354023e-01 
 9.54992586e+06  2.09371273e-01  3.32456863e-01 
 9.77237221e+06  2.17213643e-01  3.29631753e-01 
 1.00000000e+07  2.24643388e-01  3.26893967e-01 
 1.02329299e+07  2.31679098e-01  3.24257819e-01 
 1.04712855e+07  2.38339423e-01  3.21736673e-01 
 1.07151931e+07  2.44643042e-01  3.19342947e-01 
 1.09647820e+07  2.50608634e-01  3.17088118e-01 
 1.12201845e+07  2.56254850e-01  3.14982737e-01 
 1.14815362e+07  2.61600280e-01  3.13036429e-01 
 1.17489755e+07  2.66663429e-01  3.11257907e-01 
 1.20226443e+07  2.71462680e-01  3.09654978e-01 
 1.23026877e+07  2.76016265e-01  3.08234559e-01 
 1.25892541e+07  2.80342233e-01  3.07002683e-01 
 1.28824955e+07  2.84458417e-01  3.05964518e-01 
 1.31825674e+07  2.88382402e-01  3.05124379e-01 
 1.34896288e+07  2.92131490e-01  3.04485747e-01 
 1.38038426e+07  2.95722671e-01  3.04051287e-01 
 1.41253754e+07  2.99172584e-01  3.03822871e-01 
 1.44543977e+07  3.02497491e-01  3.03801598e-01 
 1.47910839e+07  3.05713244e-01  3.03987823e-01 
 1.51356125e+07  3.08835249e-01  3.04381182e-01 
 1.54881662e+07  3.11878442e-01  3.04980623e-01 
 1.58489319e+07  3.14857259e-01  3.05784440e-01 
 1.62181010e+07  3.17785609e-01  3.06790303e-01 
 1.65958691e+07  3.20676848e-01  3.07995297e-01 
 1.69824365e+07  3.23543757e-01  3.09395961e-01 
 1.73780083e+07  3.26398522e-01  3.10988326e-01 
 1.77827941e+07  3.29252716e-01  3.12767955e-01 
 1.81970086e+07  3.32117280e-01  3.14729991e-01 
 1.86208714e+07  3.35002518e-01  3.16869197e-01 
 1.90546072e+07  3.37918079e-01  3.19180002e-01 
 1.94984460e+07  3.40872955e-01  3.21656547e-01 
 1.99526231e+07  3.43875478e-01  3.24292730e-01 
 2.04173794e+07  3.46933319e-01  3.27082254e-01 
 2.08929613e+07  3.50053490e-01  3.30018671e-01 
 2.13796209e+07  3.53242354e-01  3.33095430e-01 
 2.18776162e+07  3.56505631e-01  3.36305920e-01 
 2.23872114e+07  3.59848415e-01  3.39643514e-01 
 2.29086765e+07  3.63275186e-01  3.43101611e-01 
 2.34422882e+07  3.66789833e-01  3.46673679e-01 
 2.39883292e+07  3.70395677e-01  3.50353293e-01 
 2.45470892e+07  3.74095490e-01  3.54134168e-01 
 2.51188643e+07  3.77891530e-01  3.58010200e-01 
 2.57039578e+07  3.81785566e-01  3.61975493e-01 
 2.63026799e+07  3.85778913e-01  3.66024388e-01 
 2.69153480e+07  3.89872462e-01  3.70151493e-01 
 2.75422870e+07  3.94066720e-01  3.74351699e-01 
 2.81838293e+07  3.98361843e-01  3.78620206e-01 
 2.88403150e+07  4.02757676e-01  3.82952536e-01 
 2.95120923e+07  4.07253788e-01  3.87344543e-01 
 3.01995172e+07  4.11849514e-01  3.91792428e-01 
 3.09029543e+07  4.16543990e-01  3.96292740e-01 
 3.16227766e+07  4.21336193e-01  4.00842379e-01 
 3.23593657e+07  4.26224978e-01  4.05438597e-01 
 3.31131121e+07  4.31209113e-01  4.10078991e-01 
 3.38844156e+07  4.36287315e-01  4.14761496e-01 
 3.46736850e+07  4.41458281e-01  4.19484378e-01 
 3.54813389e+07  4.46720722e-01  4.24246216e-01 
 3.63078055e+07  4.52073393e-01  4.29045890e-01 
 3.71535229e+07  4.57515113e-01  4.33882561e-01 
 3.80189396e+07  4.63044800e-01  4.38755654e-01 
 3.89045145e+07  4.68661482e-01  4.43664835e-01 
 3.98107171e+07  4.74364324e-01  4.48609990e-01 
 4.07380278e+07  4.80152642e-01  4.53591200e-01 
 4.16869383e+07  4.86025914e-01  4.58608718e-01 
 4.26579519e+07  4.91983794e-01  4.63662944e-01 
 4.36515832e+07  4.98026118e-01  4.68754402e-01 
 4.46683592e+07  5.04152911e-01  4.73883714e-01 
 4.57088190e+07  5.10364388e-01  4.79051576e-01 
 4.67735141e+07  5.16660956e-01  4.84258737e-01 
 4.78630092e+07  5.23043211e-01  4.89505977e-01 
 4.89778819e+07  5.29511934e-01  4.94794082e-01 
 5.01187234e+07  5.36068087e-01  5.00123833e-01 
 5.12861384e+07  5.42712804e-01  5.05495979e-01 
 5.24807460e+07  5.49447383e-01  5.10911228e-01 
 5.37031796e+07  5.56273279e-01  5.16370228e-01 
 5.49540874e+07  5.63192087e-01  5.21873557e-01 
 5.62341325e+07  5.70205539e-01  5.27421712e-01 
 5.75439937e+07  5.77315487e-01  5.33015098e-01 
 5.88843655e+07  5.84523892e-01  5.38654022e-01 
 6.02559586e+07  5.91832815e-01  5.44338690e-01 
 6.16595002e+07  5.99244406e-01  5.50069196e-01 
 6.30957344e+07  6.06760891e-01  5.55845527e-01 
 6.45654229e+07  6.14384562e-01  5.61667557e-01 
 6.60693448e+07  6.22117771e-01  5.67535048e-01 
 6.76082975e+07  6.29962920e-01  5.73447649e-01 
 6.91830971e+07  6.37922454e-01  5.79404904e-01 
 7.07945784e+07  6.45998852e-01  5.85406243e-01 
 7.24435960e+07  6.54194629e-01  5.91450996e-01 
 7.41310241e+07  6.62512326e-01  5.97538387e-01 
 7.58577575e+07  6.70954507e-01  6.03667543e-01 
 7.76247117e+07  6.79523764e-01  6.09837493e-01 
 7.94328235e+07  6.88222708e-01  6.16047171e-01 
 8.12830516e+07  6.97053974e-01  6.22295419e-01 
 8.31763771e+07  7.06020221e-01  6.28580987e-01 
 8.51138038e+07  7.15124134e-01  6.34902536e-01 
 8.70963590e+07  7.24368427e-01  6.41258634e-01 
 8.91250938e+07  7.33755842e-01  6.47647761e-01 
 9.12010839e+07  7.43289158e-01  6.54068300e-01 
 9.33254301e+07  7.52971191e-01  6.60518540e-01 
 9.54992586e+07  7.62804796e-01  6.66996669e-01 
 9.77237221e+07  7.72792874e-01  6.73500769e-01 
 1.00000000e+08  7.82938375e-01  6.80028812e-01 
 1.02329299e+08  7.93244295e-01  6.86578652e-01 
 1.04712855e+08  8.03713685e-01  6.93148017e-01 
 1.07151931e+08  8.14349652e-01  6.99734501e-01 
 1.09647820e+08  8.25155354e-01  7.06335553e-01 
 1.12201845e+08  8.36134007e-01  7.12948470e-01 
 1.14815362e+08  8.47288882e-01  7.19570379e-01 
 1.17489755e+08  8.58623303e-01  7.26198235e-01 
 1.20226443e+08  8.70140642e-01  7.32828800e-01 
 1.23026877e+08  8.81844322e-01  7.39458635e-01 
 1.25892541e+08  8.93737803e-01  7.46084087e-01 
 1.28824955e+08  9.05824585e-01  7.52701272e-01 
 1.31825674e+08  9.18108192e-01  7.59306067e-01 
 1.34896288e+08  9.30592172e-01  7.65894091e-01 
 1.38038426e+08  9.43280077e-01  7.72460696e-01 
 1.41253754e+08  9.56175463e-01  7.79000949e-01 
 1.44543977e+08  9.69281867e-01  7.85509621e-01 
 1.47910839e+08  9.82602799e-01  7.91981176e-01 
 1.51356125e+08  9.96141724e-01  7.98409752e-01 
 1.54881662e+08  1.00990205e+00  8.04789156e-01 
 1.58489319e+08  1.02388709e+00  8.11112847e-01 
 1.62181010e+08  1.03810007e+00  8.17373925e-01 
 1.65958691e+08  1.05254410e+00  8.23565126e-01 
 1.69824365e+08  1.06722213e+00  8.29678805e-01 
 1.73780083e+08  1.08213694e+00  8.35706934e-01 
 1.77827941e+08  1.09729112e+00  8.41641091e-01 
 1.81970086e+08  1.11268705e+00  8.47472457e-01 
 1.86208714e+08  1.12832682e+00  8.53191807e-01 
 1.90546072e+08  1.14421226e+00  8.58789515e-01 
 1.94984460e+08  1.16034488e+00  8.64255548e-01 
 1.99526231e+08  1.17672584e+00  8.69579466e-01 
 2.04173794e+08  1.19335590e+00  8.74750433e-01 
 2.08929613e+08  1.21023541e+00  8.79757216e-01 
 2.13796209e+08  1.22736425e+00  8.84588199e-01 
 2.18776162e+08  1.24474179e+00  8.89231393e-01 
 2.23872114e+08  1.26236689e+00  8.93674452e-01 
 2.29086765e+08  1.28023780e+00  8.97904691e-01 
 2.34422882e+08  1.29835218e+00  9.01909110e-01 
 2.39883292e+08  1.31670699e+00  9.05674420e-01 
 2.45470892e+08  1.33529852e+00  9.09187072e-01 
 2.51188643e+08  1.35412233e+00  9.12433291e-01 
 2.57039578e+08  1.37317316e+00  9.15399118e-01 
 2.63026799e+08  1.39244498e+00  9.18070449e-01 
 2.69153480e+08  1.41193089e+00  9.20433084e-01 
 2.75422870e+08  1.43162312e+00  9.22472781e-01 
 2.81838293e+08  1.45151297e+00  9.24175306e-01 
 2.88403150e+08  1.47159084e+00  9.25526501e-01 
 2.95120923e+08  1.49184613e+00  9.26512340e-01 
 3.01995172e+08  1.51226730e+00  9.27119006e-01 
 3.09029543e+08  1.53284182e+00  9.27332952e-01 
 3.16227766e+08  1.55355614e+00  9.27140988e-01 
 3.23593657e+08  1.57439575e+00  9.26530347e-01 
 3.31131121e+08  1.59534512e+00  9.25488773e-01 
 3.38844156e+08  1.61638776e+00  9.24004597e-01 
 3.46736850e+08  1.63750622e+00  9.22066822e-01 
 3.54813389e+08  1.65868212e+00  9.19665209e-01 
 3.63078055e+08  1.67989617e+00  9.16790351e-01 
 3.71535229e+08  1.70112826e+00  9.13433765e-01 
 3.80189396e+08  1.72235743e+00  9.09587964e-01 
 3.89045145e+08  1.74356201e+00  9.05246539e-01 
 3.98107171e+08  1.76471962e+00  9.00404229e-01 
 4.07380278e+08  1.78580730e+00  8.95056994e-01 
 4.16869383e+08  1.80680156e+00  8.89202075e-01 
 4.26579519e+08  1.82767844e+00  8.82838059e-01 
 4.36515832e+08  1.84841367e+00  8.75964923e-01 
 4.46683592e+08  1.86898272e+00  8.68584083e-01 
 4.57088190e+08  1.88936092e+00  8.60698428e-01 
 4.67735141e+08  1.90952356e+00  8.52312349e-01 
 4.78630092e+08  1.92944604e+00  8.43431756e-01 
 4.89778819e+08  1.94910392e+00  8.34064083e-01 
 5.01187234e+08  1.96847310e+00  8.24218294e-01 
 5.12861384e+08  1.98752990e+00  8.13904861e-01 
 5.24807460e+08  2.00625121e+00  8.03135750e-01 
 5.37031796e+08  2.02461455e+00  7.91924381e-01 
 5.49540874e+08  2.04259827e+00  7.80285588e-01 
 5.62341325e+08  2.06018157e+00  7.68235565e-01 
 5.75439937e+08  2.07734466e+00  7.55791798e-01 
 5.88843655e+08  2.09406887e+00  7.42972998e-01 
 6.02559586e+08  2.11033669e+00  7.29799014e-01 
 6.16595002e+08  2.12613192e+00  7.16290743e-01 
 6.30957344e+08  2.14143969e+00  7.02470033e-01 
 6.45654229e+08  2.15624658e+00  6.88359578e-01 
 6.60693448e+08  2.17054066e+00  6.73982808e-01 
 6.76082975e+08  2.18431152e+00  6.59363769e-01 
 6.91830971e+08  2.19755034e+00  6.44527012e-01 
 7.07945784e+08  2.21024993e+00  6.29497462e-01 
 7.24435960e+08  2.22240469e+00  6.14300302e-01 
 7.41310241e+08  2.23401068e+00  5.98960842e-01 
 7.58577575e+08  2.24506560e+00  5.83504401e-01 
 7.76247117e+08  2.25556873e+00  5.67956181e-01 
 7.94328235e+08  2.26552098e+00  5.52341148e-01 
 8.12830516e+08  2.27492481e+00  5.36683918e-01 
 8.31763771e+08  2.28378419e+00  5.21008643e-01 
 8.51138038e+08  2.29210455e+00  5.05338905e-01 
 8.70963590e+08  2.29989271e+00  4.89697616e-01 
 8.91250938e+08  2.30715686e+00  4.74106928e-01 
 9.12010839e+08  2.31390639e+00  4.58588141e-01 
 9.33254301e+08  2.32015191e+00  4.43161630e-01 
 9.54992586e+08  2.32590508e+00  4.27846773e-01 
 9.77237221e+08  2.33117860e+00  4.12661893e-01 
 1.00000000e+09  2.33598603e+00  3.97624201e-01 
