 frequency       lr              li             
 1.00000000e+00  4.67599077e+02 -1.13609425e-01 
 1.02329299e+00  4.67599076e+02 -1.16255728e-01 
 1.04712855e+00  4.67599074e+02 -1.18963672e-01 
 1.07151931e+00  4.67599073e+02 -1.21734691e-01 
 1.09647820e+00  4.67599071e+02 -1.24570256e-01 
 1.12201845e+00  4.67599070e+02 -1.27471870e-01 
 1.14815362e+00  4.67599068e+02 -1.30441071e-01 
 1.17489755e+00  4.67599066e+02 -1.33479433e-01 
 1.20226443e+00  4.67599065e+02 -1.36588568e-01 
 1.23026877e+00  4.67599063e+02 -1.39770124e-01 
 1.25892541e+00  4.67599061e+02 -1.43025788e-01 
 1.28824955e+00  4.67599059e+02 -1.46357285e-01 
 1.31825674e+00  4.67599057e+02 -1.49766384e-01 
 1.34896288e+00  4.67599054e+02 -1.53254890e-01 
 1.38038426e+00  4.67599052e+02 -1.56824655e-01 
 1.41253754e+00  4.67599049e+02 -1.60477569e-01 
 1.44543977e+00  4.67599047e+02 -1.64215571e-01 
 1.47910839e+00  4.67599044e+02 -1.68040642e-01 
 1.51356125e+00  4.67599041e+02 -1.71954810e-01 
 1.54881662e+00  4.67599038e+02 -1.75960151e-01 
 1.58489319e+00  4.67599035e+02 -1.80058789e-01 
 1.62181010e+00  4.67599032e+02 -1.84252895e-01 
 1.65958691e+00  4.67599029e+02 -1.88544695e-01 
 1.69824365e+00  4.67599025e+02 -1.92936464e-01 
 1.73780083e+00  4.67599021e+02 -1.97430530e-01 
 1.77827941e+00  4.67599017e+02 -2.02029276e-01 
 1.81970086e+00  4.67599013e+02 -2.06735140e-01 
 1.86208714e+00  4.67599009e+02 -2.11550619e-01 
 1.90546072e+00  4.67599004e+02 -2.16478263e-01 
 1.94984460e+00  4.67599000e+02 -2.21520688e-01 
 1.99526231e+00  4.67598995e+02 -2.26680565e-01 
 2.04173794e+00  4.67598990e+02 -2.31960631e-01 
 2.08929613e+00  4.67598984e+02 -2.37363685e-01 
 2.13796209e+00  4.67598978e+02 -2.42892593e-01 
 2.18776162e+00  4.67598972e+02 -2.48550285e-01 
 2.23872114e+00  4.67598966e+02 -2.54339762e-01 
 2.29086765e+00  4.67598960e+02 -2.60264092e-01 
 2.34422882e+00  4.67598953e+02 -2.66326418e-01 
 2.39883292e+00  4.67598946e+02 -2.72529953e-01 
 2.45470892e+00  4.67598938e+02 -2.78877986e-01 
 2.51188643e+00  4.67598930e+02 -2.85373884e-01 
 2.57039578e+00  4.67598922e+02 -2.92021091e-01 
 2.63026799e+00  4.67598914e+02 -2.98823130e-01 
 2.69153480e+00  4.67598905e+02 -3.05783609e-01 
 2.75422870e+00  4.67598895e+02 -3.12906218e-01 
 2.81838293e+00  4.67598885e+02 -3.20194734e-01 
 2.88403150e+00  4.67598875e+02 -3.27653020e-01 
 2.95120923e+00  4.67598864e+02 -3.35285032e-01 
 3.01995172e+00  4.67598853e+02 -3.43094815e-01 
 3.09029543e+00  4.67598841e+02 -3.51086511e-01 
 3.16227766e+00  4.67598829e+02 -3.59264357e-01 
 3.23593657e+00  4.67598816e+02 -3.67632688e-01 
 3.31131121e+00  4.67598802e+02 -3.76195943e-01 
 3.38844156e+00  4.67598788e+02 -3.84958660e-01 
 3.46736850e+00  4.67598773e+02 -3.93925487e-01 
 3.54813389e+00  4.67598757e+02 -4.03101177e-01 
 3.63078055e+00  4.67598741e+02 -4.12490595e-01 
 3.71535229e+00  4.67598724e+02 -4.22098720e-01 
 3.80189396e+00  4.67598706e+02 -4.31930645e-01 
 3.89045145e+00  4.67598687e+02 -4.41991585e-01 
 3.98107171e+00  4.67598667e+02 -4.52286872e-01 
 4.07380278e+00  4.67598647e+02 -4.62821967e-01 
 4.16869383e+00  4.67598625e+02 -4.73602453e-01 
 4.26579519e+00  4.67598602e+02 -4.84634047e-01 
 4.36515832e+00  4.67598579e+02 -4.95922599e-01 
 4.46683592e+00  4.67598554e+02 -5.07474094e-01 
 4.57088190e+00  4.67598528e+02 -5.19294655e-01 
 4.67735141e+00  4.67598501e+02 -5.31390551e-01 
 4.78630092e+00  4.67598472e+02 -5.43768194e-01 
 4.89778819e+00  4.67598442e+02 -5.56434147e-01 
 5.01187234e+00  4.67598411e+02 -5.69395125e-01 
 5.12861384e+00  4.67598379e+02 -5.82658001e-01 
 5.24807460e+00  4.67598344e+02 -5.96229805e-01 
 5.37031796e+00  4.67598309e+02 -6.10117735e-01 
 5.49540874e+00  4.67598271e+02 -6.24329153e-01 
 5.62341325e+00  4.67598232e+02 -6.38871593e-01 
 5.75439937e+00  4.67598191e+02 -6.53752767e-01 
 5.88843655e+00  4.67598148e+02 -6.68980563e-01 
 6.02559586e+00  4.67598103e+02 -6.84563057e-01 
 6.16595002e+00  4.67598055e+02 -7.00508508e-01 
 6.30957344e+00  4.67598006e+02 -7.16825371e-01 
 6.45654229e+00  4.67597954e+02 -7.33522298e-01 
 6.60693448e+00  4.67597900e+02 -7.50608140e-01 
 6.76082975e+00  4.67597843e+02 -7.68091957e-01 
 6.91830971e+00  4.67597784e+02 -7.85983017e-01 
 7.07945784e+00  4.67597722e+02 -8.04290807e-01 
 7.24435960e+00  4.67597657e+02 -8.23025031e-01 
 7.41310241e+00  4.67597588e+02 -8.42195624e-01 
 7.58577575e+00  4.67597517e+02 -8.61812749e-01 
 7.76247117e+00  4.67597442e+02 -8.81886806e-01 
 7.94328235e+00  4.67597364e+02 -9.02428437e-01 
 8.12830516e+00  4.67597282e+02 -9.23448534e-01 
 8.31763771e+00  4.67597195e+02 -9.44958239e-01 
 8.51138038e+00  4.67597106e+02 -9.66968958e-01 
 8.70963590e+00  4.67597011e+02 -9.89492359e-01 
 8.91250938e+00  4.67596913e+02 -1.01254038e+00 
 9.12010839e+00  4.67596810e+02 -1.03612525e+00 
 9.33254301e+00  4.67596701e+02 -1.06025946e+00 
 9.54992586e+00  4.67596588e+02 -1.08495582e+00 
 9.77237221e+00  4.67596470e+02 -1.11022740e+00 
 1.00000000e+01  4.67596345e+02 -1.13608762e+00 
 1.02329299e+01  4.67596215e+02 -1.16255018e+00 
 1.04712855e+01  4.67596079e+02 -1.18962910e+00 
 1.07151931e+01  4.67595937e+02 -1.21733875e+00 
 1.09647820e+01  4.67595787e+02 -1.24569382e+00 
 1.12201845e+01  4.67595631e+02 -1.27470933e+00 
 1.14815362e+01  4.67595467e+02 -1.30440066e+00 
 1.17489755e+01  4.67595296e+02 -1.33478357e+00 
 1.20226443e+01  4.67595116e+02 -1.36587415e+00 
 1.23026877e+01  4.67594929e+02 -1.39768888e+00 
 1.25892541e+01  4.67594732e+02 -1.43024464e+00 
 1.28824955e+01  4.67594525e+02 -1.46355867e+00 
 1.31825674e+01  4.67594310e+02 -1.49764864e+00 
 1.34896288e+01  4.67594084e+02 -1.53253262e+00 
 1.38038426e+01  4.67593847e+02 -1.56822910e+00 
 1.41253754e+01  4.67593599e+02 -1.60475700e+00 
 1.44543977e+01  4.67593340e+02 -1.64213568e+00 
 1.47910839e+01  4.67593068e+02 -1.68038495e+00 
 1.51356125e+01  4.67592784e+02 -1.71952510e+00 
 1.54881662e+01  4.67592486e+02 -1.75957687e+00 
 1.58489319e+01  4.67592174e+02 -1.80056148e+00 
 1.62181010e+01  4.67591847e+02 -1.84250065e+00 
 1.65958691e+01  4.67591505e+02 -1.88541663e+00 
 1.69824365e+01  4.67591147e+02 -1.92933215e+00 
 1.73780083e+01  4.67590772e+02 -1.97427049e+00 
 1.77827941e+01  4.67590379e+02 -2.02025545e+00 
 1.81970086e+01  4.67589968e+02 -2.06731143e+00 
 1.86208714e+01  4.67589538e+02 -2.11546336e+00 
 1.90546072e+01  4.67589087e+02 -2.16473674e+00 
 1.94984460e+01  4.67588615e+02 -2.21515770e+00 
 1.99526231e+01  4.67588121e+02 -2.26675296e+00 
 2.04173794e+01  4.67587603e+02 -2.31954985e+00 
 2.08929613e+01  4.67587061e+02 -2.37357636e+00 
 2.13796209e+01  4.67586493e+02 -2.42886110e+00 
 2.18776162e+01  4.67585899e+02 -2.48543339e+00 
 2.23872114e+01  4.67585277e+02 -2.54332319e+00 
 2.29086765e+01  4.67584625e+02 -2.60256117e+00 
 2.34422882e+01  4.67583943e+02 -2.66317872e+00 
 2.39883292e+01  4.67583228e+02 -2.72520796e+00 
 2.45470892e+01  4.67582480e+02 -2.78868175e+00 
 2.51188643e+01  4.67581696e+02 -2.85363371e+00 
 2.57039578e+01  4.67580876e+02 -2.92009826e+00 
 2.63026799e+01  4.67580017e+02 -2.98811060e+00 
 2.69153480e+01  4.67579117e+02 -3.05770675e+00 
 2.75422870e+01  4.67578175e+02 -3.12892359e+00 
 2.81838293e+01  4.67577189e+02 -3.20179884e+00 
 2.88403150e+01  4.67576156e+02 -3.27637108e+00 
 2.95120923e+01  4.67575075e+02 -3.35267981e+00 
 3.01995172e+01  4.67573942e+02 -3.43076545e+00 
 3.09029543e+01  4.67572757e+02 -3.51066934e+00 
 3.16227766e+01  4.67571515e+02 -3.59243380e+00 
 3.23593657e+01  4.67570215e+02 -3.67610212e+00 
 3.31131121e+01  4.67568853e+02 -3.76171859e+00 
 3.38844156e+01  4.67567428e+02 -3.84932854e+00 
 3.46736850e+01  4.67565935e+02 -3.93897835e+00 
 3.54813389e+01  4.67564372e+02 -4.03071547e+00 
 3.63078055e+01  4.67562735e+02 -4.12458847e+00 
 3.71535229e+01  4.67561022e+02 -4.22064701e+00 
 3.80189396e+01  4.67559227e+02 -4.31894193e+00 
 3.89045145e+01  4.67557348e+02 -4.41952526e+00 
 3.98107171e+01  4.67555380e+02 -4.52245020e+00 
 4.07380278e+01  4.67553319e+02 -4.62777122e+00 
 4.16869383e+01  4.67551162e+02 -4.73554401e+00 
 4.26579519e+01  4.67548902e+02 -4.84582559e+00 
 4.36515832e+01  4.67546537e+02 -4.95867430e+00 
 4.46683592e+01  4.67544060e+02 -5.07414979e+00 
 4.57088190e+01  4.67541466e+02 -5.19231313e+00 
 4.67735141e+01  4.67538750e+02 -5.31322678e+00 
 4.78630092e+01  4.67535906e+02 -5.43695468e+00 
 4.89778819e+01  4.67532928e+02 -5.56356220e+00 
 5.01187234e+01  4.67529809e+02 -5.69311625e+00 
 5.12861384e+01  4.67526544e+02 -5.82568530e+00 
 5.24807460e+01  4.67523125e+02 -5.96133936e+00 
 5.37031796e+01  4.67519545e+02 -6.10015010e+00 
 5.49540874e+01  4.67515796e+02 -6.24219081e+00 
 5.62341325e+01  4.67511870e+02 -6.38753651e+00 
 5.75439937e+01  4.67507760e+02 -6.53626390e+00 
 5.88843655e+01  4.67503456e+02 -6.68845150e+00 
 6.02559586e+01  4.67498949e+02 -6.84417959e+00 
 6.16595002e+01  4.67494230e+02 -7.00353035e+00 
 6.30957344e+01  4.67489288e+02 -7.16658781e+00 
 6.45654229e+01  4.67484114e+02 -7.33343795e+00 
 6.60693448e+01  4.67478696e+02 -7.50416873e+00 
 6.76082975e+01  4.67473023e+02 -7.67887013e+00 
 6.91830971e+01  4.67467083e+02 -7.85763419e+00 
 7.07945784e+01  4.67460863e+02 -8.04055506e+00 
 7.24435960e+01  4.67454349e+02 -8.22772905e+00 
 7.41310241e+01  4.67447530e+02 -8.41925470e+00 
 7.58577575e+01  4.67440389e+02 -8.61523279e+00 
 7.76247117e+01  4.67432911e+02 -8.81576637e+00 
 7.94328235e+01  4.67425081e+02 -9.02096091e+00 
 8.12830516e+01  4.67416883e+02 -9.23092425e+00 
 8.31763771e+01  4.67408299e+02 -9.44576670e+00 
 8.51138038e+01  4.67399310e+02 -9.66560107e+00 
 8.70963590e+01  4.67389899e+02 -9.89054276e+00 
 8.91250938e+01  4.67380044e+02 -1.01207098e+01 
 9.12010839e+01  4.67369725e+02 -1.03562229e+01 
 9.33254301e+01  4.67358920e+02 -1.05972054e+01 
 9.54992586e+01  4.67347606e+02 -1.08437836e+01 
 9.77237221e+01  4.67335761e+02 -1.10960867e+01 
 1.00000000e+02  4.67323357e+02 -1.13542465e+01 
 1.02329299e+02  4.67310369e+02 -1.16183981e+01 
 1.04712855e+02  4.67296770e+02 -1.18886795e+01 
 1.07151931e+02  4.67282531e+02 -1.21652319e+01 
 1.09647820e+02  4.67267622e+02 -1.24481996e+01 
 1.12201845e+02  4.67252012e+02 -1.27377300e+01 
 1.14815362e+02  4.67235666e+02 -1.30339741e+01 
 1.17489755e+02  4.67218552e+02 -1.33370860e+01 
 1.20226443e+02  4.67200632e+02 -1.36472234e+01 
 1.23026877e+02  4.67181870e+02 -1.39645475e+01 
 1.25892541e+02  4.67162224e+02 -1.42892230e+01 
 1.28824955e+02  4.67141655e+02 -1.46214182e+01 
 1.31825674e+02  4.67120118e+02 -1.49613053e+01 
 1.34896288e+02  4.67097568e+02 -1.53090601e+01 
 1.38038426e+02  4.67073958e+02 -1.56648624e+01 
 1.41253754e+02  4.67049238e+02 -1.60288960e+01 
 1.44543977e+02  4.67023356e+02 -1.64013484e+01 
 1.47910839e+02  4.66996256e+02 -1.67824114e+01 
 1.51356125e+02  4.66967883e+02 -1.71722810e+01 
 1.54881662e+02  4.66938177e+02 -1.75711575e+01 
 1.58489319e+02  4.66907074e+02 -1.79792452e+01 
 1.62181010e+02  4.66874510e+02 -1.83967530e+01 
 1.65958691e+02  4.66840417e+02 -1.88238943e+01 
 1.69824365e+02  4.66804721e+02 -1.92608869e+01 
 1.73780083e+02  4.66767350e+02 -1.97079534e+01 
 1.77827941e+02  4.66728224e+02 -2.01653209e+01 
 1.81970086e+02  4.66687260e+02 -2.06332213e+01 
 1.86208714e+02  4.66644374e+02 -2.11118913e+01 
 1.90546072e+02  4.66599475e+02 -2.16015728e+01 
 1.94984460e+02  4.66552470e+02 -2.21025122e+01 
 1.99526231e+02  4.66503259e+02 -2.26149612e+01 
 2.04173794e+02  4.66451740e+02 -2.31391768e+01 
 2.08929613e+02  4.66397805e+02 -2.36754208e+01 
 2.13796209e+02  4.66341342e+02 -2.42239605e+01 
 2.18776162e+02  4.66282232e+02 -2.47850684e+01 
 2.23872114e+02  4.66220353e+02 -2.53590226e+01 
 2.29086765e+02  4.66155574e+02 -2.59461061e+01 
 2.34422882e+02  4.66087763e+02 -2.65466080e+01 
 2.39883292e+02  4.66016776e+02 -2.71608224e+01 
 2.45470892e+02  4.65942468e+02 -2.77890494e+01 
 2.51188643e+02  4.65864682e+02 -2.84315944e+01 
 2.57039578e+02  4.65783259e+02 -2.90887685e+01 
 2.63026799e+02  4.65698028e+02 -2.97608887e+01 
 2.69153480e+02  4.65608814e+02 -3.04482773e+01 
 2.75422870e+02  4.65515433e+02 -3.11512627e+01 
 2.81838293e+02  4.65417690e+02 -3.18701787e+01 
 2.88403150e+02  4.65315385e+02 -3.26053650e+01 
 2.95120923e+02  4.65208307e+02 -3.33571670e+01 
 3.01995172e+02  4.65096235e+02 -3.41259357e+01 
 3.09029543e+02  4.64978939e+02 -3.49120278e+01 
 3.16227766e+02  4.64856178e+02 -3.57158056e+01 
 3.23593657e+02  4.64727702e+02 -3.65376370e+01 
 3.31131121e+02  4.64593246e+02 -3.73778954e+01 
 3.38844156e+02  4.64452538e+02 -3.82369594e+01 
 3.46736850e+02  4.64305288e+02 -3.91152131e+01 
 3.54813389e+02  4.64151200e+02 -4.00130459e+01 
 3.63078055e+02  4.63989959e+02 -4.09308519e+01 
 3.71535229e+02  4.63821238e+02 -4.18690303e+01 
 3.80189396e+02  4.63644698e+02 -4.28279851e+01 
 3.89045145e+02  4.63459982e+02 -4.38081246e+01 
 3.98107171e+02  4.63266717e+02 -4.48098615e+01 
 4.07380278e+02  4.63064518e+02 -4.58336127e+01 
 4.16869383e+02  4.62852977e+02 -4.68797984e+01 
 4.26579519e+02  4.62631674e+02 -4.79488427e+01 
 4.36515832e+02  4.62400168e+02 -4.90411727e+01 
 4.46683592e+02  4.62158000e+02 -5.01572178e+01 
 4.57088190e+02  4.61904690e+02 -5.12974104e+01 
 4.67735141e+02  4.61639739e+02 -5.24621841e+01 
 4.78630092e+02  4.61362627e+02 -5.36519743e+01 
 4.89778819e+02  4.61072811e+02 -5.48672169e+01 
 5.01187234e+02  4.60769726e+02 -5.61083481e+01 
 5.12861384e+02  4.60452784e+02 -5.73758037e+01 
 5.24807460e+02  4.60121373e+02 -5.86700185e+01 
 5.37031796e+02  4.59774852e+02 -5.99914250e+01 
 5.49540874e+02  4.59412559e+02 -6.13404534e+01 
 5.62341325e+02  4.59033803e+02 -6.27175300e+01 
 5.75439937e+02  4.58637866e+02 -6.41230769e+01 
 5.88843655e+02  4.58223999e+02 -6.55575104e+01 
 6.02559586e+02  4.57791427e+02 -6.70212403e+01 
 6.16595002e+02  4.57339343e+02 -6.85146687e+01 
 6.30957344e+02  4.56866908e+02 -7.00381881e+01 
 6.45654229e+02  4.56373253e+02 -7.15921812e+01 
 6.60693448e+02  4.55857473e+02 -7.31770186e+01 
 6.76082975e+02  4.55318634e+02 -7.47930577e+01 
 6.91830971e+02  4.54755763e+02 -7.64406405e+01 
 7.07945784e+02  4.54167853e+02 -7.81200930e+01 
 7.24435960e+02  4.53553862e+02 -7.98317218e+01 
 7.41310241e+02  4.52912711e+02 -8.15758137e+01 
 7.58577575e+02  4.52243283e+02 -8.33526326e+01 
 7.76247117e+02  4.51544422e+02 -8.51624179e+01 
 7.94328235e+02  4.50814934e+02 -8.70053816e+01 
 8.12830516e+02  4.50053588e+02 -8.88817066e+01 
 8.31763771e+02  4.49259111e+02 -9.07915437e+01 
 8.51138038e+02  4.48430191e+02 -9.27350089e+01 
 8.70963590e+02  4.47565476e+02 -9.47121809e+01 
 8.91250938e+02  4.46663573e+02 -9.67230976e+01 
 9.12010839e+02  4.45723051e+02 -9.87677538e+01 
 9.33254301e+02  4.44742437e+02 -1.00846097e+02 
 9.54992586e+02  4.43720221e+02 -1.02958026e+02 
 9.77237221e+02  4.42654850e+02 -1.05103384e+02 
 1.00000000e+03  4.41544737e+02 -1.07281958e+02 
 1.02329299e+03  4.40388256e+02 -1.09493474e+02 
 1.04712855e+03  4.39183744e+02 -1.11737595e+02 
 1.07151931e+03  4.37929503e+02 -1.14013912e+02 
 1.09647820e+03  4.36623803e+02 -1.16321947e+02 
 1.12201845e+03  4.35264883e+02 -1.18661141e+02 
 1.14815362e+03  4.33850950e+02 -1.21030858e+02 
 1.17489755e+03  4.32380190e+02 -1.23430375e+02 
 1.20226443e+03  4.30850759e+02 -1.25858878e+02 
 1.23026877e+03  4.29260797e+02 -1.28315460e+02 
 1.25892541e+03  4.27608425e+02 -1.30799118e+02 
 1.28824955e+03  4.25891752e+02 -1.33308743e+02 
 1.31825674e+03  4.24108880e+02 -1.35843121e+02 
 1.34896288e+03  4.22257904e+02 -1.38400925e+02 
 1.38038426e+03  4.20336924e+02 -1.40980717e+02 
 1.41253754e+03  4.18344046e+02 -1.43580934e+02 
 1.44543977e+03  4.16277391e+02 -1.46199897e+02 
 1.47910839e+03  4.14135099e+02 -1.48835794e+02 
 1.51356125e+03  4.11915338e+02 -1.51486689e+02 
 1.54881662e+03  4.09616313e+02 -1.54150512e+02 
 1.58489319e+03  4.07236270e+02 -1.56825056e+02 
 1.62181010e+03  4.04773509e+02 -1.59507979e+02 
 1.65958691e+03  4.02226390e+02 -1.62196803e+02 
 1.69824365e+03  3.99593345e+02 -1.64888906e+02 
 1.73780083e+03  3.96872886e+02 -1.67581529e+02 
 1.77827941e+03  3.94063616e+02 -1.70271774e+02 
 1.81970086e+03  3.91164240e+02 -1.72956602e+02 
 1.86208714e+03  3.88173576e+02 -1.75632841e+02 
 1.90546072e+03  3.85090565e+02 -1.78297181e+02 
 1.94984460e+03  3.81914284e+02 -1.80946183e+02 
 1.99526231e+03  3.78643959e+02 -1.83576284e+02 
 2.04173794e+03  3.75278970e+02 -1.86183797e+02 
 2.08929613e+03  3.71818873e+02 -1.88764923e+02 
 2.13796209e+03  3.68263400e+02 -1.91315757e+02 
 2.18776162e+03  3.64612481e+02 -1.93832295e+02 
 2.23872114e+03  3.60866246e+02 -1.96310446e+02 
 2.29086765e+03  3.57025041e+02 -1.98746040e+02 
 2.34422882e+03  3.53089436e+02 -2.01134846e+02 
 2.39883292e+03  3.49060234e+02 -2.03472577e+02 
 2.45470892e+03  3.44938481e+02 -2.05754911e+02 
 2.51188643e+03  3.40725470e+02 -2.07977503e+02 
 2.57039578e+03  3.36422751e+02 -2.10136002e+02 
 2.63026799e+03  3.32032135e+02 -2.12226070e+02 
 2.69153480e+03  3.27555696e+02 -2.14243395e+02 
 2.75422870e+03  3.22995778e+02 -2.16183715e+02 
 2.81838293e+03  3.18354992e+02 -2.18042835e+02 
 2.88403150e+03  3.13636217e+02 -2.19816646e+02 
 2.95120923e+03  3.08842597e+02 -2.21501147e+02 
 3.01995172e+03  3.03977538e+02 -2.23092463e+02 
 3.09029543e+03  2.99044701e+02 -2.24586867e+02 
 3.16227766e+03  2.94047998e+02 -2.25980800e+02 
 3.23593657e+03  2.88991578e+02 -2.27270887e+02 
 3.31131121e+03  2.83879817e+02 -2.28453962e+02 
 3.38844156e+03  2.78717307e+02 -2.29527081e+02 
 3.46736850e+03  2.73508840e+02 -2.30487542e+02 
 3.54813389e+03  2.68259392e+02 -2.31332902e+02 
 3.63078055e+03  2.62974105e+02 -2.32060988e+02 
 3.71535229e+03  2.57658268e+02 -2.32669914e+02 
 3.80189396e+03  2.52317296e+02 -2.33158093e+02 
 3.89045145e+03  2.46956709e+02 -2.33524243e+02 
 3.98107171e+03  2.41582110e+02 -2.33767400e+02 
 4.07380278e+03  2.36199160e+02 -2.33886920e+02 
 4.16869383e+03  2.30813555e+02 -2.33882488e+02 
 4.26579519e+03  2.25431004e+02 -2.33754114e+02 
 4.36515832e+03  2.20057202e+02 -2.33502138e+02 
 4.46683592e+03  2.14697806e+02 -2.33127225e+02 
 4.57088190e+03  2.09358415e+02 -2.32630363e+02 
 4.67735141e+03  2.04044541e+02 -2.32012854e+02 
 4.78630092e+03  1.98761592e+02 -2.31276307e+02 
 4.89778819e+03  1.93514847e+02 -2.30422629e+02 
 5.01187234e+03  1.88309437e+02 -2.29454011e+02 
 5.12861384e+03  1.83150325e+02 -2.28372914e+02 
 5.24807460e+03  1.78042290e+02 -2.27182060e+02 
 5.37031796e+03  1.72989910e+02 -2.25884407e+02 
 5.49540874e+03  1.67997545e+02 -2.24483136e+02 
 5.62341325e+03  1.63069328e+02 -2.22981636e+02 
 5.75439937e+03  1.58209153e+02 -2.21383478e+02 
 5.88843655e+03  1.53420663e+02 -2.19692401e+02 
 6.02559586e+03  1.48707248e+02 -2.17912287e+02 
 6.16595002e+03  1.44072032e+02 -2.16047148e+02 
 6.30957344e+03  1.39517875e+02 -2.14101097e+02 
 6.45654229e+03  1.35047371e+02 -2.12078335e+02 
 6.60693448e+03  1.30662843e+02 -2.09983130e+02 
 6.76082975e+03  1.26366348e+02 -2.07819793e+02 
 6.91830971e+03  1.22159678e+02 -2.05592666e+02 
 7.07945784e+03  1.18044365e+02 -2.03306099e+02 
 7.24435960e+03  1.14021684e+02 -2.00964435e+02 
 7.41310241e+03  1.10092665e+02 -1.98571996e+02 
 7.58577575e+03  1.06258093e+02 -1.96133063e+02 
 7.76247117e+03  1.02518523e+02 -1.93651865e+02 
 7.94328235e+03  9.88742842e+01 -1.91132566e+02 
 8.12830516e+03  9.53254944e+01 -1.88579251e+02 
 8.31763771e+03  9.18720672e+01 -1.85995916e+02 
 8.51138038e+03  8.85137241e+01 -1.83386461e+02 
 8.70963590e+03  8.52500061e+01 -1.80754677e+02 
 8.91250938e+03  8.20802844e+01 -1.78104241e+02 
 9.12010839e+03  7.90037727e+01 -1.75438708e+02 
 9.33254301e+03  7.60195381e+01 -1.72761509e+02 
 9.54992586e+03  7.31265134e+01 -1.70075943e+02 
 9.77237221e+03  7.03235080e+01 -1.67385173e+02 
 1.00000000e+04  6.76092193e+01 -1.64692227e+02 
 1.02329299e+04  6.49822439e+01 -1.61999995e+02 
 1.04712855e+04  6.24410878e+01 -1.59311226e+02 
 1.07151931e+04  5.99841772e+01 -1.56628530e+02 
 1.09647820e+04  5.76098681e+01 -1.53954377e+02 
 1.12201845e+04  5.53164560e+01 -1.51291100e+02 
 1.14815362e+04  5.31021848e+01 -1.48640894e+02 
 1.17489755e+04  5.09652555e+01 -1.46005820e+02 
 1.20226443e+04  4.89038343e+01 -1.43387807e+02 
 1.23026877e+04  4.69160604e+01 -1.40788654e+02 
 1.25892541e+04  4.50000526e+01 -1.38210036e+02 
 1.28824955e+04  4.31539168e+01 -1.35653502e+02 
 1.31825674e+04  4.13757516e+01 -1.33120487e+02 
 1.34896288e+04  3.96636541e+01 -1.30612306e+02 
 1.38038426e+04  3.80157253e+01 -1.28130167e+02 
 1.41253754e+04  3.64300751e+01 -1.25675169e+02 
 1.44543977e+04  3.49048262e+01 -1.23248312e+02 
 1.47910839e+04  3.34381184e+01 -1.20850494e+02 
 1.51356125e+04  3.20281124e+01 -1.18482521e+02 
 1.54881662e+04  3.06729926e+01 -1.16145111e+02 
 1.58489319e+04  2.93709702e+01 -1.13838895e+02 
 1.62181010e+04  2.81202854e+01 -1.11564424e+02 
 1.65958691e+04  2.69192101e+01 -1.09322173e+02 
 1.69824365e+04  2.57660494e+01 -1.07112544e+02 
 1.73780083e+04  2.46591435e+01 -1.04935870e+02 
 1.77827941e+04  2.35968688e+01 -1.02792421e+02 
 1.81970086e+04  2.25776392e+01 -1.00682405e+02 
 1.86208714e+04  2.15999068e+01 -9.86059737e+01 
 1.90546072e+04  2.06621630e+01 -9.65632257e+01 
 1.94984460e+04  1.97629385e+01 -9.45542095e+01 
 1.99526231e+04  1.89008040e+01 -9.25789272e+01 
 2.04173794e+04  1.80743703e+01 -9.06373373e+01 
 2.08929613e+04  1.72822882e+01 -8.87293584e+01 
 2.13796209e+04  1.65232484e+01 -8.68548717e+01 
 2.18776162e+04  1.57959817e+01 -8.50137237e+01 
 2.23872114e+04  1.50992581e+01 -8.32057293e+01 
 2.29086765e+04  1.44318867e+01 -8.14306741e+01 
 2.34422882e+04  1.37927154e+01 -7.96883167e+01 
 2.39883292e+04  1.31806298e+01 -7.79783912e+01 
 2.45470892e+04  1.25945534e+01 -7.63006093e+01 
 2.51188643e+04  1.20334459e+01 -7.46546623e+01 
 2.57039578e+04  1.14963033e+01 -7.30402230e+01 
 2.63026799e+04  1.09821570e+01 -7.14569479e+01 
 2.69153480e+04  1.04900727e+01 -6.99044782e+01 
 2.75422870e+04  1.00191498e+01 -6.83824423e+01 
 2.81838293e+04  9.56852050e+00 -6.68904564e+01 
 2.88403150e+04  9.13734909e+00 -6.54281269e+01 
 2.95120923e+04  8.72483097e+00 -6.39950507e+01 
 3.01995172e+04  8.33019171e+00 -6.25908173e+01 
 3.09029543e+04  7.95268640e+00 -6.12150096e+01 
 3.16227766e+04  7.59159857e+00 -5.98672049e+01 
 3.23593657e+04  7.24623938e+00 -5.85469761e+01 
 3.31131121e+04  6.91594687e+00 -5.72538926e+01 
 3.38844156e+04  6.60008498e+00 -5.59875212e+01 
 3.46736850e+04  6.29804270e+00 -5.47474266e+01 
 3.54813389e+04  6.00923337e+00 -5.35331728e+01 
 3.63078055e+04  5.73309370e+00 -5.23443230e+01 
 3.71535229e+04  5.46908309e+00 -5.11804410e+01 
 3.80189396e+04  5.21668277e+00 -5.00410912e+01 
 3.89045145e+04  4.97539506e+00 -4.89258394e+01 
 3.98107171e+04  4.74474261e+00 -4.78342533e+01 
 4.07380278e+04  4.52426764e+00 -4.67659030e+01 
 4.16869383e+04  4.31353128e+00 -4.57203612e+01 
 4.26579519e+04  4.11211280e+00 -4.46972038e+01 
 4.36515832e+04  3.91960896e+00 -4.36960102e+01 
 4.46683592e+04  3.73563340e+00 -4.27163633e+01 
 4.57088190e+04  3.55981589e+00 -4.17578504e+01 
 4.67735141e+04  3.39180181e+00 -4.08200630e+01 
 4.78630092e+04  3.23125148e+00 -3.99025969e+01 
 4.89778819e+04  3.07783961e+00 -3.90050529e+01 
 5.01187234e+04  2.93125473e+00 -3.81270365e+01 
 5.12861384e+04  2.79119862e+00 -3.72681585e+01 
 5.24807460e+04  2.65738583e+00 -3.64280345e+01 
 5.37031796e+04  2.52954311e+00 -3.56062858e+01 
 5.49540874e+04  2.40740896e+00 -3.48025388e+01 
 5.62341325e+04  2.29073315e+00 -3.40164257e+01 
 5.75439937e+04  2.17927624e+00 -3.32475839e+01 
 5.88843655e+04  2.07280916e+00 -3.24956567e+01 
 6.02559586e+04  1.97111278e+00 -3.17602928e+01 
 6.16595002e+04  1.87397749e+00 -3.10411470e+01 
 6.30957344e+04  1.78120283e+00 -3.03378792e+01 
 6.45654229e+04  1.69259708e+00 -2.96501556e+01 
 6.60693448e+04  1.60797693e+00 -2.89776477e+01 
 6.76082975e+04  1.52716708e+00 -2.83200330e+01 
 6.91830971e+04  1.44999995e+00 -2.76769944e+01 
 7.07945784e+04  1.37631536e+00 -2.70482207e+01 
 7.24435960e+04  1.30596018e+00 -2.64334063e+01 
 7.41310241e+04  1.23878804e+00 -2.58322512e+01 
 7.58577575e+04  1.17465908e+00 -2.52444608e+01 
 7.76247117e+04  1.11343963e+00 -2.46697464e+01 
 7.94328235e+04  1.05500198e+00 -2.41078243e+01 
 8.12830516e+04  9.99224107e-01 -2.35584167e+01 
 8.31763771e+04  9.45989441e-01 -2.30212509e+01 
 8.51138038e+04  8.95186629e-01 -2.24960595e+01 
 8.70963590e+04  8.46709317e-01 -2.19825804e+01 
 8.91250938e+04  8.00455925e-01 -2.14805568e+01 
 9.12010839e+04  7.56329458e-01 -2.09897369e+01 
 9.33254301e+04  7.14237298e-01 -2.05098740e+01 
 9.54992586e+04  6.74091021e-01 -2.00407264e+01 
 9.77237221e+04  6.35806214e-01 -1.95820573e+01 
 1.00000000e+05  5.99302304e-01 -1.91336347e+01 
 1.02329299e+05  5.64502396e-01 -1.86952315e+01 
 1.04712855e+05  5.31333107e-01 -1.82666253e+01 
 1.07151931e+05  4.99724421e-01 -1.78475983e+01 
 1.09647820e+05  4.69609544e-01 -1.74379371e+01 
 1.12201845e+05  4.40924759e-01 -1.70374331e+01 
 1.14815362e+05  4.13609297e-01 -1.66458819e+01 
 1.17489755e+05  3.87605212e-01 -1.62630835e+01 
 1.20226443e+05  3.62857252e-01 -1.58888423e+01 
 1.23026877e+05  3.39312747e-01 -1.55229667e+01 
 1.25892541e+05  3.16921497e-01 -1.51652693e+01 
 1.28824955e+05  2.95635660e-01 -1.48155669e+01 
 1.31825674e+05  2.75409653e-01 -1.44736802e+01 
 1.34896288e+05  2.56200054e-01 -1.41394337e+01 
 1.38038426e+05  2.37965501e-01 -1.38126560e+01 
 1.41253754e+05  2.20666608e-01 -1.34931793e+01 
 1.44543977e+05  2.04265872e-01 -1.31808395e+01 
 1.47910839e+05  1.88727596e-01 -1.28754764e+01 
 1.51356125e+05  1.74017799e-01 -1.25769332e+01 
 1.54881662e+05  1.60104147e-01 -1.22850565e+01 
 1.58489319e+05  1.46955871e-01 -1.19996967e+01 
 1.62181010e+05  1.34543702e-01 -1.17207073e+01 
 1.65958691e+05  1.22839797e-01 -1.14479453e+01 
 1.69824365e+05  1.11817672e-01 -1.11812710e+01 
 1.73780083e+05  1.01452142e-01 -1.09205477e+01 
 1.77827941e+05  9.17192513e-02 -1.06656422e+01 
 1.81970086e+05  8.25962202e-02 -1.04164242e+01 
 1.86208714e+05  7.40613818e-02 -1.01727663e+01 
 1.90546072e+05  6.60941266e-02 -9.93454447e+00 
 1.94984460e+05  5.86748483e-02 -9.70163728e+00 
 1.99526231e+05  5.17848887e-02 -9.47392634e+00 
 2.04173794e+05  4.54064868e-02 -9.25129605e+00 
 2.08929613e+05  3.95227281e-02 -9.03363357e+00 
 2.13796209e+05  3.41174942e-02 -8.82082881e+00 
 2.18776162e+05  2.91754151e-02 -8.61277433e+00 
 2.23872114e+05  2.46818239e-02 -8.40936529e+00 
 2.29086765e+05  2.06227075e-02 -8.21049944e+00 
 2.34422882e+05  1.69846650e-02 -8.01607702e+00 
 2.39883292e+05  1.37548621e-02 -7.82600076e+00 
 2.45470892e+05  1.09209890e-02 -7.64017577e+00 
 2.51188643e+05  8.47121861e-03 -7.45850952e+00 
 2.57039578e+05  6.39416619e-03 -7.28091182e+00 
 2.63026799e+05  4.67884899e-03 -7.10729469e+00 
 2.69153480e+05  3.31464829e-03 -6.93757238e+00 
 2.75422870e+05  2.29127178e-03 -6.77166130e+00 
 2.81838293e+05  1.59871674e-03 -6.60947994e+00 
 2.88403150e+05  1.22723565e-03 -6.45094885e+00 
 2.95120923e+05  1.16730222e-03 -6.29599056e+00 
 3.01995172e+05  1.40957850e-03 -6.14452957e+00 
 3.09029543e+05  1.94488436e-03 -5.99649224e+00 
 3.16227766e+05  2.76416785e-03 -5.85180678e+00 
 3.23593657e+05  3.85847748e-03 -5.71040317e+00 
 3.31131121e+05  5.21893598e-03 -5.57221312e+00 
 3.38844156e+05  6.83671695e-03 -5.43717000e+00 
 3.46736850e+05  8.70302140e-03 -5.30520881e+00 
 3.54813389e+05  1.08090586e-02 -5.17626608e+00 
 3.63078055e+05  1.31460281e-02 -5.05027986e+00 
 3.71535229e+05  1.57051037e-02 -4.92718965e+00 
 3.80189396e+05  1.84774205e-02 -4.80693632e+00 
 3.89045145e+05  2.14540640e-02 -4.68946208e+00 
 3.98107171e+05  2.46260617e-02 -4.57471042e+00 
 4.07380278e+05  2.79843775e-02 -4.46262606e+00 
 4.16869383e+05  3.15199079e-02 -4.35315486e+00 
 4.26579519e+05  3.52234819e-02 -4.24624383e+00 
 4.36515832e+05  3.90858628e-02 -4.14184102e+00 
 4.46683592e+05  4.30977521e-02 -4.03989551e+00 
 4.57088190e+05  4.72497965e-02 -3.94035733e+00 
 4.67735141e+05  5.15325970e-02 -3.84317743e+00 
 4.78630092e+05  5.59367202e-02 -3.74830764e+00 
 4.89778819e+05  6.04527118e-02 -3.65570061e+00 
 5.01187234e+05  6.50711114e-02 -3.56530978e+00 
 5.12861384e+05  6.97824700e-02 -3.47708934e+00 
 5.24807460e+05  7.45773680e-02 -3.39099420e+00 
 5.37031796e+05  7.94464352e-02 -3.30697994e+00 
 5.49540874e+05  8.43803718e-02 -3.22500280e+00 
 5.62341325e+05  8.93699693e-02 -3.14501965e+00 
 5.75439937e+05  9.44061335e-02 -3.06698795e+00 
 5.88843655e+05  9.94799062e-02 -2.99086574e+00 
 6.02559586e+05  1.04582488e-01 -2.91661162e+00 
 6.16595002e+05  1.09705259e-01 -2.84418474e+00 
 6.30957344e+05  1.14839804e-01 -2.77354477e+00 
 6.45654229e+05  1.19977930e-01 -2.70465193e+00 
 6.60693448e+05  1.25111687e-01 -2.63746693e+00 
 6.76082975e+05  1.30233387e-01 -2.57195100e+00 
 6.91830971e+05  1.35335623e-01 -2.50806586e+00 
 7.07945784e+05  1.40411281e-01 -2.44577377e+00 
 7.24435960e+05  1.45453559e-01 -2.38503747e+00 
 7.41310241e+05  1.50455976e-01 -2.32582021e+00 
 7.58577575e+05  1.55412386e-01 -2.26808577e+00 
 7.76247117e+05  1.60316982e-01 -2.21179844e+00 
 7.94328235e+05  1.65164308e-01 -2.15692302e+00 
 8.12830516e+05  1.69949260e-01 -2.10342488e+00 
 8.31763771e+05  1.74667091e-01 -2.05126989e+00 
 8.51138038e+05  1.79313411e-01 -2.00042448e+00 
 8.70963590e+05  1.83884187e-01 -1.95085564e+00 
 8.91250938e+05  1.88375740e-01 -1.90253092e+00 
 9.12010839e+05  1.92784740e-01 -1.85541844e+00 
 9.33254301e+05  1.97108200e-01 -1.80948688e+00 
 9.54992586e+05  2.01343472e-01 -1.76470553e+00 
 9.77237221e+05  2.05488233e-01 -1.72104424e+00 
 1.00000000e+06  2.09540479e-01 -1.67847347e+00 
 1.02329299e+06  2.13498511e-01 -1.63696427e+00 
 1.04712855e+06  2.17360927e-01 -1.59648829e+00 
 1.07151931e+06  2.21126605e-01 -1.55701779e+00 
 1.09647820e+06  2.24794693e-01 -1.51852562e+00 
 1.12201845e+06  2.28364593e-01 -1.48098524e+00 
 1.14815362e+06  2.31835948e-01 -1.44437070e+00 
 1.17489755e+06  2.35208625e-01 -1.40865668e+00 
 1.20226443e+06  2.38482704e-01 -1.37381843e+00 
 1.23026877e+06  2.41658461e-01 -1.33983178e+00 
 1.25892541e+06  2.44736351e-01 -1.30667319e+00 
 1.28824955e+06  2.47717000e-01 -1.27431967e+00 
 1.31825674e+06  2.50601183e-01 -1.24274881e+00 
 1.34896288e+06  2.53389815e-01 -1.21193878e+00 
 1.38038426e+06  2.56083934e-01 -1.18186829e+00 
 1.41253754e+06  2.58684691e-01 -1.15251661e+00 
 1.44543977e+06  2.61193335e-01 -1.12386355e+00 
 1.47910839e+06  2.63611200e-01 -1.09588946e+00 
 1.51356125e+06  2.65939695e-01 -1.06857519e+00 
 1.54881662e+06  2.68180290e-01 -1.04190211e+00 
 1.58489319e+06  2.70334510e-01 -1.01585209e+00 
 1.62181010e+06  2.72403919e-01 -9.90407487e-01 
 1.65958691e+06  2.74390114e-01 -9.65551118e-01 
 1.69824365e+06  2.76294716e-01 -9.41266274e-01 
 1.73780083e+06  2.78119360e-01 -9.17536690e-01 
 1.77827941e+06  2.79865686e-01 -8.94346540e-01 
 1.81970086e+06  2.81535336e-01 -8.71680419e-01 
 1.86208714e+06  2.83129943e-01 -8.49523337e-01 
 1.90546072e+06  2.84651127e-01 -8.27860700e-01 
 1.94984460e+06  2.86100489e-01 -8.06678304e-01 
 1.99526231e+06  2.87479602e-01 -7.85962315e-01 
 2.04173794e+06  2.88790014e-01 -7.65699263e-01 
 2.08929613e+06  2.90033234e-01 -7.45876027e-01 
 2.13796209e+06  2.91210737e-01 -7.26479825e-01 
 2.18776162e+06  2.92323953e-01 -7.07498198e-01 
 2.23872114e+06  2.93374269e-01 -6.88919002e-01 
 2.29086765e+06  2.94363025e-01 -6.70730394e-01 
 2.34422882e+06  2.95291507e-01 -6.52920824e-01 
 2.39883292e+06  2.96160952e-01 -6.35479019e-01 
 2.45470892e+06  2.96972540e-01 -6.18393977e-01 
 2.51188643e+06  2.97727396e-01 -6.01654950e-01 
 2.57039578e+06  2.98426587e-01 -5.85251440e-01 
 2.63026799e+06  2.99071122e-01 -5.69173185e-01 
 2.69153480e+06  2.99661948e-01 -5.53410149e-01 
 2.75422870e+06  3.00199954e-01 -5.37952512e-01 
 2.81838293e+06  3.00685964e-01 -5.22790660e-01 
 2.88403150e+06  3.01120746e-01 -5.07915177e-01 
 2.95120923e+06  3.01505000e-01 -4.93316834e-01 
 3.01995172e+06  3.01839370e-01 -4.78986578e-01 
 3.09029543e+06  3.02124433e-01 -4.64915529e-01 
 3.16227766e+06  3.02360708e-01 -4.51094963e-01 
 3.23593657e+06  3.02548652e-01 -4.37516308e-01 
 3.31131121e+06  3.02688660e-01 -4.24171135e-01 
 3.38844156e+06  3.02781068e-01 -4.11051150e-01 
 3.46736850e+06  3.02826154e-01 -3.98148181e-01 
 3.54813389e+06  3.02824135e-01 -3.85454177e-01 
 3.63078055e+06  3.02775173e-01 -3.72961193e-01 
 3.71535229e+06  3.02679372e-01 -3.60661388e-01 
 3.80189396e+06  3.02536782e-01 -3.48547012e-01 
 3.89045145e+06  3.02347399e-01 -3.36610402e-01 
 3.98107171e+06  3.02111168e-01 -3.24843972e-01 
 4.07380278e+06  3.01827982e-01 -3.13240206e-01 
 4.16869383e+06  3.01497686e-01 -3.01791653e-01 
 4.26579519e+06  3.01120080e-01 -2.90490915e-01 
 4.36515832e+06  3.00694917e-01 -2.79330644e-01 
 4.46683592e+06  3.00221909e-01 -2.68303533e-01 
 4.57088190e+06  2.99700728e-01 -2.57402310e-01 
 4.67735141e+06  2.99131009e-01 -2.46619729e-01 
 4.78630092e+06  2.98512351e-01 -2.35948567e-01 
 4.89778819e+06  2.97844323e-01 -2.25381614e-01 
 5.01187234e+06  2.97126463e-01 -2.14911668e-01 
 5.12861384e+06  2.96358286e-01 -2.04531531e-01 
 5.24807460e+06  2.95539284e-01 -1.94233998e-01 
 5.37031796e+06  2.94668929e-01 -1.84011855e-01 
 5.49540874e+06  2.93746681e-01 -1.73857871e-01 
 5.62341325e+06  2.92771985e-01 -1.63764797e-01 
 5.75439937e+06  2.91744284e-01 -1.53725355e-01 
 5.88843655e+06  2.90663014e-01 -1.43732235e-01 
 6.02559586e+06  2.89527614e-01 -1.33778093e-01 
 6.16595002e+06  2.88337531e-01 -1.23855543e-01 
 6.30957344e+06  2.87092219e-01 -1.13957155e-01 
 6.45654229e+06  2.85791150e-01 -1.04075450e-01 
 6.60693448e+06  2.84433816e-01 -9.42028972e-02 
 6.76082975e+06  2.83019732e-01 -8.43319106e-02 
 6.91830971e+06  2.81548445e-01 -7.44548466e-02 
 7.07945784e+06  2.80019532e-01 -6.45640010e-02 
 7.24435960e+06  2.78432615e-01 -5.46516073e-02 
 7.41310241e+06  2.76787356e-01 -4.47098349e-02 
 7.58577575e+06  2.75083466e-01 -3.47307877e-02 
 7.76247117e+06  2.73320708e-01 -2.47065034e-02 
 7.94328235e+06  2.71498905e-01 -1.46289530e-02 
 8.12830516e+06  2.69617937e-01 -4.49004012e-03 
 8.31763771e+06  2.67677751e-01  5.71839824e-03 
 8.51138038e+06  2.65678362e-01  1.60045917e-02 
 8.70963590e+06  2.63619855e-01  2.63768356e-02 
 8.91250938e+06  2.61502388e-01  3.68434899e-02 
 9.12010839e+06  2.59326197e-01  4.74129782e-02 
 9.33254301e+06  2.57091593e-01  5.80937864e-02 
 9.54992586e+06  2.54798967e-01  6.88944610e-02 
 9.77237221e+06  2.52448788e-01  7.98236077e-02 
 1.00000000e+07  2.50041604e-01  9.08898901e-02 
 1.02329299e+07  2.47578043e-01  1.02102028e-01 
 1.04712855e+07  2.45058807e-01  1.13468797e-01 
 1.07151931e+07  2.42484679e-01  1.24999025e-01 
 1.09647820e+07  2.39856509e-01  1.36701596e-01 
 1.12201845e+07  2.37175222e-01  1.48585446e-01 
 1.14815362e+07  2.34441807e-01  1.60659563e-01 
 1.17489755e+07  2.31657319e-01  1.72932993e-01 
 1.20226443e+07  2.28822869e-01  1.85414834e-01 
 1.23026877e+07  2.25939623e-01  1.98114244e-01 
 1.25892541e+07  2.23008797e-01  2.11040441e-01 
 1.28824955e+07  2.20031649e-01  2.24202710e-01 
 1.31825674e+07  2.17009476e-01  2.37610402e-01 
 1.34896288e+07  2.13943610e-01  2.51272947e-01 
 1.38038426e+07  2.10835407e-01  2.65199854e-01 
 1.41253754e+07  2.07686249e-01  2.79400724e-01 
 1.44543977e+07  2.04497535e-01  2.93885255e-01 
 1.47910839e+07  2.01270676e-01  3.08663256e-01 
 1.51356125e+07  1.98007095e-01  3.23744652e-01 
 1.54881662e+07  1.94708220e-01  3.39139502e-01 
 1.58489319e+07  1.91375484e-01  3.54858007e-01 
 1.62181010e+07  1.88010324e-01  3.70910527e-01 
 1.65958691e+07  1.84614177e-01  3.87307595e-01 
 1.69824365e+07  1.81188488e-01  4.04059928e-01 
 1.73780083e+07  1.77734704e-01  4.21178452e-01 
 1.77827941e+07  1.74254284e-01  4.38674308e-01 
 1.81970086e+07  1.70748700e-01  4.56558877e-01 
 1.86208714e+07  1.67219446e-01  4.74843794e-01 
 1.90546072e+07  1.63668046e-01  4.93540963e-01 
 1.94984460e+07  1.60096061e-01  5.12662579e-01 
 1.99526231e+07  1.56505105e-01  5.32221143e-01 
 2.04173794e+07  1.52896854e-01  5.52229478e-01 
 2.08929613e+07  1.49273065e-01  5.72700746e-01 
 2.13796209e+07  1.45635590e-01  5.93648464e-01 
 2.18776162e+07  1.41986392e-01  6.15086520e-01 
 2.23872114e+07  1.38327573e-01  6.37029185e-01 
 2.29086765e+07  1.34661388e-01  6.59491125e-01 
 2.34422882e+07  1.30990271e-01  6.82487417e-01 
 2.39883292e+07  1.27316859e-01  7.06033552e-01 
 2.45470892e+07  1.23644020e-01  7.30145451e-01 
 2.51188643e+07  1.19974877e-01  7.54839465e-01 
 2.57039578e+07  1.16312839e-01  7.80132383e-01 
 2.63026799e+07  1.12661627e-01  8.06041435e-01 
 2.69153480e+07  1.09025307e-01  8.32584288e-01 
 2.75422870e+07  1.05408318e-01  8.59779052e-01 
 2.81838293e+07  1.01815502e-01  8.87644267e-01 
 2.88403150e+07  9.82521408e-02  9.16198903e-01 
 2.95120923e+07  9.47239777e-02  9.45462346e-01 
 3.01995172e+07  9.12372552e-02  9.75454393e-01 
 3.09029543e+07  8.77987414e-02  1.00619523e+00 
 3.16227766e+07  8.44157605e-02  1.03770542e+00 
 3.23593657e+07  8.10962204e-02  1.07000588e+00 
 3.31131121e+07  7.78486396e-02  1.10311788e+00 
 3.38844156e+07  7.46821729e-02  1.13706297e+00 
 3.46736850e+07  7.16066347e-02  1.17186303e+00 
 3.54813389e+07  6.86325210e-02  1.20754015e+00 
 3.63078055e+07  6.57710284e-02  1.24411670e+00 
 3.71535229e+07  6.30340722e-02  1.28161521e+00 
 3.80189396e+07  6.04343002e-02  1.32005839e+00 
 3.89045145e+07  5.79851050e-02  1.35946910e+00 
 3.98107171e+07  5.57006335e-02  1.39987027e+00 
 4.07380278e+07  5.35957929e-02  1.44128492e+00 
 4.16869383e+07  5.16862543e-02  1.48373608e+00 
 4.26579519e+07  4.99884532e-02  1.52724679e+00 
 4.36515832e+07  4.85195871e-02  1.57184005e+00 
 4.46683592e+07  4.72976101e-02  1.61753877e+00 
 4.57088190e+07  4.63412251e-02  1.66436578e+00 
 4.67735141e+07  4.56698732e-02  1.71234375e+00 
 4.78630092e+07  4.53037205e-02  1.76149521e+00 
 4.89778819e+07  4.52636429e-02  1.81184247e+00 
 5.01187234e+07  4.55712089e-02  1.86340764e+00 
 5.12861384e+07  4.62486606e-02  1.91621260e+00 
 5.24807460e+07  4.73188934e-02  1.97027893e+00 
 5.37031796e+07  4.88054347e-02  2.02562796e+00 
 5.49540874e+07  5.07324216e-02  2.08228073e+00 
 5.62341325e+07  5.31245784e-02  2.14025795e+00 
 5.75439937e+07  5.60071941e-02  2.19958004e+00 
 5.88843655e+07  5.94061000e-02  2.26026709e+00 
 6.02559586e+07  6.33476479e-02  2.32233886e+00 
 6.16595002e+07  6.78586895e-02  2.38581478e+00 
 6.30957344e+07  7.29665569e-02  2.45071397e+00 
 6.45654229e+07  7.86990443e-02  2.51705522e+00 
 6.60693448e+07  8.50843919e-02  2.58485700e+00 
 6.76082975e+07  9.21512714e-02  2.65413748e+00 
 6.91830971e+07  9.99287734e-02  2.72491454e+00 
 7.07945784e+07  1.08446398e-01  2.79720574e+00 
 7.24435960e+07  1.17734046e-01  2.87102841e+00 
 7.41310241e+07  1.27822014e-01  2.94639956e+00 
 7.58577575e+07  1.38740992e-01  3.02333600e+00 
 7.76247117e+07  1.50522061e-01  3.10185426e+00 
 7.94328235e+07  1.63196695e-01  3.18197067e+00 
 8.12830516e+07  1.76796764e-01  3.26370132e+00 
 8.31763771e+07  1.91354544e-01  3.34706213e+00 
 8.51138038e+07  2.06902718e-01  3.43206879e+00 
 8.70963590e+07  2.23474390e-01  3.51873685e+00 
 8.91250938e+07  2.41103092e-01  3.60708165e+00 
 9.12010839e+07  2.59822803e-01  3.69711840e+00 
 9.33254301e+07  2.79667956e-01  3.78886215e+00 
 9.54992586e+07  3.00673458e-01  3.88232779e+00 
 9.77237221e+07  3.22874702e-01  3.97753008e+00 
 1.00000000e+08  3.46307587e-01  4.07448367e+00 
 1.02329299e+08  3.71008535e-01  4.17320304e+00 
 1.04712855e+08  3.97014508e-01  4.27370258e+00 
 1.07151931e+08  4.24363032e-01  4.37599656e+00 
 1.09647820e+08  4.53092212e-01  4.48009913e+00 
 1.12201845e+08  4.83240757e-01  4.58602434e+00 
 1.14815362e+08  5.14848002e-01  4.69378613e+00 
 1.17489755e+08  5.47953929e-01  4.80339835e+00 
 1.20226443e+08  5.82599196e-01  4.91487476e+00 
 1.23026877e+08  6.18825162e-01  5.02822905e+00 
 1.25892541e+08  6.56673919e-01  5.14347481e+00 
 1.28824955e+08  6.96188318e-01  5.26062560e+00 
 1.31825674e+08  7.37412010e-01  5.37969490e+00 
 1.34896288e+08  7.80389482e-01  5.50069617e+00 
 1.38038426e+08  8.25166100e-01  5.62364281e+00 
 1.41253754e+08  8.71788157e-01  5.74854823e+00 
 1.44543977e+08  9.20302923e-01  5.87542583e+00 
 1.47910839e+08  9.70758707e-01  6.00428903e+00 
 1.51356125e+08  1.02320492e+00  6.13515126e+00 
 1.54881662e+08  1.07769216e+00  6.26802600e+00 
 1.58489319e+08  1.13427226e+00  6.40292677e+00 
 1.62181010e+08  1.19299841e+00  6.53986717e+00 
 1.65958691e+08  1.25392525e+00  6.67886083e+00 
 1.69824365e+08  1.31710897e+00  6.81992149e+00 
 1.73780083e+08  1.38260741e+00  6.96306292e+00 
 1.77827941e+08  1.45048024e+00  7.10829895e+00 
 1.81970086e+08  1.52078904e+00  7.25564346e+00 
 1.86208714e+08  1.59359750e+00  7.40511033e+00 
 1.90546072e+08  1.66897154e+00  7.55671340e+00 
 1.94984460e+08  1.74697949e+00  7.71046645e+00 
 1.99526231e+08  1.82769230e+00  7.86638307e+00 
 2.04173794e+08  1.91118369e+00  8.02447667e+00 
 2.08929613e+08  1.99753039e+00  8.18476030e+00 
 2.13796209e+08  2.08681230e+00  8.34724657e+00 
 2.18776162e+08  2.17911272e+00  8.51194749e+00 
 2.23872114e+08  2.27451861e+00  8.67887434e+00 
 2.29086765e+08  2.37312074e+00  8.84803743e+00 
 2.34422882e+08  2.47501394e+00  9.01944592e+00 
 2.39883292e+08  2.58029736e+00  9.19310758e+00 
 2.45470892e+08  2.68907463e+00  9.36902848e+00 
 2.51188643e+08  2.80145410e+00  9.54721276e+00 
 2.57039578e+08  2.91754904e+00  9.72766221e+00 
 2.63026799e+08  3.03747784e+00  9.91037596e+00 
 2.69153480e+08  3.16136416e+00  1.00953501e+01 
 2.75422870e+08  3.28933714e+00  1.02825771e+01 
 2.81838293e+08  3.42153148e+00  1.04720457e+01 
 2.88403150e+08  3.55808762e+00  1.06637400e+01 
 2.95120923e+08  3.69915176e+00  1.08576392e+01 
 3.01995172e+08  3.84487598e+00  1.10537170e+01 
 3.09029543e+08  3.99541821e+00  1.12519408e+01 
 3.16227766e+08  4.15094226e+00  1.14522715e+01 
 3.23593657e+08  4.31161775e+00  1.16546627e+01 
 3.31131121e+08  4.47761999e+00  1.18590597e+01 
 3.38844156e+08  4.64912986e+00  1.20653994e+01 
 3.46736850e+08  4.82633360e+00  1.22736090e+01 
 3.54813389e+08  5.00942256e+00  1.24836059e+01 
 3.63078055e+08  5.19859289e+00  1.26952966e+01 
 3.71535229e+08  5.39404518e+00  1.29085758e+01 
 3.80189396e+08  5.59598403e+00  1.31233263e+01 
 3.89045145e+08  5.80461753e+00  1.33394175e+01 
 3.98107171e+08  6.02015675e+00  1.35567052e+01 
 4.07380278e+08  6.24281506e+00  1.37750306e+01 
 4.16869383e+08  6.47280747e+00  1.39942199e+01 
 4.26579519e+08  6.71034983e+00  1.42140831e+01 
 4.36515832e+08  6.95565799e+00  1.44344139e+01 
 4.46683592e+08  7.20894688e+00  1.46549885e+01 
 4.57088190e+08  7.47042953e+00  1.48755655e+01 
 4.67735141e+08  7.74031596e+00  1.50958850e+01 
 4.78630092e+08  8.01881207e+00  1.53156683e+01 
 4.89778819e+08  8.30611838e+00  1.55346171e+01 
 5.01187234e+08  8.60242875e+00  1.57524137e+01 
 5.12861384e+08  8.90792902e+00  1.59687201e+01 
 5.24807460e+08  9.22279552e+00  1.61831781e+01 
 5.37031796e+08  9.54719361e+00  1.63954090e+01 
 5.49540874e+08  9.88127607e+00  1.66050136e+01 
 5.62341325e+08  1.02251815e+01  1.68115723e+01 
 5.75439937e+08  1.05790324e+01  1.70146451e+01 
 5.88843655e+08  1.09429341e+01  1.72137721e+01 
 6.02559586e+08  1.13169719e+01  1.74084739e+01 
 6.16595002e+08  1.17012103e+01  1.75982519e+01 
 6.30957344e+08  1.20956905e+01  1.77825894e+01 
 6.45654229e+08  1.25004290e+01  1.79609520e+01 
 6.60693448e+08  1.29154153e+01  1.81327892e+01 
 6.76082975e+08  1.33406103e+01  1.82975351e+01 
 6.91830971e+08  1.37759446e+01  1.84546101e+01 
 7.07945784e+08  1.42213166e+01  1.86034222e+01 
 7.24435960e+08  1.46765906e+01  1.87433690e+01 
 7.41310241e+08  1.51415958e+01  1.88738393e+01 
 7.58577575e+08  1.56161239e+01  1.89942155e+01 
 7.76247117e+08  1.60999285e+01  1.91038759e+01 
 7.94328235e+08  1.65927232e+01  1.92021967e+01 
 8.12830516e+08  1.70941808e+01  1.92885554e+01 
 8.31763771e+08  1.76039325e+01  1.93623327e+01 
 8.51138038e+08  1.81215667e+01  1.94229161e+01 
 8.70963590e+08  1.86466288e+01  1.94697030e+01 
 8.91250938e+08  1.91786208e+01  1.95021034e+01 
 9.12010839e+08  1.97170013e+01  1.95195436e+01 
 9.33254301e+08  2.02611857e+01  1.95214694e+01 
 9.54992586e+08  2.08105468e+01  1.95073498e+01 
 9.77237221e+08  2.13644152e+01  1.94766801e+01 
 1.00000000e+09  2.19220812e+01  1.94289859e+01 
