 frequency       mag             ph             
 1.00000000e+00  9.51277584e+01 -1.79999029e+02 
 1.02329299e+00  9.51277584e+01 -1.79999006e+02 
 1.04712855e+00  9.51277584e+01 -1.79998983e+02 
 1.07151931e+00  9.51277584e+01 -1.79998960e+02 
 1.09647820e+00  9.51277584e+01 -1.79998935e+02 
 1.12201845e+00  9.51277584e+01 -1.79998911e+02 
 1.14815362e+00  9.51277584e+01 -1.79998885e+02 
 1.17489755e+00  9.51277584e+01 -1.79998859e+02 
 1.20226443e+00  9.51277584e+01 -1.79998833e+02 
 1.23026877e+00  9.51277584e+01 -1.79998805e+02 
 1.25892541e+00  9.51277584e+01 -1.79998778e+02 
 1.28824955e+00  9.51277584e+01 -1.79998749e+02 
 1.31825674e+00  9.51277584e+01 -1.79998720e+02 
 1.34896288e+00  9.51277584e+01 -1.79998690e+02 
 1.38038426e+00  9.51277584e+01 -1.79998660e+02 
 1.41253754e+00  9.51277583e+01 -1.79998628e+02 
 1.44543977e+00  9.51277583e+01 -1.79998597e+02 
 1.47910839e+00  9.51277583e+01 -1.79998564e+02 
 1.51356125e+00  9.51277583e+01 -1.79998530e+02 
 1.54881662e+00  9.51277583e+01 -1.79998496e+02 
 1.58489319e+00  9.51277583e+01 -1.79998461e+02 
 1.62181010e+00  9.51277583e+01 -1.79998425e+02 
 1.65958691e+00  9.51277583e+01 -1.79998389e+02 
 1.69824365e+00  9.51277583e+01 -1.79998351e+02 
 1.73780083e+00  9.51277583e+01 -1.79998313e+02 
 1.77827941e+00  9.51277583e+01 -1.79998273e+02 
 1.81970086e+00  9.51277583e+01 -1.79998233e+02 
 1.86208714e+00  9.51277583e+01 -1.79998192e+02 
 1.90546072e+00  9.51277583e+01 -1.79998150e+02 
 1.94984460e+00  9.51277583e+01 -1.79998107e+02 
 1.99526231e+00  9.51277583e+01 -1.79998063e+02 
 2.04173794e+00  9.51277583e+01 -1.79998018e+02 
 2.08929613e+00  9.51277583e+01 -1.79997971e+02 
 2.13796209e+00  9.51277583e+01 -1.79997924e+02 
 2.18776162e+00  9.51277583e+01 -1.79997876e+02 
 2.23872114e+00  9.51277583e+01 -1.79997826e+02 
 2.29086765e+00  9.51277583e+01 -1.79997776e+02 
 2.34422882e+00  9.51277583e+01 -1.79997724e+02 
 2.39883292e+00  9.51277583e+01 -1.79997671e+02 
 2.45470892e+00  9.51277583e+01 -1.79997617e+02 
 2.51188643e+00  9.51277583e+01 -1.79997561e+02 
 2.57039578e+00  9.51277583e+01 -1.79997504e+02 
 2.63026799e+00  9.51277583e+01 -1.79997446e+02 
 2.69153480e+00  9.51277583e+01 -1.79997387e+02 
 2.75422870e+00  9.51277583e+01 -1.79997326e+02 
 2.81838293e+00  9.51277583e+01 -1.79997263e+02 
 2.88403150e+00  9.51277582e+01 -1.79997200e+02 
 2.95120923e+00  9.51277582e+01 -1.79997134e+02 
 3.01995172e+00  9.51277582e+01 -1.79997068e+02 
 3.09029543e+00  9.51277582e+01 -1.79996999e+02 
 3.16227766e+00  9.51277582e+01 -1.79996930e+02 
 3.23593657e+00  9.51277582e+01 -1.79996858e+02 
 3.31131121e+00  9.51277582e+01 -1.79996785e+02 
 3.38844156e+00  9.51277582e+01 -1.79996710e+02 
 3.46736850e+00  9.51277582e+01 -1.79996633e+02 
 3.54813389e+00  9.51277582e+01 -1.79996555e+02 
 3.63078055e+00  9.51277582e+01 -1.79996475e+02 
 3.71535229e+00  9.51277582e+01 -1.79996393e+02 
 3.80189396e+00  9.51277581e+01 -1.79996309e+02 
 3.89045145e+00  9.51277581e+01 -1.79996223e+02 
 3.98107171e+00  9.51277581e+01 -1.79996135e+02 
 4.07380278e+00  9.51277581e+01 -1.79996044e+02 
 4.16869383e+00  9.51277581e+01 -1.79995952e+02 
 4.26579519e+00  9.51277581e+01 -1.79995858e+02 
 4.36515832e+00  9.51277581e+01 -1.79995762e+02 
 4.46683592e+00  9.51277581e+01 -1.79995663e+02 
 4.57088190e+00  9.51277580e+01 -1.79995562e+02 
 4.67735141e+00  9.51277580e+01 -1.79995458e+02 
 4.78630092e+00  9.51277580e+01 -1.79995353e+02 
 4.89778819e+00  9.51277580e+01 -1.79995244e+02 
 5.01187234e+00  9.51277580e+01 -1.79995134e+02 
 5.12861384e+00  9.51277580e+01 -1.79995020e+02 
 5.24807460e+00  9.51277579e+01 -1.79994904e+02 
 5.37031796e+00  9.51277579e+01 -1.79994786e+02 
 5.49540874e+00  9.51277579e+01 -1.79994664e+02 
 5.62341325e+00  9.51277579e+01 -1.79994540e+02 
 5.75439937e+00  9.51277579e+01 -1.79994413e+02 
 5.88843655e+00  9.51277578e+01 -1.79994283e+02 
 6.02559586e+00  9.51277578e+01 -1.79994149e+02 
 6.16595002e+00  9.51277578e+01 -1.79994013e+02 
 6.30957344e+00  9.51277577e+01 -1.79993874e+02 
 6.45654229e+00  9.51277577e+01 -1.79993731e+02 
 6.60693448e+00  9.51277577e+01 -1.79993585e+02 
 6.76082975e+00  9.51277577e+01 -1.79993435e+02 
 6.91830971e+00  9.51277576e+01 -1.79993283e+02 
 7.07945784e+00  9.51277576e+01 -1.79993126e+02 
 7.24435960e+00  9.51277575e+01 -1.79992966e+02 
 7.41310241e+00  9.51277575e+01 -1.79992802e+02 
 7.58577575e+00  9.51277575e+01 -1.79992634e+02 
 7.76247117e+00  9.51277574e+01 -1.79992463e+02 
 7.94328235e+00  9.51277574e+01 -1.79992287e+02 
 8.12830516e+00  9.51277573e+01 -1.79992108e+02 
 8.31763771e+00  9.51277573e+01 -1.79991924e+02 
 8.51138038e+00  9.51277572e+01 -1.79991736e+02 
 8.70963590e+00  9.51277572e+01 -1.79991543e+02 
 8.91250938e+00  9.51277571e+01 -1.79991346e+02 
 9.12010839e+00  9.51277571e+01 -1.79991145e+02 
 9.33254301e+00  9.51277570e+01 -1.79990938e+02 
 9.54992586e+00  9.51277569e+01 -1.79990727e+02 
 9.77237221e+00  9.51277569e+01 -1.79990511e+02 
 1.00000000e+01  9.51277568e+01 -1.79990290e+02 
 1.02329299e+01  9.51277567e+01 -1.79990064e+02 
 1.04712855e+01  9.51277566e+01 -1.79989833e+02 
 1.07151931e+01  9.51277565e+01 -1.79989596e+02 
 1.09647820e+01  9.51277565e+01 -1.79989354e+02 
 1.12201845e+01  9.51277564e+01 -1.79989106e+02 
 1.14815362e+01  9.51277563e+01 -1.79988852e+02 
 1.17489755e+01  9.51277562e+01 -1.79988592e+02 
 1.20226443e+01  9.51277561e+01 -1.79988326e+02 
 1.23026877e+01  9.51277560e+01 -1.79988055e+02 
 1.25892541e+01  9.51277558e+01 -1.79987776e+02 
 1.28824955e+01  9.51277557e+01 -1.79987492e+02 
 1.31825674e+01  9.51277556e+01 -1.79987200e+02 
 1.34896288e+01  9.51277555e+01 -1.79986902e+02 
 1.38038426e+01  9.51277553e+01 -1.79986597e+02 
 1.41253754e+01  9.51277552e+01 -1.79986285e+02 
 1.44543977e+01  9.51277550e+01 -1.79985965e+02 
 1.47910839e+01  9.51277549e+01 -1.79985638e+02 
 1.51356125e+01  9.51277547e+01 -1.79985304e+02 
 1.54881662e+01  9.51277545e+01 -1.79984962e+02 
 1.58489319e+01  9.51277544e+01 -1.79984611e+02 
 1.62181010e+01  9.51277542e+01 -1.79984253e+02 
 1.65958691e+01  9.51277540e+01 -1.79983886e+02 
 1.69824365e+01  9.51277538e+01 -1.79983511e+02 
 1.73780083e+01  9.51277536e+01 -1.79983127e+02 
 1.77827941e+01  9.51277533e+01 -1.79982734e+02 
 1.81970086e+01  9.51277531e+01 -1.79982331e+02 
 1.86208714e+01  9.51277528e+01 -1.79981920e+02 
 1.90546072e+01  9.51277526e+01 -1.79981499e+02 
 1.94984460e+01  9.51277523e+01 -1.79981068e+02 
 1.99526231e+01  9.51277520e+01 -1.79980627e+02 
 2.04173794e+01  9.51277517e+01 -1.79980176e+02 
 2.08929613e+01  9.51277514e+01 -1.79979714e+02 
 2.13796209e+01  9.51277511e+01 -1.79979241e+02 
 2.18776162e+01  9.51277507e+01 -1.79978758e+02 
 2.23872114e+01  9.51277504e+01 -1.79978263e+02 
 2.29086765e+01  9.51277500e+01 -1.79977757e+02 
 2.34422882e+01  9.51277496e+01 -1.79977238e+02 
 2.39883292e+01  9.51277492e+01 -1.79976708e+02 
 2.45470892e+01  9.51277487e+01 -1.79976166e+02 
 2.51188643e+01  9.51277483e+01 -1.79975611e+02 
 2.57039578e+01  9.51277478e+01 -1.79975042e+02 
 2.63026799e+01  9.51277473e+01 -1.79974461e+02 
 2.69153480e+01  9.51277468e+01 -1.79973866e+02 
 2.75422870e+01  9.51277463e+01 -1.79973258e+02 
 2.81838293e+01  9.51277457e+01 -1.79972635e+02 
 2.88403150e+01  9.51277451e+01 -1.79971997e+02 
 2.95120923e+01  9.51277445e+01 -1.79971345e+02 
 3.01995172e+01  9.51277438e+01 -1.79970677e+02 
 3.09029543e+01  9.51277431e+01 -1.79969994e+02 
 3.16227766e+01  9.51277424e+01 -1.79969296e+02 
 3.23593657e+01  9.51277416e+01 -1.79968580e+02 
 3.31131121e+01  9.51277409e+01 -1.79967848e+02 
 3.38844156e+01  9.51277400e+01 -1.79967100e+02 
 3.46736850e+01  9.51277392e+01 -1.79966333e+02 
 3.54813389e+01  9.51277383e+01 -1.79965549e+02 
 3.63078055e+01  9.51277373e+01 -1.79964747e+02 
 3.71535229e+01  9.51277363e+01 -1.79963925e+02 
 3.80189396e+01  9.51277353e+01 -1.79963085e+02 
 3.89045145e+01  9.51277342e+01 -1.79962225e+02 
 3.98107171e+01  9.51277330e+01 -1.79961345e+02 
 4.07380278e+01  9.51277318e+01 -1.79960445e+02 
 4.16869383e+01  9.51277306e+01 -1.79959524e+02 
 4.26579519e+01  9.51277293e+01 -1.79958581e+02 
 4.36515832e+01  9.51277279e+01 -1.79957616e+02 
 4.46683592e+01  9.51277265e+01 -1.79956629e+02 
 4.57088190e+01  9.51277250e+01 -1.79955619e+02 
 4.67735141e+01  9.51277234e+01 -1.79954585e+02 
 4.78630092e+01  9.51277218e+01 -1.79953527e+02 
 4.89778819e+01  9.51277200e+01 -1.79952445e+02 
 5.01187234e+01  9.51277182e+01 -1.79951337e+02 
 5.12861384e+01  9.51277163e+01 -1.79950203e+02 
 5.24807460e+01  9.51277143e+01 -1.79949043e+02 
 5.37031796e+01  9.51277123e+01 -1.79947857e+02 
 5.49540874e+01  9.51277101e+01 -1.79946642e+02 
 5.62341325e+01  9.51277078e+01 -1.79945399e+02 
 5.75439937e+01  9.51277054e+01 -1.79944127e+02 
 5.88843655e+01  9.51277029e+01 -1.79942826e+02 
 6.02559586e+01  9.51277003e+01 -1.79941494e+02 
 6.16595002e+01  9.51276976e+01 -1.79940131e+02 
 6.30957344e+01  9.51276947e+01 -1.79938737e+02 
 6.45654229e+01  9.51276917e+01 -1.79937310e+02 
 6.60693448e+01  9.51276886e+01 -1.79935850e+02 
 6.76082975e+01  9.51276853e+01 -1.79934355e+02 
 6.91830971e+01  9.51276819e+01 -1.79932826e+02 
 7.07945784e+01  9.51276783e+01 -1.79931262e+02 
 7.24435960e+01  9.51276745e+01 -1.79929661e+02 
 7.41310241e+01  9.51276705e+01 -1.79928022e+02 
 7.58577575e+01  9.51276664e+01 -1.79926346e+02 
 7.76247117e+01  9.51276620e+01 -1.79924630e+02 
 7.94328235e+01  9.51276575e+01 -1.79922875e+02 
 8.12830516e+01  9.51276528e+01 -1.79921078e+02 
 8.31763771e+01  9.51276478e+01 -1.79919240e+02 
 8.51138038e+01  9.51276426e+01 -1.79917359e+02 
 8.70963590e+01  9.51276371e+01 -1.79915434e+02 
 8.91250938e+01  9.51276314e+01 -1.79913464e+02 
 9.12010839e+01  9.51276254e+01 -1.79911449e+02 
 9.33254301e+01  9.51276191e+01 -1.79909386e+02 
 9.54992586e+01  9.51276126e+01 -1.79907275e+02 
 9.77237221e+01  9.51276057e+01 -1.79905116e+02 
 1.00000000e+02  9.51275985e+01 -1.79902906e+02 
 1.02329299e+02  9.51275910e+01 -1.79900644e+02 
 1.04712855e+02  9.51275831e+01 -1.79898330e+02 
 1.07151931e+02  9.51275748e+01 -1.79895962e+02 
 1.09647820e+02  9.51275662e+01 -1.79893538e+02 
 1.12201845e+02  9.51275571e+01 -1.79891059e+02 
 1.14815362e+02  9.51275476e+01 -1.79888521e+02 
 1.17489755e+02  9.51275377e+01 -1.79885925e+02 
 1.20226443e+02  9.51275273e+01 -1.79883268e+02 
 1.23026877e+02  9.51275164e+01 -1.79880549e+02 
 1.25892541e+02  9.51275050e+01 -1.79877767e+02 
 1.28824955e+02  9.51274931e+01 -1.79874920e+02 
 1.31825674e+02  9.51274805e+01 -1.79872006e+02 
 1.34896288e+02  9.51274675e+01 -1.79869025e+02 
 1.38038426e+02  9.51274537e+01 -1.79865974e+02 
 1.41253754e+02  9.51274394e+01 -1.79862853e+02 
 1.44543977e+02  9.51274244e+01 -1.79859659e+02 
 1.47910839e+02  9.51274086e+01 -1.79856390e+02 
 1.51356125e+02  9.51273921e+01 -1.79853045e+02 
 1.54881662e+02  9.51273749e+01 -1.79849622e+02 
 1.58489319e+02  9.51273568e+01 -1.79846120e+02 
 1.62181010e+02  9.51273379e+01 -1.79842536e+02 
 1.65958691e+02  9.51273181e+01 -1.79838868e+02 
 1.69824365e+02  9.51272973e+01 -1.79835115e+02 
 1.73780083e+02  9.51272756e+01 -1.79831275e+02 
 1.77827941e+02  9.51272528e+01 -1.79827346e+02 
 1.81970086e+02  9.51272290e+01 -1.79823324e+02 
 1.86208714e+02  9.51272040e+01 -1.79819210e+02 
 1.90546072e+02  9.51271779e+01 -1.79814999e+02 
 1.94984460e+02  9.51271506e+01 -1.79810690e+02 
 1.99526231e+02  9.51271219e+01 -1.79806281e+02 
 2.04173794e+02  9.51270919e+01 -1.79801770e+02 
 2.08929613e+02  9.51270605e+01 -1.79797153e+02 
 2.13796209e+02  9.51270276e+01 -1.79792429e+02 
 2.18776162e+02  9.51269932e+01 -1.79787595e+02 
 2.23872114e+02  9.51269571e+01 -1.79782648e+02 
 2.29086765e+02  9.51269194e+01 -1.79777586e+02 
 2.34422882e+02  9.51268798e+01 -1.79772407e+02 
 2.39883292e+02  9.51268384e+01 -1.79767106e+02 
 2.45470892e+02  9.51267951e+01 -1.79761683e+02 
 2.51188643e+02  9.51267497e+01 -1.79756133e+02 
 2.57039578e+02  9.51267022e+01 -1.79750454e+02 
 2.63026799e+02  9.51266524e+01 -1.79744643e+02 
 2.69153480e+02  9.51266003e+01 -1.79738696e+02 
 2.75422870e+02  9.51265457e+01 -1.79732611e+02 
 2.81838293e+02  9.51264885e+01 -1.79726385e+02 
 2.88403150e+02  9.51264287e+01 -1.79720013e+02 
 2.95120923e+02  9.51263660e+01 -1.79713494e+02 
 3.01995172e+02  9.51263004e+01 -1.79706822e+02 
 3.09029543e+02  9.51262317e+01 -1.79699995e+02 
 3.16227766e+02  9.51261598e+01 -1.79693010e+02 
 3.23593657e+02  9.51260844e+01 -1.79685862e+02 
 3.31131121e+02  9.51260056e+01 -1.79678547e+02 
 3.38844156e+02  9.51259230e+01 -1.79671063e+02 
 3.46736850e+02  9.51258365e+01 -1.79663404e+02 
 3.54813389e+02  9.51257459e+01 -1.79655567e+02 
 3.63078055e+02  9.51256511e+01 -1.79647548e+02 
 3.71535229e+02  9.51255518e+01 -1.79639343e+02 
 3.80189396e+02  9.51254478e+01 -1.79630946e+02 
 3.89045145e+02  9.51253389e+01 -1.79622355e+02 
 3.98107171e+02  9.51252249e+01 -1.79613563e+02 
 4.07380278e+02  9.51251055e+01 -1.79604567e+02 
 4.16869383e+02  9.51249805e+01 -1.79595362e+02 
 4.26579519e+02  9.51248496e+01 -1.79585943e+02 
 4.36515832e+02  9.51247126e+01 -1.79576305e+02 
 4.46683592e+02  9.51245691e+01 -1.79566442e+02 
 4.57088190e+02  9.51244188e+01 -1.79556351e+02 
 4.67735141e+02  9.51242614e+01 -1.79546025e+02 
 4.78630092e+02  9.51240967e+01 -1.79535459e+02 
 4.89778819e+02  9.51239241e+01 -1.79524648e+02 
 5.01187234e+02  9.51237435e+01 -1.79513586e+02 
 5.12861384e+02  9.51235543e+01 -1.79502266e+02 
 5.24807460e+02  9.51233563e+01 -1.79490684e+02 
 5.37031796e+02  9.51231489e+01 -1.79478832e+02 
 5.49540874e+02  9.51229317e+01 -1.79466706e+02 
 5.62341325e+02  9.51227043e+01 -1.79454298e+02 
 5.75439937e+02  9.51224662e+01 -1.79441602e+02 
 5.88843655e+02  9.51222169e+01 -1.79428611e+02 
 6.02559586e+02  9.51219558e+01 -1.79415319e+02 
 6.16595002e+02  9.51216824e+01 -1.79401718e+02 
 6.30957344e+02  9.51213962e+01 -1.79387802e+02 
 6.45654229e+02  9.51210965e+01 -1.79373563e+02 
 6.60693448e+02  9.51207827e+01 -1.79358994e+02 
 6.76082975e+02  9.51204541e+01 -1.79344088e+02 
 6.91830971e+02  9.51201100e+01 -1.79328835e+02 
 7.07945784e+02  9.51197497e+01 -1.79313230e+02 
 7.24435960e+02  9.51193725e+01 -1.79297263e+02 
 7.41310241e+02  9.51189775e+01 -1.79280926e+02 
 7.58577575e+02  9.51185640e+01 -1.79264211e+02 
 7.76247117e+02  9.51181309e+01 -1.79247108e+02 
 7.94328235e+02  9.51176775e+01 -1.79229611e+02 
 8.12830516e+02  9.51172027e+01 -1.79211708e+02 
 8.31763771e+02  9.51167056e+01 -1.79193391e+02 
 8.51138038e+02  9.51161851e+01 -1.79174651e+02 
 8.70963590e+02  9.51156401e+01 -1.79155478e+02 
 8.91250938e+02  9.51150695e+01 -1.79135862e+02 
 9.12010839e+02  9.51144720e+01 -1.79115793e+02 
 9.33254301e+02  9.51138464e+01 -1.79095261e+02 
 9.54992586e+02  9.51131914e+01 -1.79074255e+02 
 9.77237221e+02  9.51125056e+01 -1.79052765e+02 
 1.00000000e+03  9.51117875e+01 -1.79030779e+02 
 1.02329299e+03  9.51110356e+01 -1.79008287e+02 
 1.04712855e+03  9.51102484e+01 -1.78985277e+02 
 1.07151931e+03  9.51094242e+01 -1.78961737e+02 
 1.09647820e+03  9.51085612e+01 -1.78937656e+02 
 1.12201845e+03  9.51076577e+01 -1.78913021e+02 
 1.14815362e+03  9.51067117e+01 -1.78887820e+02 
 1.17489755e+03  9.51057213e+01 -1.78862041e+02 
 1.20226443e+03  9.51046843e+01 -1.78835670e+02 
 1.23026877e+03  9.51035986e+01 -1.78808695e+02 
 1.25892541e+03  9.51024618e+01 -1.78781102e+02 
 1.28824955e+03  9.51012717e+01 -1.78752877e+02 
 1.31825674e+03  9.51000258e+01 -1.78724006e+02 
 1.34896288e+03  9.50987213e+01 -1.78694476e+02 
 1.38038426e+03  9.50973555e+01 -1.78664272e+02 
 1.41253754e+03  9.50959257e+01 -1.78633378e+02 
 1.44543977e+03  9.50944288e+01 -1.78601781e+02 
 1.47910839e+03  9.50928616e+01 -1.78569464e+02 
 1.51356125e+03  9.50912210e+01 -1.78536413e+02 
 1.54881662e+03  9.50895034e+01 -1.78502611e+02 
 1.58489319e+03  9.50877052e+01 -1.78468042e+02 
 1.62181010e+03  9.50858228e+01 -1.78432690e+02 
 1.65958691e+03  9.50838522e+01 -1.78396538e+02 
 1.69824365e+03  9.50817893e+01 -1.78359569e+02 
 1.73780083e+03  9.50796297e+01 -1.78321766e+02 
 1.77827941e+03  9.50773690e+01 -1.78283111e+02 
 1.81970086e+03  9.50750025e+01 -1.78243587e+02 
 1.86208714e+03  9.50725252e+01 -1.78203176e+02 
 1.90546072e+03  9.50699321e+01 -1.78161859e+02 
 1.94984460e+03  9.50672177e+01 -1.78119617e+02 
 1.99526231e+03  9.50643765e+01 -1.78076432e+02 
 2.04173794e+03  9.50614025e+01 -1.78032284e+02 
 2.08929613e+03  9.50582895e+01 -1.77987155e+02 
 2.13796209e+03  9.50550313e+01 -1.77941025e+02 
 2.18776162e+03  9.50516210e+01 -1.77893873e+02 
 2.23872114e+03  9.50480516e+01 -1.77845680e+02 
 2.29086765e+03  9.50443158e+01 -1.77796426e+02 
 2.34422882e+03  9.50404059e+01 -1.77746089e+02 
 2.39883292e+03  9.50363139e+01 -1.77694650e+02 
 2.45470892e+03  9.50320314e+01 -1.77642088e+02 
 2.51188643e+03  9.50275497e+01 -1.77588381e+02 
 2.57039578e+03  9.50228596e+01 -1.77533509e+02 
 2.63026799e+03  9.50179516e+01 -1.77477451e+02 
 2.69153480e+03  9.50128157e+01 -1.77420184e+02 
 2.75422870e+03  9.50074415e+01 -1.77361688e+02 
 2.81838293e+03  9.50018181e+01 -1.77301942e+02 
 2.88403150e+03  9.49959341e+01 -1.77240923e+02 
 2.95120923e+03  9.49897777e+01 -1.77178611e+02 
 3.01995172e+03  9.49833366e+01 -1.77114985e+02 
 3.09029543e+03  9.49765977e+01 -1.77050022e+02 
 3.16227766e+03  9.49695477e+01 -1.76983703e+02 
 3.23593657e+03  9.49621724e+01 -1.76916005e+02 
 3.31131121e+03  9.49544573e+01 -1.76846909e+02 
 3.38844156e+03  9.49463869e+01 -1.76776394e+02 
 3.46736850e+03  9.49379454e+01 -1.76704440e+02 
 3.54813389e+03  9.49291161e+01 -1.76631028e+02 
 3.63078055e+03  9.49198817e+01 -1.76556137e+02 
 3.71535229e+03  9.49102241e+01 -1.76479749e+02 
 3.80189396e+03  9.49001245e+01 -1.76401847e+02 
 3.89045145e+03  9.48895634e+01 -1.76322412e+02 
 3.98107171e+03  9.48785202e+01 -1.76241428e+02 
 4.07380278e+03  9.48669737e+01 -1.76158878e+02 
 4.16869383e+03  9.48549019e+01 -1.76074749e+02 
 4.26579519e+03  9.48422816e+01 -1.75989025e+02 
 4.36515832e+03  9.48290890e+01 -1.75901694e+02 
 4.46683592e+03  9.48152991e+01 -1.75812745e+02 
 4.57088190e+03  9.48008861e+01 -1.75722165e+02 
 4.67735141e+03  9.47858230e+01 -1.75629948e+02 
 4.78630092e+03  9.47700818e+01 -1.75536085e+02 
 4.89778819e+03  9.47536336e+01 -1.75440570e+02 
 5.01187234e+03  9.47364482e+01 -1.75343400e+02 
 5.12861384e+03  9.47184943e+01 -1.75244572e+02 
 5.24807460e+03  9.46997395e+01 -1.75144087e+02 
 5.37031796e+03  9.46801500e+01 -1.75041947e+02 
 5.49540874e+03  9.46596911e+01 -1.74938157e+02 
 5.62341325e+03  9.46383266e+01 -1.74832724e+02 
 5.75439937e+03  9.46160190e+01 -1.74725659e+02 
 5.88843655e+03  9.45927297e+01 -1.74616975e+02 
 6.02559586e+03  9.45684185e+01 -1.74506688e+02 
 6.16595002e+03  9.45430441e+01 -1.74394817e+02 
 6.30957344e+03  9.45165636e+01 -1.74281385e+02 
 6.45654229e+03  9.44889329e+01 -1.74166420e+02 
 6.60693448e+03  9.44601062e+01 -1.74049951e+02 
 6.76082975e+03  9.44300367e+01 -1.73932015e+02 
 6.91830971e+03  9.43986757e+01 -1.73812648e+02 
 7.07945784e+03  9.43659734e+01 -1.73691896e+02 
 7.24435960e+03  9.43318782e+01 -1.73569806e+02 
 7.41310241e+03  9.42963374e+01 -1.73446432e+02 
 7.58577575e+03  9.42592965e+01 -1.73321831e+02 
 7.76247117e+03  9.42206997e+01 -1.73196067e+02 
 7.94328235e+03  9.41804899e+01 -1.73069210e+02 
 8.12830516e+03  9.41386082e+01 -1.72941333e+02 
 8.31763771e+03  9.40949946e+01 -1.72812518e+02 
 8.51138038e+03  9.40495875e+01 -1.72682850e+02 
 8.70963590e+03  9.40023240e+01 -1.72552423e+02 
 8.91250938e+03  9.39531400e+01 -1.72421335e+02 
 9.12010839e+03  9.39019700e+01 -1.72289691e+02 
 9.33254301e+03  9.38487471e+01 -1.72157604e+02 
 9.54992586e+03  9.37934036e+01 -1.72025191e+02 
 9.77237221e+03  9.37358702e+01 -1.71892577e+02 
 1.00000000e+04  9.36760770e+01 -1.71759894e+02 
 1.02329299e+04  9.36139529e+01 -1.71627280e+02 
 1.04712855e+04  9.35494258e+01 -1.71494879e+02 
 1.07151931e+04  9.34824231e+01 -1.71362843e+02 
 1.09647820e+04  9.34128712e+01 -1.71231328e+02 
 1.12201845e+04  9.33406961e+01 -1.71100498e+02 
 1.14815362e+04  9.32658231e+01 -1.70970522e+02 
 1.17489755e+04  9.31881776e+01 -1.70841576e+02 
 1.20226443e+04  9.31076842e+01 -1.70713840e+02 
 1.23026877e+04  9.30242677e+01 -1.70587500e+02 
 1.25892541e+04  9.29378530e+01 -1.70462746e+02 
 1.28824955e+04  9.28483650e+01 -1.70339772e+02 
 1.31825674e+04  9.27557292e+01 -1.70218776e+02 
 1.34896288e+04  9.26598714e+01 -1.70099961e+02 
 1.38038426e+04  9.25607181e+01 -1.69983530e+02 
 1.41253754e+04  9.24581968e+01 -1.69869688e+02 
 1.44543977e+04  9.23522359e+01 -1.69758644e+02 
 1.47910839e+04  9.22427649e+01 -1.69650605e+02 
 1.51356125e+04  9.21297150e+01 -1.69545778e+02 
 1.54881662e+04  9.20130185e+01 -1.69444371e+02 
 1.58489319e+04  9.18926100e+01 -1.69346588e+02 
 1.62181010e+04  9.17684254e+01 -1.69252630e+02 
 1.65958691e+04  9.16404032e+01 -1.69162698e+02 
 1.69824365e+04  9.15084839e+01 -1.69076984e+02 
 1.73780083e+04  9.13726106e+01 -1.68995677e+02 
 1.77827941e+04  9.12327289e+01 -1.68918960e+02 
 1.81970086e+04  9.10887873e+01 -1.68847008e+02 
 1.86208714e+04  9.09407371e+01 -1.68779988e+02 
 1.90546072e+04  9.07885328e+01 -1.68718059e+02 
 1.94984460e+04  9.06321321e+01 -1.68661368e+02 
 1.99526231e+04  9.04714962e+01 -1.68610053e+02 
 2.04173794e+04  9.03065895e+01 -1.68564242e+02 
 2.08929613e+04  9.01373804e+01 -1.68524048e+02 
 2.13796209e+04  8.99638408e+01 -1.68489574e+02 
 2.18776162e+04  8.97859463e+01 -1.68460908e+02 
 2.23872114e+04  8.96036768e+01 -1.68438125e+02 
 2.29086765e+04  8.94170157e+01 -1.68421285e+02 
 2.34422882e+04  8.92259507e+01 -1.68410435e+02 
 2.39883292e+04  8.90304735e+01 -1.68405606e+02 
 2.45470892e+04  8.88305799e+01 -1.68406813e+02 
 2.51188643e+04  8.86262699e+01 -1.68414059e+02 
 2.57039578e+04  8.84175473e+01 -1.68427329e+02 
 2.63026799e+04  8.82044204e+01 -1.68446593e+02 
 2.69153480e+04  8.79869012e+01 -1.68471809e+02 
 2.75422870e+04  8.77650061e+01 -1.68502917e+02 
 2.81838293e+04  8.75387550e+01 -1.68539845e+02 
 2.88403150e+04  8.73081721e+01 -1.68582507e+02 
 2.95120923e+04  8.70732853e+01 -1.68630802e+02 
 3.01995172e+04  8.68341262e+01 -1.68684618e+02 
 3.09029543e+04  8.65907300e+01 -1.68743832e+02 
 3.16227766e+04  8.63431354e+01 -1.68808306e+02 
 3.23593657e+04  8.60913847e+01 -1.68877894e+02 
 3.31131121e+04  8.58355230e+01 -1.68952440e+02 
 3.38844156e+04  8.55755990e+01 -1.69031780e+02 
 3.46736850e+04  8.53116639e+01 -1.69115739e+02 
 3.54813389e+04  8.50437722e+01 -1.69204136e+02 
 3.63078055e+04  8.47719805e+01 -1.69296786e+02 
 3.71535229e+04  8.44963482e+01 -1.69393496e+02 
 3.80189396e+04  8.42169369e+01 -1.69494069e+02 
 3.89045145e+04  8.39338103e+01 -1.69598305e+02 
 3.98107171e+04  8.36470339e+01 -1.69706001e+02 
 4.07380278e+04  8.33566752e+01 -1.69816951e+02 
 4.16869383e+04  8.30628030e+01 -1.69930950e+02 
 4.26579519e+04  8.27654878e+01 -1.70047792e+02 
 4.36515832e+04  8.24648010e+01 -1.70167271e+02 
 4.46683592e+04  8.21608151e+01 -1.70289183e+02 
 4.57088190e+04  8.18536036e+01 -1.70413325e+02 
 4.67735141e+04  8.15432406e+01 -1.70539497e+02 
 4.78630092e+04  8.12298007e+01 -1.70667503e+02 
 4.89778819e+04  8.09133588e+01 -1.70797150e+02 
 5.01187234e+04  8.05939902e+01 -1.70928250e+02 
 5.12861384e+04  8.02717701e+01 -1.71060618e+02 
 5.24807460e+04  7.99467735e+01 -1.71194075e+02 
 5.37031796e+04  7.96190755e+01 -1.71328448e+02 
 5.49540874e+04  7.92887506e+01 -1.71463569e+02 
 5.62341325e+04  7.89558729e+01 -1.71599276e+02 
 5.75439937e+04  7.86205159e+01 -1.71735414e+02 
 5.88843655e+04  7.82827523e+01 -1.71871833e+02 
 6.02559586e+04  7.79426543e+01 -1.72008391e+02 
 6.16595002e+04  7.76002928e+01 -1.72144951e+02 
 6.30957344e+04  7.72557382e+01 -1.72281384e+02 
 6.45654229e+04  7.69090593e+01 -1.72417566e+02 
 6.60693448e+04  7.65603243e+01 -1.72553381e+02 
 6.76082975e+04  7.62095999e+01 -1.72688720e+02 
 6.91830971e+04  7.58569517e+01 -1.72823479e+02 
 7.07945784e+04  7.55024440e+01 -1.72957561e+02 
 7.24435960e+04  7.51461396e+01 -1.73090875e+02 
 7.41310241e+04  7.47881001e+01 -1.73223338e+02 
 7.58577575e+04  7.44283859e+01 -1.73354870e+02 
 7.76247117e+04  7.40670555e+01 -1.73485400e+02 
 7.94328235e+04  7.37041663e+01 -1.73614861e+02 
 8.12830516e+04  7.33397743e+01 -1.73743191e+02 
 8.31763771e+04  7.29739338e+01 -1.73870335e+02 
 8.51138038e+04  7.26066977e+01 -1.73996242e+02 
 8.70963590e+04  7.22381176e+01 -1.74120866e+02 
 8.91250938e+04  7.18682435e+01 -1.74244166e+02 
 9.12010839e+04  7.14971239e+01 -1.74366107e+02 
 9.33254301e+04  7.11248059e+01 -1.74486655e+02 
 9.54992586e+04  7.07513353e+01 -1.74605783e+02 
 9.77237221e+04  7.03767562e+01 -1.74723467e+02 
 1.00000000e+05  7.00011116e+01 -1.74839688e+02 
 1.02329299e+05  6.96244428e+01 -1.74954428e+02 
 1.04712855e+05  6.92467901e+01 -1.75067674e+02 
 1.07151931e+05  6.88681922e+01 -1.75179416e+02 
 1.09647820e+05  6.84886865e+01 -1.75289648e+02 
 1.12201845e+05  6.81083093e+01 -1.75398365e+02 
 1.14815362e+05  6.77270955e+01 -1.75505567e+02 
 1.17489755e+05  6.73450787e+01 -1.75611253e+02 
 1.20226443e+05  6.69622915e+01 -1.75715427e+02 
 1.23026877e+05  6.65787652e+01 -1.75818096e+02 
 1.25892541e+05  6.61945299e+01 -1.75919266e+02 
 1.28824955e+05  6.58096148e+01 -1.76018947e+02 
 1.31825674e+05  6.54240477e+01 -1.76117152e+02 
 1.34896288e+05  6.50378558e+01 -1.76213892e+02 
 1.38038426e+05  6.46510648e+01 -1.76309182e+02 
 1.41253754e+05  6.42636997e+01 -1.76403039e+02 
 1.44543977e+05  6.38757845e+01 -1.76495479e+02 
 1.47910839e+05  6.34873421e+01 -1.76586521e+02 
 1.51356125e+05  6.30983949e+01 -1.76676186e+02 
 1.54881662e+05  6.27089639e+01 -1.76764493e+02 
 1.58489319e+05  6.23190696e+01 -1.76851464e+02 
 1.62181010e+05  6.19287317e+01 -1.76937121e+02 
 1.65958691e+05  6.15379690e+01 -1.77021488e+02 
 1.69824365e+05  6.11467995e+01 -1.77104589e+02 
 1.73780083e+05  6.07552405e+01 -1.77186449e+02 
 1.77827941e+05  6.03633088e+01 -1.77267091e+02 
 1.81970086e+05  5.99710201e+01 -1.77346544e+02 
 1.86208714e+05  5.95783899e+01 -1.77424831e+02 
 1.90546072e+05  5.91854327e+01 -1.77501980e+02 
 1.94984460e+05  5.87921626e+01 -1.77578019e+02 
 1.99526231e+05  5.83985930e+01 -1.77652974e+02 
 2.04173794e+05  5.80047369e+01 -1.77726872e+02 
 2.08929613e+05  5.76106066e+01 -1.77799743e+02 
 2.13796209e+05  5.72162139e+01 -1.77871613e+02 
 2.18776162e+05  5.68215702e+01 -1.77942511e+02 
 2.23872114e+05  5.64266862e+01 -1.78012467e+02 
 2.29086765e+05  5.60315724e+01 -1.78081507e+02 
 2.34422882e+05  5.56362387e+01 -1.78149662e+02 
 2.39883292e+05  5.52406945e+01 -1.78216960e+02 
 2.45470892e+05  5.48449490e+01 -1.78283430e+02 
 2.51188643e+05  5.44490109e+01 -1.78349101e+02 
 2.57039578e+05  5.40528884e+01 -1.78414003e+02 
 2.63026799e+05  5.36565896e+01 -1.78478164e+02 
 2.69153480e+05  5.32601220e+01 -1.78541615e+02 
 2.75422870e+05  5.28634929e+01 -1.78604384e+02 
 2.81838293e+05  5.24667092e+01 -1.78666500e+02 
 2.88403150e+05  5.20697775e+01 -1.78727994e+02 
 2.95120923e+05  5.16727043e+01 -1.78788895e+02 
 3.01995172e+05  5.12754955e+01 -1.78849233e+02 
 3.09029543e+05  5.08781569e+01 -1.78909037e+02 
 3.16227766e+05  5.04806941e+01 -1.78968337e+02 
 3.23593657e+05  5.00831123e+01 -1.79027163e+02 
 3.31131121e+05  4.96854165e+01 -1.79085545e+02 
 3.38844156e+05  4.92876116e+01 -1.79143513e+02 
 3.46736850e+05  4.88897020e+01 -1.79201097e+02 
 3.54813389e+05  4.84916922e+01 -1.79258327e+02 
 3.63078055e+05  4.80935863e+01 -1.79315234e+02 
 3.71535229e+05  4.76953882e+01 -1.79371848e+02 
 3.80189396e+05  4.72971018e+01 -1.79428201e+02 
 3.89045145e+05  4.68987306e+01 -1.79484322e+02 
 3.98107171e+05  4.65002781e+01 -1.79540244e+02 
 4.07380278e+05  4.61017474e+01 -1.79595997e+02 
 4.16869383e+05  4.57031417e+01 -1.79651614e+02 
 4.26579519e+05  4.53044639e+01 -1.79707126e+02 
 4.36515832e+05  4.49057168e+01 -1.79762565e+02 
 4.46683592e+05  4.45069031e+01 -1.79817965e+02 
 4.57088190e+05  4.41080252e+01 -1.79873358e+02 
 4.67735141e+05  4.37090855e+01 -1.79928778e+02 
 4.78630092e+05  4.33100863e+01 -1.79984259e+02 
 4.89778819e+05  4.29110297e+01 -1.80039835e+02 
 5.01187234e+05  4.25119178e+01 -1.80095541e+02 
 5.12861384e+05  4.21127524e+01 -1.80151412e+02 
 5.24807460e+05  4.17135354e+01 -1.80207486e+02 
 5.37031796e+05  4.13142683e+01 -1.80263798e+02 
 5.49540874e+05  4.09149529e+01 -1.80320387e+02 
 5.62341325e+05  4.05155906e+01 -1.80377290e+02 
 5.75439937e+05  4.01161828e+01 -1.80434548e+02 
 5.88843655e+05  3.97167309e+01 -1.80492200e+02 
 6.02559586e+05  3.93172360e+01 -1.80550288e+02 
 6.16595002e+05  3.89176994e+01 -1.80608853e+02 
 6.30957344e+05  3.85181220e+01 -1.80667939e+02 
 6.45654229e+05  3.81185049e+01 -1.80727592e+02 
 6.60693448e+05  3.77188490e+01 -1.80787855e+02 
 6.76082975e+05  3.73191551e+01 -1.80848779e+02 
 6.91830971e+05  3.69194241e+01 -1.80910409e+02 
 7.07945784e+05  3.65196566e+01 -1.80972799e+02 
 7.24435960e+05  3.61198533e+01 -1.81035998e+02 
 7.41310241e+05  3.57200148e+01 -1.81100062e+02 
 7.58577575e+05  3.53201416e+01 -1.81165047e+02 
 7.76247117e+05  3.49202343e+01 -1.81231010e+02 
 7.94328235e+05  3.45202932e+01 -1.81298012e+02 
 8.12830516e+05  3.41203188e+01 -1.81366115e+02 
 8.31763771e+05  3.37203114e+01 -1.81435385e+02 
 8.51138038e+05  3.33202713e+01 -1.81505889e+02 
 8.70963590e+05  3.29201989e+01 -1.81577698e+02 
 8.91250938e+05  3.25200942e+01 -1.81650888e+02 
 9.12010839e+05  3.21199577e+01 -1.81725533e+02 
 9.33254301e+05  3.17197894e+01 -1.81801716e+02 
 9.54992586e+05  3.13195895e+01 -1.81879522e+02 
 9.77237221e+05  3.09193583e+01 -1.81959038e+02 
 1.00000000e+06  3.05190958e+01 -1.82040357e+02 
 1.02329299e+06  3.01188023e+01 -1.82123578e+02 
 1.04712855e+06  2.97184779e+01 -1.82208802e+02 
 1.07151931e+06  2.93181229e+01 -1.82296137e+02 
 1.09647820e+06  2.89177374e+01 -1.82385697e+02 
 1.12201845e+06  2.85173218e+01 -1.82477601e+02 
 1.14815362e+06  2.81168763e+01 -1.82571973e+02 
 1.17489755e+06  2.77164014e+01 -1.82668948e+02 
 1.20226443e+06  2.73158975e+01 -1.82768663e+02 
 1.23026877e+06  2.69153651e+01 -1.82871267e+02 
 1.25892541e+06  2.65148050e+01 -1.82976915e+02 
 1.28824955e+06  2.61142180e+01 -1.83085772e+02 
 1.31825674e+06  2.57136050e+01 -1.83198010e+02 
 1.34896288e+06  2.53129673e+01 -1.83313815e+02 
 1.38038426e+06  2.49123061e+01 -1.83433381e+02 
 1.41253754e+06  2.45116232e+01 -1.83556913e+02 
 1.44543977e+06  2.41109205e+01 -1.83684630e+02 
 1.47910839e+06  2.37102001e+01 -1.83816764e+02 
 1.51356125e+06  2.33094648e+01 -1.83953558e+02 
 1.54881662e+06  2.29087176e+01 -1.84095274e+02 
 1.58489319e+06  2.25079621e+01 -1.84242186e+02 
 1.62181010e+06  2.21072024e+01 -1.84394588e+02 
 1.65958691e+06  2.17064433e+01 -1.84552790e+02 
 1.69824365e+06  2.13056902e+01 -1.84717122e+02 
 1.73780083e+06  2.09049494e+01 -1.84887934e+02 
 1.77827941e+06  2.05042282e+01 -1.85065599e+02 
 1.81970086e+06  2.01035348e+01 -1.85250510e+02 
 1.86208714e+06  1.97028788e+01 -1.85443089e+02 
 1.90546072e+06  1.93022709e+01 -1.85643781e+02 
 1.94984460e+06  1.89017234e+01 -1.85853061e+02 
 1.99526231e+06  1.85012504e+01 -1.86071433e+02 
 2.04173794e+06  1.81008679e+01 -1.86299433e+02 
 2.08929613e+06  1.77005939e+01 -1.86537628e+02 
 2.13796209e+06  1.73004491e+01 -1.86786625e+02 
 2.18776162e+06  1.69004569e+01 -1.87047067e+02 
 2.23872114e+06  1.65006437e+01 -1.87319634e+02 
 2.29086765e+06  1.61010395e+01 -1.87605053e+02 
 2.34422882e+06  1.57016782e+01 -1.87904092e+02 
 2.39883292e+06  1.53025982e+01 -1.88217567e+02 
 2.45470892e+06  1.49038429e+01 -1.88546345e+02 
 2.51188643e+06  1.45054613e+01 -1.88891343e+02 
 2.57039578e+06  1.41075086e+01 -1.89253532e+02 
 2.63026799e+06  1.37100472e+01 -1.89633941e+02 
 2.69153480e+06  1.33131474e+01 -1.90033657e+02 
 2.75422870e+06  1.29168883e+01 -1.90453827e+02 
 2.81838293e+06  1.25213593e+01 -1.90895662e+02 
 2.88403150e+06  1.21266604e+01 -1.91360435e+02 
 2.95120923e+06  1.17329045e+01 -1.91849488e+02 
 3.01995172e+06  1.13402182e+01 -1.92364223e+02 
 3.09029543e+06  1.09487436e+01 -1.92906112e+02 
 3.16227766e+06  1.05586397e+01 -1.93476687e+02 
 3.23593657e+06  1.01700850e+01 -1.94077545e+02 
 3.31131121e+06  9.78327873e+00 -1.94710339e+02 
 3.38844156e+06  9.39844339e+00 -1.95376774e+02 
 3.46736850e+06  9.01582703e+00 -1.96078603e+02 
 3.54813389e+06  8.63570560e+00 -1.96817612e+02 
 3.63078055e+06  8.25838550e+00 -1.97595613e+02 
 3.71535229e+06  7.88420609e+00 -1.98414426e+02 
 3.80189396e+06  7.51354227e+00 -1.99275860e+02 
 3.89045145e+06  7.14680694e+00 -2.00181694e+02 
 3.98107171e+06  6.78445332e+00 -2.01133645e+02 
 4.07380278e+06  6.42697696e+00 -2.02133341e+02 
 4.16869383e+06  6.07491738e+00 -2.03182285e+02 
 4.26579519e+06  5.72885905e+00 -2.04281811e+02 
 4.36515832e+06  5.38943167e+00 -2.05433038e+02 
 4.46683592e+06  5.05730947e+00 -2.06636825e+02 
 4.57088190e+06  4.73320923e+00 -2.07893711e+02 
 4.67735141e+06  4.41788700e+00 -2.09203859e+02 
 4.78630092e+06  4.11213307e+00 -2.10567003e+02 
 4.89778819e+06  3.81676517e+00 -2.11982382e+02 
 5.01187234e+06  3.53261972e+00 -2.13448696e+02 
 5.12861384e+06  3.26054105e+00 -2.14964049e+02 
 5.24807460e+06  3.00136869e+00 -2.16525918e+02 
 5.37031796e+06  2.75592294e+00 -2.18131123e+02 
 5.49540874e+06  2.52498891e+00 -2.19775820e+02 
 5.62341325e+06  2.30929978e+00 -2.21455513e+02 
 5.75439937e+06  2.10951970e+00 -2.23165084e+02 
 5.88843655e+06  1.92622716e+00 -2.24898848e+02 
 6.02559586e+06  1.75989970e+00 -2.26650630e+02 
 6.16595002e+06  1.61090074e+00 -2.28413867e+02 
 6.30957344e+06  1.47946935e+00 -2.30181717e+02 
 6.45654229e+06  1.36571354e+00 -2.31947193e+02 
 6.60693448e+06  1.26960753e+00 -2.33703297e+02 
 6.76082975e+06  1.19099318e+00 -2.35443158e+02 
 6.91830971e+06  1.12958542e+00 -2.37160162e+02 
 7.07945784e+06  1.08498143e+00 -2.38848071e+02 
 7.24435960e+06  1.05667287e+00 -2.40501127e+02 
 7.41310241e+06  1.04406055e+00 -2.42114136e+02 
 7.58577575e+06  1.04647055e+00 -2.43682527e+02 
 7.76247117e+06  1.06317118e+00 -2.45202390e+02 
 7.94328235e+06  1.09338971e+00 -2.46670493e+02 
 8.12830516e+06  1.13632851e+00 -2.48084275e+02 
 8.31763771e+06  1.19117978e+00 -2.49441827e+02 
 8.51138038e+06  1.25713866e+00 -2.50741853e+02 
 8.70963590e+06  1.33341447e+00 -2.51983628e+02 
 8.91250938e+06  1.41923994e+00 -2.53166940e+02 
 9.12010839e+06  1.51387844e+00 -2.54292036e+02 
 9.33254301e+06  1.61662943e+00 -2.55359561e+02 
 9.54992586e+06  1.72683216e+00 -2.56370501e+02 
 9.77237221e+06  1.84386794e+00 -2.57326126e+02 
 1.00000000e+07  1.96716115e+00 -2.58227935e+02 
 1.02329299e+07  2.09617920e+00 -2.59077615e+02 
 1.04712855e+07  2.23043173e+00 -2.59876991e+02 
 1.07151931e+07  2.36946911e+00 -2.60627989e+02 
 1.09647820e+07  2.51288057e+00 -2.61332605e+02 
 1.12201845e+07  2.66029197e+00 -2.61992875e+02 
 1.14815362e+07  2.81136339e+00 -2.62610848e+02 
 1.17489755e+07  2.96578667e+00 -2.63188570e+02 
 1.20226443e+07  3.12328288e+00 -2.63728064e+02 
 1.23026877e+07  3.28359984e+00 -2.64231316e+02 
 1.25892541e+07  3.44650979e+00 -2.64700269e+02 
 1.28824955e+07  3.61180709e+00 -2.65136808e+02 
 1.31825674e+07  3.77930612e+00 -2.65542758e+02 
 1.34896288e+07  3.94883928e+00 -2.65919877e+02 
 1.38038426e+07  4.12025517e+00 -2.66269855e+02 
 1.41253754e+07  4.29341693e+00 -2.66594311e+02 
 1.44543977e+07  4.46820067e+00 -2.66894792e+02 
 1.47910839e+07  4.64449414e+00 -2.67172774e+02 
 1.51356125e+07  4.82219543e+00 -2.67429659e+02 
 1.54881662e+07  5.00121187e+00 -2.67666782e+02 
 1.58489319e+07  5.18145902e+00 -2.67885407e+02 
 1.62181010e+07  5.36285974e+00 -2.68086731e+02 
 1.65958691e+07  5.54534344e+00 -2.68271890e+02 
 1.69824365e+07  5.72884531e+00 -2.68441951e+02 
 1.73780083e+07  5.91330573e+00 -2.68597927e+02 
 1.77827941e+07  6.09866968e+00 -2.68740768e+02 
 1.81970086e+07  6.28488626e+00 -2.68871373e+02 
 1.86208714e+07  6.47190826e+00 -2.68990584e+02 
 1.90546072e+07  6.65969176e+00 -2.69099196e+02 
 1.94984460e+07  6.84819581e+00 -2.69197954e+02 
 1.99526231e+07  7.03738209e+00 -2.69287557e+02 
 2.04173794e+07  7.22721473e+00 -2.69368662e+02 
 2.08929613e+07  7.41765999e+00 -2.69441883e+02 
 2.13796209e+07  7.60868615e+00 -2.69507796e+02 
 2.18776162e+07  7.80026324e+00 -2.69566940e+02 
 2.23872114e+07  7.99236299e+00 -2.69619819e+02 
 2.29086765e+07  8.18495860e+00 -2.69666903e+02 
 2.34422882e+07  8.37802468e+00 -2.69708631e+02 
 2.39883292e+07  8.57153715e+00 -2.69745415e+02 
 2.45470892e+07  8.76547311e+00 -2.69777635e+02 
 2.51188643e+07  8.95981081e+00 -2.69805648e+02 
 2.57039578e+07  9.15452951e+00 -2.69829784e+02 
 2.63026799e+07  9.34960951e+00 -2.69850353e+02 
 2.69153480e+07  9.54503202e+00 -2.69867640e+02 
 2.75422870e+07  9.74077914e+00 -2.69881911e+02 
 2.81838293e+07  9.93683383e+00 -2.69893412e+02 
 2.88403150e+07  1.01331798e+01 -2.69902372e+02 
 2.95120923e+07  1.03298017e+01 -2.69909003e+02 
 3.01995172e+07  1.05266846e+01 -2.69913500e+02 
 3.09029543e+07  1.07238146e+01 -2.69916043e+02 
 3.16227766e+07  1.09211782e+01 -2.69916800e+02 
 3.23593657e+07  1.11187629e+01 -2.69915926e+02 
 3.31131121e+07  1.13165564e+01 -2.69913560e+02 
 3.38844156e+07  1.15145474e+01 -2.69909836e+02 
 3.46736850e+07  1.17127249e+01 -2.69904871e+02 
 3.54813389e+07  1.19110786e+01 -2.69898777e+02 
 3.63078055e+07  1.21095986e+01 -2.69891654e+02 
 3.71535229e+07  1.23082758e+01 -2.69883596e+02 
 3.80189396e+07  1.25071013e+01 -2.69874686e+02 
 3.89045145e+07  1.27060668e+01 -2.69865002e+02 
 3.98107171e+07  1.29051646e+01 -2.69854615e+02 
 4.07380278e+07  1.31043871e+01 -2.69843589e+02 
 4.16869383e+07  1.33037276e+01 -2.69831981e+02 
 4.26579519e+07  1.35031795e+01 -2.69819846e+02 
 4.36515832e+07  1.37027365e+01 -2.69807231e+02 
 4.46683592e+07  1.39023930e+01 -2.69794179e+02 
 4.57088190e+07  1.41021437e+01 -2.69780730e+02 
 4.67735141e+07  1.43019833e+01 -2.69766919e+02 
 4.78630092e+07  1.45019074e+01 -2.69752776e+02 
 4.89778819e+07  1.47019114e+01 -2.69738332e+02 
 5.01187234e+07  1.49019914e+01 -2.69723610e+02 
 5.12861384e+07  1.51021436e+01 -2.69708633e+02 
 5.24807460e+07  1.53023645e+01 -2.69693421e+02 
 5.37031796e+07  1.55026509e+01 -2.69677992e+02 
 5.49540874e+07  1.57029999e+01 -2.69662361e+02 
 5.62341325e+07  1.59034087e+01 -2.69646541e+02 
 5.75439937e+07  1.61038749e+01 -2.69630545e+02 
 5.88843655e+07  1.63043962e+01 -2.69614382e+02 
 6.02559586e+07  1.65049706e+01 -2.69598062e+02 
 6.16595002e+07  1.67055963e+01 -2.69581591e+02 
 6.30957344e+07  1.69062717e+01 -2.69564976e+02 
 6.45654229e+07  1.71069952e+01 -2.69548222e+02 
 6.60693448e+07  1.73077657e+01 -2.69531334e+02 
 6.76082975e+07  1.75085819e+01 -2.69514314e+02 
 6.91830971e+07  1.77094429e+01 -2.69497165e+02 
 7.07945784e+07  1.79103479e+01 -2.69479889e+02 
 7.24435960e+07  1.81112963e+01 -2.69462489e+02 
 7.41310241e+07  1.83122874e+01 -2.69444963e+02 
 7.58577575e+07  1.85133208e+01 -2.69427314e+02 
 7.76247117e+07  1.87143963e+01 -2.69409540e+02 
 7.94328235e+07  1.89155137e+01 -2.69391641e+02 
 8.12830516e+07  1.91166728e+01 -2.69373618e+02 
 8.31763771e+07  1.93178737e+01 -2.69355468e+02 
 8.51138038e+07  1.95191165e+01 -2.69337191e+02 
 8.70963590e+07  1.97204014e+01 -2.69318785e+02 
 8.91250938e+07  1.99217287e+01 -2.69300249e+02 
 9.12010839e+07  2.01230988e+01 -2.69281582e+02 
 9.33254301e+07  2.03245122e+01 -2.69262781e+02 
 9.54992586e+07  2.05259694e+01 -2.69243845e+02 
 9.77237221e+07  2.07274710e+01 -2.69224772e+02 
 1.00000000e+08  2.09290178e+01 -2.69205561e+02 
 1.02329299e+08  2.11306105e+01 -2.69186210e+02 
 1.04712855e+08  2.13322500e+01 -2.69166717e+02 
 1.07151931e+08  2.15339372e+01 -2.69147081e+02 
 1.09647820e+08  2.17356731e+01 -2.69127299e+02 
 1.12201845e+08  2.19374588e+01 -2.69107372e+02 
 1.14815362e+08  2.21392955e+01 -2.69087298e+02 
 1.17489755e+08  2.23411842e+01 -2.69067076e+02 
 1.20226443e+08  2.25431264e+01 -2.69046704e+02 
 1.23026877e+08  2.27451234e+01 -2.69026184e+02 
 1.25892541e+08  2.29471767e+01 -2.69005513e+02 
 1.28824955e+08  2.31492876e+01 -2.68984694e+02 
 1.31825674e+08  2.33514578e+01 -2.68963726e+02 
 1.34896288e+08  2.35536890e+01 -2.68942609e+02 
 1.38038426e+08  2.37559828e+01 -2.68921347e+02 
 1.41253754e+08  2.39583411e+01 -2.68899939e+02 
 1.44543977e+08  2.41607656e+01 -2.68878390e+02 
 1.47910839e+08  2.43632583e+01 -2.68856701e+02 
 1.51356125e+08  2.45658211e+01 -2.68834877e+02 
 1.54881662e+08  2.47684562e+01 -2.68812921e+02 
 1.58489319e+08  2.49711655e+01 -2.68790839e+02 
 1.62181010e+08  2.51739512e+01 -2.68768637e+02 
 1.65958691e+08  2.53768155e+01 -2.68746322e+02 
 1.69824365e+08  2.55797606e+01 -2.68723901e+02 
 1.73780083e+08  2.57827887e+01 -2.68701382e+02 
 1.77827941e+08  2.59859023e+01 -2.68678775e+02 
 1.81970086e+08  2.61891034e+01 -2.68656092e+02 
 1.86208714e+08  2.63923946e+01 -2.68633343e+02 
 1.90546072e+08  2.65957780e+01 -2.68610541e+02 
 1.94984460e+08  2.67992559e+01 -2.68587702e+02 
 1.99526231e+08  2.70028307e+01 -2.68564839e+02 
 2.04173794e+08  2.72065046e+01 -2.68541969e+02 
 2.08929613e+08  2.74102798e+01 -2.68519112e+02 
 2.13796209e+08  2.76141584e+01 -2.68496284e+02 
 2.18776162e+08  2.78181424e+01 -2.68473508e+02 
 2.23872114e+08  2.80222338e+01 -2.68450805e+02 
 2.29086765e+08  2.82264345e+01 -2.68428199e+02 
 2.34422882e+08  2.84307461e+01 -2.68405713e+02 
 2.39883292e+08  2.86351703e+01 -2.68383375e+02 
 2.45470892e+08  2.88397085e+01 -2.68361211e+02 
 2.51188643e+08  2.90443619e+01 -2.68339249e+02 
 2.57039578e+08  2.92491314e+01 -2.68317520e+02 
 2.63026799e+08  2.94540181e+01 -2.68296055e+02 
 2.69153480e+08  2.96590224e+01 -2.68274886e+02 
 2.75422870e+08  2.98641446e+01 -2.68254045e+02 
 2.81838293e+08  3.00693849e+01 -2.68233568e+02 
 2.88403150e+08  3.02747430e+01 -2.68213488e+02 
 2.95120923e+08  3.04802183e+01 -2.68193842e+02 
 3.01995172e+08  3.06858102e+01 -2.68174666e+02 
 3.09029543e+08  3.08915173e+01 -2.68155996e+02 
 3.16227766e+08  3.10973382e+01 -2.68137870e+02 
 3.23593657e+08  3.13032710e+01 -2.68120324e+02 
 3.31131121e+08  3.15093136e+01 -2.68103397e+02 
 3.38844156e+08  3.17154633e+01 -2.68087125e+02 
 3.46736850e+08  3.19217173e+01 -2.68071544e+02 
 3.54813389e+08  3.21280721e+01 -2.68056692e+02 
 3.63078055e+08  3.23345243e+01 -2.68042603e+02 
 3.71535229e+08  3.25410696e+01 -2.68029312e+02 
 3.80189396e+08  3.27477038e+01 -2.68016852e+02 
 3.89045145e+08  3.29544221e+01 -2.68005256e+02 
 3.98107171e+08  3.31612194e+01 -2.67994555e+02 
 4.07380278e+08  3.33680904e+01 -2.67984777e+02 
 4.16869383e+08  3.35750293e+01 -2.67975950e+02 
 4.26579519e+08  3.37820302e+01 -2.67968099e+02 
 4.36515832e+08  3.39890867e+01 -2.67961248e+02 
 4.46683592e+08  3.41961925e+01 -2.67955417e+02 
 4.57088190e+08  3.44033408e+01 -2.67950624e+02 
 4.67735141e+08  3.46105248e+01 -2.67946887e+02 
 4.78630092e+08  3.48177372e+01 -2.67944218e+02 
 4.89778819e+08  3.50249710e+01 -2.67942628e+02 
 5.01187234e+08  3.52322188e+01 -2.67942126e+02 
 5.12861384e+08  3.54394733e+01 -2.67942716e+02 
 5.24807460e+08  3.56467270e+01 -2.67944402e+02 
 5.37031796e+08  3.58539725e+01 -2.67947182e+02 
 5.49540874e+08  3.60612025e+01 -2.67951054e+02 
 5.62341325e+08  3.62684095e+01 -2.67956011e+02 
 5.75439937e+08  3.64755864e+01 -2.67962045e+02 
 5.88843655e+08  3.66827259e+01 -2.67969145e+02 
 6.02559586e+08  3.68898210e+01 -2.67977297e+02 
 6.16595002e+08  3.70968650e+01 -2.67986484e+02 
 6.30957344e+08  3.73038511e+01 -2.67996686e+02 
 6.45654229e+08  3.75107730e+01 -2.68007884e+02 
 6.60693448e+08  3.77176245e+01 -2.68020054e+02 
 6.76082975e+08  3.79243997e+01 -2.68033170e+02 
 6.91830971e+08  3.81310929e+01 -2.68047206e+02 
 7.07945784e+08  3.83376988e+01 -2.68062131e+02 
 7.24435960e+08  3.85442125e+01 -2.68077916e+02 
 7.41310241e+08  3.87506291e+01 -2.68094529e+02 
 7.58577575e+08  3.89569443e+01 -2.68111937e+02 
 7.76247117e+08  3.91631542e+01 -2.68130106e+02 
 7.94328235e+08  3.93692549e+01 -2.68149001e+02 
 8.12830516e+08  3.95752433e+01 -2.68168585e+02 
 8.31763771e+08  3.97811162e+01 -2.68188824e+02 
 8.51138038e+08  3.99868711e+01 -2.68209679e+02 
 8.70963590e+08  4.01925056e+01 -2.68231115e+02 
 8.91250938e+08  4.03980178e+01 -2.68253094e+02 
 9.12010839e+08  4.06034060e+01 -2.68275581e+02 
 9.33254301e+08  4.08086689e+01 -2.68298537e+02 
 9.54992586e+08  4.10138056e+01 -2.68321927e+02 
 9.77237221e+08  4.12188153e+01 -2.68345715e+02 
 1.00000000e+09  4.14236976e+01 -2.68369867e+02 
