 frequency           cmr                 cmi                 dmr                 dmi                
 1.000000000000e+00 -2.060693862542e+03 -7.484597598603e-01  7.914127686758e+01 -5.366685514428e-04 
 1.023292992281e+00 -2.060693849689e+03 -7.658936224768e-01  7.914127686743e+01 -5.491691678679e-04 
 1.047128548051e+00 -2.060693836227e+03 -7.837335715756e-01  7.914127686727e+01 -5.619609610548e-04 
 1.071519305238e+00 -2.060693822133e+03 -8.019890661051e-01  7.914127686710e+01 -5.750507133816e-04 
 1.096478196143e+00 -2.060693807374e+03 -8.206697853333e-01  7.914127686692e+01 -5.884453652083e-04 
 1.122018454302e+00 -2.060693791918e+03 -8.397856339878e-01  7.914127686673e+01 -6.021520185565e-04 
 1.148153621497e+00 -2.060693775732e+03 -8.593467475041e-01  7.914127686654e+01 -6.161779408752e-04 
 1.174897554940e+00 -2.060693758784e+03 -8.793634974025e-01  7.914127686634e+01 -6.305305688941e-04 
 1.202264434617e+00 -2.060693741042e+03 -8.998464967872e-01  7.914127686612e+01 -6.452175125665e-04 
 1.230268770812e+00 -2.060693722460e+03 -9.208066059587e-01  7.914127686590e+01 -6.602465591044e-04 
 1.258925411794e+00 -2.060693703001e+03 -9.422549381959e-01  7.914127686545e+01 -6.756256771042e-04 
 1.288249551693e+00 -2.060693682628e+03 -9.642028656337e-01  7.914127686521e+01 -6.913630207838e-04 
 1.318256738556e+00 -2.060693661291e+03 -9.866620252872e-01  7.914127686495e+01 -7.074669342880e-04 
 1.348962882592e+00 -2.060693638957e+03 -1.009644325249e+00  7.914127686468e+01 -7.239459561250e-04 
 1.380384264603e+00 -2.060693615560e+03 -1.033161950951e+00  7.914127686440e+01 -7.408088236903e-04 
 1.412537544623e+00 -2.060693591067e+03 -1.057227371691e+00  7.914127686410e+01 -7.580644778995e-04 
 1.445439770746e+00 -2.060693565414e+03 -1.081853347183e+00  7.914127686379e+01 -7.757220679288e-04 
 1.479108388168e+00 -2.060693538557e+03 -1.107052934372e+00  7.914127686347e+01 -7.937909560661e-04 
 1.513561248436e+00 -2.060693510434e+03 -1.132839494313e+00  7.914127686313e+01 -8.122807226752e-04 
 1.548816618912e+00 -2.060693480986e+03 -1.159226699288e+00  7.914127686278e+01 -8.312011712748e-04 
 1.584893192461e+00 -2.060693450145e+03 -1.186228540031e+00  7.914127686240e+01 -8.505623337374e-04 
 1.621810097359e+00 -2.060693417855e+03 -1.213859333172e+00  7.914127686202e+01 -8.703744756076e-04 
 1.659586907438e+00 -2.060693384046e+03 -1.242133728803e+00  7.914127686139e+01 -8.906481015412e-04 
 1.698243652462e+00 -2.060693348640e+03 -1.271066718247e+00  7.914127686097e+01 -9.113939608908e-04 
 1.737800828749e+00 -2.060693311563e+03 -1.300673642020e+00  7.914127686052e+01 -9.326230533818e-04 
 1.778279410039e+00 -2.060693272745e+03 -1.330970197969e+00  7.914127686006e+01 -9.543466349600e-04 
 1.819700858610e+00 -2.060693232089e+03 -1.361972449550e+00  7.914127685957e+01 -9.765762237558e-04 
 1.862087136663e+00 -2.060693189525e+03 -1.393696834421e+00  7.914127685905e+01 -9.993236061914e-04 
 1.905460717963e+00 -2.060693144949e+03 -1.426160173070e+00  7.914127685852e+01 -1.022600843230e-03 
 1.949844599758e+00 -2.060693098277e+03 -1.459379677808e+00  7.914127685796e+01 -1.046420276771e-03 
 1.995262314969e+00 -2.060693049402e+03 -1.493372961840e+00  7.914127685715e+01 -1.070794536188e-03 
 2.041737944670e+00 -2.060692998221e+03 -1.528158048626e+00  7.914127685654e+01 -1.095736545046e-03 
 2.089296130854e+00 -2.060692944639e+03 -1.563753381463e+00  7.914127685590e+01 -1.121259527924e-03 
 2.137962089502e+00 -2.060692888522e+03 -1.600177833180e+00  7.914127685522e+01 -1.147377017443e-03 
 2.187761623950e+00 -2.060692829763e+03 -1.637450716245e+00  7.914127685451e+01 -1.174102861444e-03 
 2.238721138568e+00 -2.060692768232e+03 -1.675591792935e+00  7.914127685377e+01 -1.201451230322e-03 
 2.290867652768e+00 -2.060692703806e+03 -1.714621285847e+00  7.914127685278e+01 -1.229436624540e-03 
 2.344228815320e+00 -2.060692636344e+03 -1.754559888590e+00  7.914127685197e+01 -1.258073882333e-03 
 2.398832919019e+00 -2.060692565700e+03 -1.795428776771e+00  7.914127685112e+01 -1.287378187550e-03 
 2.454708915685e+00 -2.060692491726e+03 -1.837249619230e+00  7.914127685022e+01 -1.317365077722e-03 
 2.511886431510e+00 -2.060692414265e+03 -1.880044589520e+00  7.914127684908e+01 -1.348050452288e-03 
 2.570395782769e+00 -2.060692333153e+03 -1.923836377646e+00  7.914127684810e+01 -1.379450581051e-03 
 2.630267991895e+00 -2.060692248224e+03 -1.968648202132e+00  7.914127684708e+01 -1.411582112771e-03 
 2.691534803927e+00 -2.060692159286e+03 -2.014503822266e+00  7.914127684600e+01 -1.444462084009e-03 
 2.754228703338e+00 -2.060692066162e+03 -2.061427550777e+00  7.914127684467e+01 -1.478107928157e-03 
 2.818382931264e+00 -2.060691968648e+03 -2.109444266644e+00  7.914127684349e+01 -1.512537484697e-03 
 2.884031503127e+00 -2.060691866537e+03 -2.158579428340e+00  7.914127684226e+01 -1.547769008630e-03 
 2.951209226666e+00 -2.060691759614e+03 -2.208859087304e+00  7.914127684076e+01 -1.583821180170e-03 
 3.019951720402e+00 -2.060691647650e+03 -2.260309901746e+00  7.914127683942e+01 -1.620713114669e-03 
 3.090295432514e+00 -2.060691530409e+03 -2.312959150797e+00  7.914127683800e+01 -1.658464372712e-03 
 3.162277660168e+00 -2.060691407645e+03 -2.366834748962e+00  7.914127683631e+01 -1.697094970507e-03 
 3.235936569296e+00 -2.060691279094e+03 -2.421965260896e+00  7.914127683476e+01 -1.736625390524e-03 
 3.311311214826e+00 -2.060691144480e+03 -2.478379916566e+00  7.914127683315e+01 -1.777076592307e-03 
 3.388441561392e+00 -2.060691003526e+03 -2.536108626770e+00  7.914127683124e+01 -1.818470023610e-03 
 3.467368504525e+00 -2.060690855929e+03 -2.595181998923e+00  7.914127682946e+01 -1.860827631795e-03 
 3.548133892336e+00 -2.060690701375e+03 -2.655631353339e+00  7.914127682717e+01 -1.904171875401e-03 
 3.630780547701e+00 -2.060690539537e+03 -2.717488739804e+00  7.914127682522e+01 -1.948525736152e-03 
 3.715352290972e+00 -2.060690370073e+03 -2.780786954583e+00  7.914127682297e+01 -1.993912731028e-03 
 3.801893963206e+00 -2.060690192624e+03 -2.845559557780e+00  7.914127682083e+01 -2.040356924830e-03 
 3.890451449943e+00 -2.060690006818e+03 -2.911840891164e+00  7.914127681838e+01 -2.087882942867e-03 
 3.981071705535e+00 -2.060689812244e+03 -2.979666096254e+00  7.914127681583e+01 -2.136515984072e-03 
 4.073802778041e+00 -2.060689608506e+03 -3.049071133152e+00  7.914127681337e+01 -2.186281834335e-03 
 4.168693834703e+00 -2.060689395164e+03 -3.120092799402e+00  7.914127681059e+01 -2.237206880150e-03 
 4.265795188016e+00 -2.060689171773e+03 -3.192768749609e+00  7.914127680657e+01 -2.289318122605e-03 
 4.365158322402e+00 -2.060688937844e+03 -3.267137515291e+00  7.914127680375e+01 -2.342643191887e-03 
 4.466835921510e+00 -2.060688692894e+03 -3.343238525457e+00  7.914127680059e+01 -2.397210361581e-03 
 4.570881896149e+00 -2.060688436408e+03 -3.421112127373e+00  7.914127679729e+01 -2.453048563931e-03 
 4.677351412872e+00 -2.060688167825e+03 -3.500799607915e+00  7.914127679384e+01 -2.510187405090e-03 
 4.786300923226e+00 -2.060687886585e+03 -3.582343215575e+00  7.914127679046e+01 -2.568657180840e-03 
 4.897788193684e+00 -2.060687592094e+03 -3.665786182789e+00  7.914127678670e+01 -2.628488892607e-03 
 5.011872336273e+00 -2.060687283720e+03 -3.751172748788e+00  7.914127678277e+01 -2.689714263966e-03 
 5.128613839914e+00 -2.060686960819e+03 -3.838548183142e+00  7.914127677867e+01 -2.752365757419e-03 
 5.248074602498e+00 -2.060686622693e+03 -3.927958809631e+00  7.914127677439e+01 -2.816476591617e-03 
 5.370317963703e+00 -2.060686268637e+03 -4.019452030911e+00  7.914127676991e+01 -2.882080758970e-03 
 5.495408738576e+00 -2.060685897891e+03 -4.113076353525e+00  7.914127676502e+01 -2.949213043665e-03 
 5.623413251903e+00 -2.060685509674e+03 -4.208881413660e+00  7.914127676013e+01 -3.017909040150e-03 
 5.754399373372e+00 -2.060685103157e+03 -4.306918003399e+00  7.914127675502e+01 -3.088205171939e-03 
 5.888436553556e+00 -2.060684677494e+03 -4.407238097752e+00  7.914127674968e+01 -3.160138710970e-03 
 6.025595860744e+00 -2.060684231760e+03 -4.509894881912e+00  7.914127674389e+01 -3.233747797344e-03 
 6.165950018615e+00 -2.060683765027e+03 -4.614942779785e+00  7.914127673784e+01 -3.309071459582e-03 
 6.309573444802e+00 -2.060683276294e+03 -4.722437482506e+00  7.914127673153e+01 -3.386149635288e-03 
 6.456542290347e+00 -2.060682764529e+03 -4.832435978125e+00  7.914127672515e+01 -3.465023192344e-03 
 6.606934480076e+00 -2.060682236310e+03 -4.944996618719e+00  7.914127671827e+01 -3.545733950522e-03 
 6.760829753920e+00 -2.060681675172e+03 -5.060179004188e+00  7.914127671109e+01 -3.628324703748e-03 
 6.918309709189e+00 -2.060681087587e+03 -5.178044233179e+00  7.914127670380e+01 -3.712839242747e-03 
 7.079457843841e+00 -2.060680472306e+03 -5.298654790067e+00  7.914127669597e+01 -3.799322378211e-03 
 7.244359600750e+00 -2.060679828029e+03 -5.422074614193e+00  7.914127668778e+01 -3.887819964659e-03 
 7.413102413009e+00 -2.060679153394e+03 -5.548369133704e+00  7.914127667923e+01 -3.978378924678e-03 
 7.585775750292e+00 -2.060678446963e+03 -5.677605300126e+00  7.914127667008e+01 -4.071047273809e-03 
 7.762471166287e+00 -2.060677707236e+03 -5.809851623877e+00  7.914127666075e+01 -4.165874146071e-03 
 7.943282347243e+00 -2.060676932649e+03 -5.945178210582e+00  7.914127665078e+01 -4.262909819885e-03 
 8.128305161641e+00 -2.060676121562e+03 -6.083656798080e+00  7.914127664037e+01 -4.362205744866e-03 
 8.317637711027e+00 -2.060675272239e+03 -6.225360794336e+00  7.914127662638e+01 -4.463814568730e-03 
 8.511380382024e+00 -2.060674382899e+03 -6.370365316623e+00  7.914127661504e+01 -4.567790166401e-03 
 8.709635899561e+00 -2.060673451649e+03 -6.518747230836e+00  7.914127660318e+01 -4.674187666824e-03 
 8.912509381337e+00 -2.060672476511e+03 -6.670585192439e+00  7.914127659080e+01 -4.783063483358e-03 
 9.120108393559e+00 -2.060671455405e+03 -6.825959687896e+00  7.914127657786e+01 -4.894475343399e-03 
 9.332543007970e+00 -2.060670386181e+03 -6.984953077587e+00  7.914127656414e+01 -5.008482318963e-03 
 9.549925860214e+00 -2.060669266578e+03 -7.147649639069e+00  7.914127654980e+01 -5.125144858073e-03 
 9.772372209558e+00 -2.060668094191e+03 -7.314135611477e+00  7.914127653483e+01 -5.244524816748e-03 
 1.000000000000e+01 -2.060666866575e+03 -7.484499241890e+00  7.914127651941e+01 -5.366685491840e-03 
 1.023292992281e+01 -2.060665581101e+03 -7.658830831035e+00  7.914127650307e+01 -5.491691654502e-03 
 1.047128548051e+01 -2.060664235033e+03 -7.837222781592e+00  7.914127648601e+01 -5.619609584674e-03 
 1.071519305238e+01 -2.060662825541e+03 -8.019769647212e+00  7.914127646776e+01 -5.750507106078e-03 
 1.096478196143e+01 -2.060661349612e+03 -8.206568181800e+00  7.914127644802e+01 -5.884453622269e-03 
 1.122018454302e+01 -2.060659804131e+03 -8.397717391451e+00  7.914127642834e+01 -6.021520153650e-03 
 1.148153621497e+01 -2.060658185826e+03 -8.593318586284e+00  7.914127640779e+01 -6.161779374593e-03 
 1.174897554940e+01 -2.060656491247e+03 -8.793475433885e+00  7.914127638610e+01 -6.305305652358e-03 
 1.202264434617e+01 -2.060654724484e+03 -8.998294081854e+00  7.914127636345e+01 -6.452175086494e-03 
 1.230268770812e+01 -2.060652866421e+03 -9.207882945562e+00  7.914127634001e+01 -6.602465549137e-03 
 1.258925411794e+01 -2.060650920796e+03 -9.422353165294e+00  7.914127631530e+01 -6.756256726212e-03 
 1.288249551693e+01 -2.060648883482e+03 -9.641818399813e+00  7.914127628573e+01 -6.913630159303e-03 
 1.318256738556e+01 -2.060646750158e+03 -9.866394952275e+00  7.914127625876e+01 -7.074669290964e-03 
 1.348962882592e+01 -2.060644516287e+03 -1.009620183155e+01  7.914127623037e+01 -7.239459505689e-03 
 1.380384264603e+01 -2.060642177151e+03 -1.033136081538e+01  7.914127620050e+01 -7.408088177417e-03 
 1.412537544623e+01 -2.060639727777e+03 -1.057199651398e+01  7.914127616929e+01 -7.580644715315e-03 
 1.445439770746e+01 -2.060637162987e+03 -1.081823643643e+01  7.914127613648e+01 -7.757220611094e-03 
 1.479108388168e+01 -2.060634477310e+03 -1.107021105705e+01  7.914127610132e+01 -7.937909487496e-03 
 1.513561248436e+01 -2.060631665079e+03 -1.132805388532e+01  7.914127606554e+01 -8.122807148435e-03 
 1.548816618912e+01 -2.060628727994e+03 -1.159190162199e+01  7.914127602794e+01 -8.312011628892e-03 
 1.584893192461e+01 -2.060625644463e+03 -1.186189388644e+01  7.914127598889e+01 -8.505623247640e-03 
 1.621810097359e+01 -2.060622415612e+03 -1.213817380482e+01  7.914127594433e+01 -8.703744659371e-03 
 1.659586907438e+01 -2.060619034607e+03 -1.242088774442e+01  7.914127590127e+01 -8.906480911942e-03 
 1.698243652462e+01 -2.060615494270e+03 -1.271018547520e+01  7.914127585607e+01 -9.113939498131e-03 
 1.737800828749e+01 -2.060611787093e+03 -1.300622024873e+01  7.914127580908e+01 -9.326230415279e-03 
 1.778279410039e+01 -2.060607905220e+03 -1.330914887892e+01  7.914127575845e+01 -9.543466222460e-03 
 1.819700858610e+01 -2.060603840419e+03 -1.361913182426e+01  7.914127570653e+01 -9.765762101425e-03 
 1.862087136663e+01 -2.060599591736e+03 -1.393633337639e+01  7.914127565250e+01 -9.993235916218e-03 
 1.905460717963e+01 -2.060595134802e+03 -1.426092133181e+01  7.914127559229e+01 -1.022600827558e-02 
 1.949844599758e+01 -2.060590467834e+03 -1.459306769850e+01  7.914127553289e+01 -1.046420259996e-02 
 1.995262314969e+01 -2.060585580950e+03 -1.493294837635e+01  7.914127547084e+01 -1.070794518241e-02 
 2.041737944670e+01 -2.060580463781e+03 -1.528074335099e+01  7.914127540447e+01 -1.095736525806e-02 
 2.089296130854e+01 -2.060575113141e+03 -1.563663690521e+01  7.914127533632e+01 -1.121259507329e-02 
 2.137962089502e+01 -2.060569502331e+03 -1.600081725053e+01  7.914127526136e+01 -1.147376995311e-02 
 2.187761623950e+01 -2.060563634316e+03 -1.637347743384e+01  7.914127518655e+01 -1.174102837754e-02 
 2.238721138568e+01 -2.060557482247e+03 -1.675481452342e+01  7.914127510819e+01 -1.201451204964e-02 
 2.290867652768e+01 -2.060551040295e+03 -1.714503050564e+01  7.914127502502e+01 -1.229436597369e-02 
 2.344228815320e+01 -2.060544302450e+03 -1.754433207072e+01  7.914127493930e+01 -1.258073853252e-02 
 2.398832919019e+01 -2.060537239078e+03 -1.795293031164e+01  7.914127484600e+01 -1.287378156326e-02 
 2.454708915685e+01 -2.060529842866e+03 -1.837104161224e+01  7.914127475068e+01 -1.317365044267e-02 
 2.511886431510e+01 -2.060522105813e+03 -1.879888738522e+01  7.914127465208e+01 -1.348050416483e-02 
 2.570395782769e+01 -2.060513996143e+03 -1.923669375558e+01  7.914127454553e+01 -1.379450542627e-02 
 2.630267991895e+01 -2.060505504364e+03 -1.968469251417e+01  7.914127443750e+01 -1.411582071643e-02 
 2.691534803927e+01 -2.060496620119e+03 -2.014312083405e+01  7.914127432310e+01 -1.444462039948e-02 
 2.754228703338e+01 -2.060487309215e+03 -2.061222093312e+01  7.914127420123e+01 -1.478107880892e-02 
 2.818382931264e+01 -2.060477559607e+03 -2.109224109430e+01  7.914127407698e+01 -1.512537434100e-02 
 2.884031503127e+01 -2.060467358272e+03 -2.158343536164e+01  7.914127394587e+01 -1.547768954432e-02 
 2.951209226666e+01 -2.060456668241e+03 -2.208606317866e+01  7.914127380631e+01 -1.583821122044e-02 
 3.019951720402e+01 -2.060445481716e+03 -2.260039063780e+01  7.914127366292e+01 -1.620713052418e-02 
 3.090295432514e+01 -2.060433768262e+03 -2.312668952817e+01  7.914127351030e+01 -1.658464305956e-02 
 3.162277660168e+01 -2.060421494874e+03 -2.366523788185e+01  7.914127335285e+01 -1.697094899015e-02 
 3.235936569296e+01 -2.060408650896e+03 -2.421632070533e+01  7.914127318575e+01 -1.736625313868e-02 
 3.311311214826e+01 -2.060395193726e+03 -2.478022887766e+01  7.914127301338e+01 -1.777076510215e-02 
 3.388441561392e+01 -2.060381110203e+03 -2.535726073632e+01  7.914127283050e+01 -1.818469935610e-02 
 3.467368504525e+01 -2.060366355127e+03 -2.594772076142e+01  7.914127264163e+01 -1.860827537559e-02 
 3.548133892336e+01 -2.060350912558e+03 -2.655192123389e+01  7.914127244131e+01 -1.904171774398e-02 
 3.630780547701e+01 -2.060334745589e+03 -2.717018115544e+01  7.914127223423e+01 -1.948525627990e-02 
 3.715352290972e+01 -2.060317805281e+03 -2.780282659818e+01  7.914127201511e+01 -1.993912615109e-02 
 3.801893963206e+01 -2.060300081735e+03 -2.845019225663e+01  7.914127178482e+01 -2.040356800553e-02 
 3.890451449943e+01 -2.060281515357e+03 -2.911261923168e+01  7.914127154717e+01 -2.087882809797e-02 
 3.981071705535e+01 -2.060262066306e+03 -2.979045706591e+01  7.914127129499e+01 -2.136515841430e-02 
 4.073802778041e+01 -2.060241708712e+03 -3.048406382416e+01  7.914127103225e+01 -2.186281681487e-02 
 4.168693834703e+01 -2.060220391769e+03 -3.119380514696e+01  7.914127075619e+01 -2.237206716331e-02 
 4.265795188016e+01 -2.060198070300e+03 -3.192005531124e+01  7.914127046738e+01 -2.289317947096e-02 
 4.365158322402e+01 -2.060174697009e+03 -3.266319720175e+01  7.914127016858e+01 -2.342643003964e-02 
 4.466835921510e+01 -2.060150222371e+03 -3.342362250338e+01  7.914126985211e+01 -2.397210160187e-02 
 4.570881896149e+01 -2.060124594550e+03 -3.420173189816e+01  7.914126952111e+01 -2.453048348121e-02 
 4.677351412872e+01 -2.060097759246e+03 -3.499793526480e+01  7.914126917469e+01 -2.510187173844e-02 
 4.786300923226e+01 -2.060069659634e+03 -3.581265188462e+01  7.914126881217e+01 -2.568656933053e-02 
 4.897788193684e+01 -2.060040243366e+03 -3.664631090415e+01  7.914126843307e+01 -2.628488627135e-02 
 5.011872336273e+01 -2.060009433765e+03 -3.749935053199e+01  7.914126803263e+01 -2.689713979347e-02 
 5.128613839914e+01 -2.059977172794e+03 -3.837221977330e+01  7.914126761695e+01 -2.752365452491e-02 
 5.248074602498e+01 -2.059943399321e+03 -3.926537791755e+01  7.914126718099e+01 -2.816476264886e-02 
 5.370317963703e+01 -2.059908035117e+03 -4.017929422495e+01  7.914126672588e+01 -2.882080408963e-02 
 5.495408738576e+01 -2.059870997174e+03 -4.111444858793e+01  7.914126624587e+01 -2.949212668515e-02 
 5.623413251903e+01 -2.059832222416e+03 -4.207133278254e+01  7.914126574617e+01 -3.017908638230e-02 
 5.754399373372e+01 -2.059791613446e+03 -4.305044854338e+01  7.914126522072e+01 -3.088204741192e-02 
 5.888436553556e+01 -2.059749106833e+03 -4.405231060199e+01  7.914126467336e+01 -3.160138249522e-02 
 6.025595860744e+01 -2.059704582942e+03 -4.507744316445e+01  7.914126409702e+01 -3.233747302796e-02 
 6.165950018615e+01 -2.059657970064e+03 -4.612638459160e+01  7.914126349502e+01 -3.309070929669e-02 
 6.309573444802e+01 -2.059609165430e+03 -4.719968429490e+01  7.914126286390e+01 -3.386149067427e-02 
 6.456542290347e+01 -2.059558058814e+03 -4.829790398035e+01  7.914126220334e+01 -3.465022583825e-02 
 6.606934480076e+01 -2.059504552793e+03 -4.942161888373e+01  7.914126151227e+01 -3.545733298496e-02 
 6.760829753920e+01 -2.059448519869e+03 -5.057141603547e+01  7.914126078906e+01 -3.628324005136e-02 
 6.918309709189e+01 -2.059389855729e+03 -5.174789708888e+01  7.914126003208e+01 -3.712838494226e-02 
 7.079457843841e+01 -2.059328430055e+03 -5.295167623498e+01  7.914125923874e+01 -3.799321576173e-02 
 7.244359600750e+01 -2.059264119024e+03 -5.418338209464e+01  7.914125839829e+01 -3.887819104476e-02 
 7.413102413009e+01 -2.059196773337e+03 -5.544365637391e+01  7.914125752940e+01 -3.978378003113e-02 
 7.585775750292e+01 -2.059126249745e+03 -5.673315577800e+01  7.914125661767e+01 -4.071046286327e-02 
 7.762471166287e+01 -2.059052414601e+03 -5.805255261229e+01  7.914125566259e+01 -4.165873087902e-02 
 7.943282347243e+01 -2.058975111503e+03 -5.940253332246e+01  7.914125466299e+01 -4.262908686034e-02 
 8.128305161641e+01 -2.058894166349e+03 -6.078379902069e+01  7.914125361707e+01 -4.362204529992e-02 
 8.317637711027e+01 -2.058809408489e+03 -6.219706701514e+01  7.914125252233e+01 -4.463813267376e-02 
 8.511380382024e+01 -2.058720669690e+03 -6.364307115642e+01  7.914125137576e+01 -4.567788772048e-02 
 8.709635899561e+01 -2.058627763219e+03 -6.512256092227e+01  7.914125017347e+01 -4.674186172655e-02 
 8.912509381337e+01 -2.058530478271e+03 -6.663630131919e+01  7.914124891738e+01 -4.783061882518e-02 
 9.120108393559e+01 -2.058428624031e+03 -6.818507604427e+01  7.914124759964e+01 -4.894473628006e-02 
 9.332543007970e+01 -2.058321971448e+03 -6.976968409742e+01  7.914124622050e+01 -5.008480480917e-02 
 9.549925860214e+01 -2.058210313563e+03 -7.139094410989e+01  7.914124477397e+01 -5.125142888338e-02 
 9.772372209558e+01 -2.058093360728e+03 -7.304968749864e+01  7.914124326336e+01 -5.244522706352e-02 
 1.000000000000e+02 -2.057970965562e+03 -7.474677462513e+01  7.914124167838e+01 -5.366683230337e-02 
 1.023292992281e+02 -2.057842800932e+03 -7.648307243766e+01  7.914124002302e+01 -5.491689231603e-02 
 1.047128548051e+02 -2.057708625787e+03 -7.825947369624e+01  7.914123828688e+01 -5.619606988513e-02 
 1.071519305238e+02 -2.057568136134e+03 -8.007688656235e+01  7.914123646674e+01 -5.750504324045e-02 
 1.096478196143e+02 -2.057421062360e+03 -8.193624229684e+01  7.914123456437e+01 -5.884450641584e-02 
 1.122018454302e+02 -2.057267051415e+03 -8.383848644336e+01  7.914123257021e+01 -6.021516959716e-02 
 1.148153621497e+02 -2.057105820411e+03 -8.578459142244e+01  7.914123048322e+01 -6.161775952300e-02 
 1.174897554940e+02 -2.056937029091e+03 -8.777554677832e+01  7.914122829550e+01 -6.305301985083e-02 
 1.202264434617e+02 -2.056760299358e+03 -8.981236089261e+01  7.914122600851e+01 -6.452171157223e-02 
 1.230268770812e+02 -2.056575281391e+03 -9.189606706022e+01  7.914122361193e+01 -6.602461338850e-02 
 1.258925411794e+02 -2.056381576385e+03 -9.402771725578e+01  7.914122109235e+01 -6.756252213397e-02 
 1.288249551693e+02 -2.056178771722e+03 -9.620838549051e+01  7.914121846639e+01 -6.913625324641e-02 
 1.318256738556e+02 -2.055966452781e+03 -9.843916936989e+01  7.914121571467e+01 -7.074664110559e-02 
 1.348962882592e+02 -2.055744182453e+03 -1.007211886541e+02  7.914121283153e+01 -7.239453954571e-02 
 1.380384264603e+02 -2.055511499520e+03 -1.030555854638e+02  7.914120981345e+01 -7.408082229237e-02 
 1.412537544623e+02 -2.055267885247e+03 -1.054435211583e+02  7.914120665492e+01 -7.580638341950e-02 
 1.445439770746e+02 -2.055012866867e+03 -1.078861872152e+02  7.914120334819e+01 -7.757213782270e-02 
 1.479108388168e+02 -2.054745897071e+03 -1.103847934159e+02  7.914119988089e+01 -7.937902169989e-02 
 1.513561248436e+02 -2.054466412060e+03 -1.129405739981e+02  7.914119625489e+01 -8.122799307917e-02 
 1.548816618912e+02 -2.054173833772e+03 -1.155547883799e+02  7.914119245675e+01 -8.312003227769e-02 
 1.584893192461e+02 -2.053867562071e+03 -1.182287207255e+02  7.914118847857e+01 -8.505614245578e-02 
 1.621810097359e+02 -2.053546967607e+03 -1.209636795472e+02  7.914118430510e+01 -8.703735012628e-02 
 1.659586907438e+02 -2.053211363174e+03 -1.237609945184e+02  7.914117994375e+01 -8.906470575370e-02 
 1.698243652462e+02 -2.052860051167e+03 -1.266220223048e+02  7.914117537719e+01 -9.113928422482e-02 
 1.737800828749e+02 -2.052492317277e+03 -1.295481463481e+02  7.914117059486e+01 -9.326218547522e-02 
 1.778279410039e+02 -2.052107392538e+03 -1.325407724352e+02  7.914116558705e+01 -9.543453506214e-02 
 1.819700858610e+02 -2.051704486371e+03 -1.356013330650e+02  7.914116034349e+01 -9.765748475842e-02 
 1.862087136663e+02 -2.051282756053e+03 -1.387312837299e+02  7.914115485311e+01 -9.993221316257e-02 
 1.905460717963e+02 -2.050841348300e+03 -1.419321087057e+02  7.914114909591e+01 -1.022599263060e-01 
 1.949844599758e+02 -2.050379331279e+03 -1.452053120007e+02  7.914114307665e+01 -1.046418583645e-01 
 1.995262314969e+02 -2.049895756584e+03 -1.485524259210e+02  7.914113677111e+01 -1.070792721975e-01 
 2.041737944670e+02 -2.049389654791e+03 -1.519750109855e+02  7.914113017001e+01 -1.095734601118e-01 
 2.089296130854e+02 -2.048859958860e+03 -1.554746447038e+02  7.914112325850e+01 -1.121257445020e-01 
 2.137962089502e+02 -2.048305599263e+03 -1.590529356042e+02  7.914111602116e+01 -1.147374785624e-01 
 2.187761623950e+02 -2.047725434149e+03 -1.627115129119e+02  7.914110843099e+01 -1.174100469769e-01 
 2.238721138568e+02 -2.047118278548e+03 -1.664520308464e+02  7.914110049550e+01 -1.201448667667e-01 
 2.290867652768e+02 -2.046482893438e+03 -1.702761669359e+02  7.914109218524e+01 -1.229433878663e-01 
 2.344228815320e+02 -2.045817992486e+03 -1.741856230162e+02  7.914108348492e+01 -1.258070940169e-01 
 2.398832919019e+02 -2.045122216228e+03 -1.781821206819e+02  7.914107436306e+01 -1.287375034749e-01 
 2.454708915685e+02 -2.044394161689e+03 -1.822674060964e+02  7.914106482194e+01 -1.317361699511e-01 
 2.511886431510e+02 -2.043632341069e+03 -1.864432424002e+02  7.914105483028e+01 -1.348046832528e-01 
 2.570395782769e+02 -2.042835230375e+03 -1.907114180724e+02  7.914104436739e+01 -1.379446702452e-01 
 2.630267991895e+02 -2.042001237152e+03 -1.950737408500e+02  7.914103340439e+01 -1.411577956613e-01 
 2.691534803927e+02 -2.041128650614e+03 -1.995320273415e+02  7.914102193372e+01 -1.444457630712e-01 
 2.754228703338e+02 -2.040215753843e+03 -2.040881240032e+02  7.914100992176e+01 -1.478103156457e-01 
 2.818382931264e+02 -2.039260721560e+03 -2.087438868088e+02  7.914099733541e+01 -1.512532371552e-01 
 2.884031503127e+02 -2.038261615866e+03 -2.135011787148e+02  7.914098416524e+01 -1.547763529924e-01 
 2.951209226666e+02 -2.037216478461e+03 -2.183618879263e+02  7.914097036296e+01 -1.583815309384e-01 
 3.019951720402e+02 -2.036123259675e+03 -2.233279125990e+02  7.914095592224e+01 -1.620706824161e-01 
 3.090295432514e+02 -2.034979745652e+03 -2.284011428743e+02  7.914094080080e+01 -1.658457632461e-01 
 3.162277660168e+02 -2.033783755006e+03 -2.335835033682e+02  7.914092495757e+01 -1.697087748033e-01 
 3.235936569296e+02 -2.032532898689e+03 -2.388768976901e+02  7.914090837494e+01 -1.736617651592e-01 
 3.311311214826e+02 -2.031224732259e+03 -2.442832408972e+02  7.914089100604e+01 -1.777068299804e-01 
 3.388441561392e+02 -2.029856731291e+03 -2.498044526282e+02  7.914087282552e+01 -1.818461138219e-01 
 3.467368504525e+02 -2.028426231270e+03 -2.554424403326e+02  7.914085377748e+01 -1.860818110687e-01 
 3.548133892336e+02 -2.026930479778e+03 -2.611991096620e+02  7.914083384321e+01 -1.904161673583e-01 
 3.630780547701e+02 -2.025366621248e+03 -2.670763585272e+02  7.914081296058e+01 -1.948514804561e-01 
 3.715352290972e+02 -2.023731652965e+03 -2.730760625901e+02  7.914079109308e+01 -1.993901017447e-01 
 3.801893963206e+02 -2.022022459024e+03 -2.792000808589e+02  7.914076820491e+01 -2.040344373746e-01 
 3.890451449943e+02 -2.020235806166e+03 -2.854502514700e+02  7.914074422984e+01 -2.087869494034e-01 
 3.981071705535e+02 -2.018368359880e+03 -2.918283931429e+02  7.914071912552e+01 -2.136501573310e-01 
 4.073802778041e+02 -2.016416590941e+03 -2.983362739327e+02  7.914069284574e+01 -2.186266393191e-01 
 4.168693834703e+02 -2.014376903850e+03 -3.049756446631e+02  7.914066532004e+01 -2.237190334597e-01 
 4.265795188016e+02 -2.012245525086e+03 -3.117482014174e+02  7.914063649788e+01 -2.289300393746e-01 
 4.365158322402e+02 -2.010018526274e+03 -3.186555866900e+02  7.914060631726e+01 -2.342624195019e-01 
 4.466835921510e+02 -2.007691883650e+03 -3.256994034951e+02  7.914057471252e+01 -2.397190005936e-01 
 4.570881896149e+02 -2.005261369233e+03 -3.328811744888e+02  7.914054163002e+01 -2.453026752934e-01 
 4.677351412872e+02 -2.002722624169e+03 -3.402023592009e+02  7.914050697670e+01 -2.510164034046e-01 
 4.786300923226e+02 -2.000071130378e+03 -3.476643381889e+02  7.914047069605e+01 -2.568632138476e-01 
 4.897788193684e+02 -1.997302220725e+03 -3.552684095670e+02  7.914043270276e+01 -2.628462059250e-01 
 5.011872336273e+02 -1.994411026788e+03 -3.630157619900e+02  7.914039290825e+01 -2.689685510920e-01 
 5.128613839914e+02 -1.991392600150e+03 -3.709075116441e+02  7.914035125223e+01 -2.752334948185e-01 
 5.248074602498e+02 -1.988241696505e+03 -3.789446117620e+02  7.914030763247e+01 -2.816443579108e-01 
 5.370317963702e+02 -1.984953010363e+03 -3.871279323834e+02  7.914026195469e+01 -2.882045385473e-01 
 5.495408738576e+02 -1.981521007965e+03 -3.954581859383e+02  7.914021412006e+01 -2.949175140078e-01 
 5.623413251903e+02 -1.977939995726e+03 -4.039359427432e+02  7.914016403595e+01 -3.017868425814e-01 
 5.754399373372e+02 -1.974204105054e+03 -4.125616135149e+02  7.914011159457e+01 -3.088161653187e-01 
 5.888436553556e+02 -1.970307300477e+03 -4.213354405018e+02  7.914005667357e+01 -3.160092079543e-01 
 6.025595860744e+02 -1.966243333692e+03 -4.302574635902e+02  7.913999916482e+01 -3.233697830669e-01 
 6.165950018615e+02 -1.962005844847e+03 -4.393275519291e+02  7.913993895519e+01 -3.309017919777e-01 
 6.309573444802e+02 -1.957588244641e+03 -4.485453354039e+02  7.913987590020e+01 -3.386092266255e-01 
 6.456542290347e+02 -1.952983775113e+03 -4.579102155980e+02  7.913980987351e+01 -3.464961720195e-01 
 6.606934480076e+02 -1.948185541631e+03 -4.674213652528e+02  7.913974073634e+01 -3.545668081908e-01 
 6.760829753920e+02 -1.943186471132e+03 -4.770776904683e+02  7.913966834372e+01 -3.628254124454e-01 
 6.918309709189e+02 -1.937979297380e+03 -4.868778028122e+02  7.913959253892e+01 -3.712763615816e-01 
 7.079457843841e+02 -1.932556654538e+03 -4.968200485191e+02  7.913951316225e+01 -3.799241342711e-01 
 7.244359600750e+02 -1.926910983281e+03 -5.069024377497e+02  7.913943004402e+01 -3.887733133716e-01 
 7.413102413009e+02 -1.921034606364e+03 -5.171226627761e+02  7.913934300363e+01 -3.978285883389e-01 
 7.585775750292e+02 -1.914919681252e+03 -5.274780474216e+02  7.913925186978e+01 -4.070947578760e-01 
 7.762471166287e+02 -1.908558317923e+03 -5.379655916283e+02  7.913915643590e+01 -4.165767320928e-01 
 7.943282347243e+02 -1.901942422953e+03 -5.485818525191e+02  7.913905650272e+01 -4.262795354571e-01 
 8.128305161641e+02 -1.895063888205e+03 -5.593230310653e+02  7.913895186074e+01 -4.362083093030e-01 
 8.317637711027e+02 -1.887914467174e+03 -5.701848674163e+02  7.913884228992e+01 -4.463683145419e-01 
 8.511380382024e+02 -1.880485900665e+03 -5.811626911778e+02  7.913872755682e+01 -4.567649344123e-01 
 8.709635899561e+02 -1.872769835893e+03 -5.922513371110e+02  7.913860742021e+01 -4.674036773728e-01 
 8.912509381337e+02 -1.864757927682e+03 -6.034451803660e+02  7.913848161086e+01 -4.782901798083e-01 
 9.120108393559e+02 -1.856441822238e+03 -6.147380925920e+02  7.913834988576e+01 -4.894302095457e-01 
 9.332543007970e+02 -1.847813189948e+03 -6.261234300935e+02  7.913821194354e+01 -5.008296680458e-01 
 9.549925860214e+02 -1.838863736888e+03 -6.375940055391e+02  7.913806750393e+01 -5.124945943206e-01 
 9.772372209558e+02 -1.829585288872e+03 -6.491421155666e+02  7.913791625174e+01 -5.244311675389e-01 
 1.000000000000e+03 -1.819969720508e+03 -6.607594460030e+02  7.913775787940e+01 -5.366457107381e-01 
 1.023292992281e+03 -1.810009077157e+03 -6.724371282712e+02  7.913759203914e+01 -5.491446936301e-01 
 1.047128548051e+03 -1.799695608253e+03 -6.841657298752e+02  7.913741839348e+01 -5.619347365752e-01 
 1.071519305238e+03 -1.789021752834e+03 -6.959352008858e+02  7.913723655782e+01 -5.750226134063e-01 
 1.096478196143e+03 -1.777980177951e+03 -7.077348623494e+02  7.913704614752e+01 -5.884152555379e-01 
 1.122018454302e+03 -1.766563888089e+03 -7.195534640227e+02  7.913684677523e+01 -6.021197556037e-01 
 1.148153621497e+03 -1.754766196244e+03 -7.313791152131e+02  7.913663799916e+01 -6.161433705365e-01 
 1.174897554940e+03 -1.742580815748e+03 -7.431993296014e+02  7.913641939034e+01 -6.304935262292e-01 
 1.202264434617e+03 -1.730001870308e+03 -7.550009919477e+02  7.913619047353e+01 -6.451778206800e-01 
 1.230268770812e+03 -1.717023976172e+03 -7.667703999628e+02  7.913595077961e+01 -6.602040286777e-01 
 1.258925411794e+03 -1.703642283617e+03 -7.784932685081e+02  7.913569978570e+01 -6.755801050747e-01 
 1.288249551693e+03 -1.689852480733e+03 -7.901546901957e+02  7.913543696655e+01 -6.913141896628e-01 
 1.318256738556e+03 -1.675650910910e+03 -8.017392284538e+02  7.913516175665e+01 -7.074146109139e-01 
 1.348962882592e+03 -1.661034597829e+03 -8.132309129589e+02  7.913487358333e+01 -7.238898908286e-01 
 1.380384264603e+03 -1.646001272033e+03 -8.246132343227e+02  7.913457182541e+01 -7.407487487889e-01 
 1.412537544623e+03 -1.630549468593e+03 -8.358692363998e+02  7.913425585761e+01 -7.580001068010e-01 
 1.445439770746e+03 -1.614678512431e+03 -8.469814657936e+02  7.913392499043e+01 -7.756530932260e-01 
 1.479108388168e+03 -1.598388653789e+03 -8.579321336920e+02  7.913357854347e+01 -7.937170487231e-01 
 1.513561248436e+03 -1.581681028687e+03 -8.687030404937e+02  7.913321576864e+01 -8.122015298932e-01 
 1.548816618912e+03 -1.564557762499e+03 -8.792757128548e+02  7.913283589635e+01 -8.311163150191e-01 
 1.584893192461e+03 -1.547021976957e+03 -8.896314069486e+02  7.913243812644e+01 -8.504714090334e-01 
 1.621810097359e+03 -1.529077836136e+03 -8.997511783856e+02  7.913202161204e+01 -8.702770484551e-01 
 1.659586907438e+03 -1.510730614530e+03 -9.096160090032e+02  7.913158547628e+01 -8.905437070246e-01 
 1.698243652462e+03 -1.491986666066e+03 -9.192067673176e+02  7.913112879793e+01 -9.112821009060e-01 
 1.737800828749e+03 -1.472853507388e+03 -9.285043899546e+02  7.913065058727e+01 -9.325031937847e-01 
 1.778279410039e+03 -1.453339784633e+03 -9.374898541992e+02  7.913014985312e+01 -9.542182038655e-01 
 1.819700858610e+03 -1.433455348697e+03 -9.461443887079e+02  7.912962553008e+01 -9.764386083038e-01 
 1.862087136663e+03 -1.413211203780e+03 -9.544494327428e+02  7.912907650318e+01 -9.991761496231e-01 
 1.905460717963e+03 -1.392619535296e+03 -9.623867785440e+02  7.912850160473e+01 -1.022442841739e+00 
 1.949844599758e+03 -1.371693707671e+03 -9.699386750573e+02  7.912789961821e+01 -1.046250976271e+00 
 1.995262314969e+03 -1.350448230802e+03 -9.770878646250e+02  7.912726926934e+01 -1.070613128713e+00 
 2.041737944670e+03 -1.328898756906e+03 -9.838177237639e+02  7.912660922936e+01 -1.095542165015e+00 
 2.089296130854e+03 -1.307062043923e+03 -9.901123358097e+02  7.912591809415e+01 -1.121051247743e+00 
 2.137962089502e+03 -1.284955909790e+03 -9.959565517672e+02  7.912519438843e+01 -1.147153842940e+00 
 2.187761623950e+03 -1.262599194982e+03 -1.001336101197e+03  7.912443659876e+01 -1.173863727860e+00 
 2.238721138568e+03 -1.240011708335e+03 -1.006237675868e+03  7.912364311034e+01 -1.201194996542e+00 
 2.290867652768e+03 -1.217214160520e+03 -1.010648985742e+03  7.912281223976e+01 -1.229162067810e+00 
 2.344228815320e+03 -1.194228098964e+03 -1.014558845957e+03  7.912194223169e+01 -1.257779692603e+00 
 2.398832919019e+03 -1.171075834796e+03 -1.017957262968e+03  7.912103124067e+01 -1.287062961052e+00 
 2.454708915685e+03 -1.147780354158e+03 -1.020835459867e+03  7.912007733219e+01 -1.317027310199e+00 
 2.511886431510e+03 -1.124365233193e+03 -1.023185938053e+03  7.911907849057e+01 -1.347688532090e+00 
 2.570395782769e+03 -1.100854549014e+03 -1.025002571628e+03  7.911803260413e+01 -1.379062781418e+00 
 2.630267991895e+03 -1.077272774726e+03 -1.026280563493e+03  7.911693745788e+01 -1.411166583510e+00 
 2.691534803927e+03 -1.053644684981e+03 -1.027016541619e+03  7.911579072534e+01 -1.444016842448e+00 
 2.754228703338e+03 -1.029995249949e+03 -1.027208569128e+03  7.911458997701e+01 -1.477630849864e+00 
 2.818382931264e+03 -1.006349529812e+03 -1.026856133794e+03  7.911333268176e+01 -1.512026293735e+00 
 2.884031503127e+03 -9.827325694497e+02 -1.025960164473e+03  7.911201617875e+01 -1.547221266422e+00 
 2.951209226666e+03 -9.591692912923e+02 -1.024523045120e+03  7.911063766516e+01 -1.583234273318e+00 
 3.019951720402e+03 -9.356843924011e+02 -1.022548553545e+03  7.910919423902e+01 -1.620084243518e+00 
 3.090295432514e+03 -9.123022382605e+02 -1.020041893656e+03  7.910768283782e+01 -1.657790537261e+00 
 3.162277660168e+03 -8.890467690761e+02 -1.017009592910e+03  7.910610026536e+01 -1.696372956441e+00 
 3.235936569296e+03 -8.659413938539e+02 -1.013459549219e+03  7.910444317335e+01 -1.735851753818e+00 
 3.311311214826e+03 -8.430089084117e+02 -1.009400899838e+03  7.910270804849e+01 -1.776247642553e+00 
 3.388441561392e+03 -8.202714046786e+02 -1.004844004552e+03  7.910089123806e+01 -1.817581807381e+00 
 3.467368504525e+03 -7.977501909693e+02 -9.998003773702e+02  7.909898888045e+01 -1.859875912417e+00 
 3.548133892336e+03 -7.754657191322e+02 -9.942826122196e+02  7.909699695950e+01 -1.903152113790e+00 
 3.630780547701e+03 -7.534375137826e+02 -9.883043252761e+02  7.909491126625e+01 -1.947433069004e+00 
 3.715352290972e+03 -7.316841217472e+02 -9.818800418323e+02  7.909272738987e+01 -1.992741947557e+00 
 3.801893963206e+03 -7.102230507011e+02 -9.750251510635e+02  7.909044071661e+01 -2.039102442084e+00 
 3.890451449943e+03 -6.890707297615e+02 -9.677558031852e+02  7.908804640273e+01 -2.086538778604e+00 
 3.981071705535e+03 -6.682424787482e+02 -9.600888092945e+02  7.908553939456e+01 -2.135075728977e+00 
 4.073802778041e+03 -6.477524725774e+02 -9.520415764618e+02  7.908291439989e+01 -2.184738621483e+00 
 4.168693834703e+03 -6.276137273545e+02 -9.436320026609e+02  7.908016587451e+01 -2.235553352205e+00 
 4.265795188016e+03 -6.078380755862e+02 -9.348784178668e+02  7.907728799710e+01 -2.287546396012e+00 
 4.365158322402e+03 -5.884361870501e+02 -9.257994378695e+02  7.907427470626e+01 -2.340744820720e+00 
 4.466835921510e+03 -5.694175430701e+02 -9.164139432082e+02  7.907111963697e+01 -2.395176296675e+00 
 4.570881896149e+03 -5.507904597716e+02 -9.067409632956e+02  7.906781612849e+01 -2.450869109867e+00 
 4.677351412872e+03 -5.325621058459e+02 -8.967995932012e+02  7.906435721145e+01 -2.507852174268e+00 
 4.786300923226e+03 -5.147385197818e+02 -8.866089257226e+02  7.906073558517e+01 -2.566155043830e+00 
 4.897788193684e+03 -4.973246329956e+02 -8.761879844041e+02  7.905694361192e+01 -2.625807925511e+00 
 5.011872336273e+03 -4.803243004212e+02 -8.655556551544e+02  7.905297330364e+01 -2.686841692126e+00 
 5.128613839914e+03 -4.637403520520e+02 -8.547305966188e+02  7.904881627898e+01 -2.749287893653e+00 
 5.248074602498e+03 -4.475746092630e+02 -8.437312179888e+02  7.904446377671e+01 -2.813178771823e+00 
 5.370317963702e+03 -4.318279467329e+02 -8.325755941734e+02  7.903990663868e+01 -2.878547273247e+00 
 5.495408738576e+03 -4.165003225055e+02 -8.212814389364e+02  7.903513526302e+01 -2.945427060843e+00 
 5.623413251903e+03 -4.015908363046e+02 -8.098660436626e+02  7.903013960437e+01 -3.013852528142e+00 
 5.754399373372e+03 -3.870977723636e+02 -7.983462463677e+02  7.902490914146e+01 -3.083858811750e+00 
 5.888436553556e+03 -3.730186554086e+02 -7.867383895591e+02  7.901943287700e+01 -3.155481805971e+00 
 6.025595860744e+03 -3.593502875274e+02 -7.750583066677e+02  7.901369929549e+01 -3.228758174823e+00 
 6.165950018615e+03 -3.460888204774e+02 -7.633212708846e+02  7.900769634081e+01 -3.303725365340e+00 
 6.309573444802e+03 -3.332297877366e+02 -7.515419967442e+02  7.900141139386e+01 -3.380421620939e+00 
 6.456542290346e+03 -3.207681662939e+02 -7.397346101536e+02  7.899483126079e+01 -3.458885995619e+00 
 6.606934480076e+03 -3.086984166803e+02 -7.279126459562e+02  7.898794212801e+01 -3.539158365829e+00 
 6.760829753920e+03 -2.970145516311e+02 -7.160890184993e+02  7.898072954215e+01 -3.621279444061e+00 
 6.918309709189e+03 -2.857101475382e+02 -7.042760526393e+02  7.897317836423e+01 -3.705290790470e+00 
 7.079457843841e+03 -2.747784253694e+02 -6.924854457596e+02  7.896527277204e+01 -3.791234828136e+00 
 7.244359600750e+03 -2.642122831532e+02 -6.807282812957e+02  7.895699620872e+01 -3.879154854181e+00 
 7.413102413009e+03 -2.540043345228e+02 -6.690150360460e+02  7.894833132821e+01 -3.969095050278e+00 
 7.585775750292e+03 -2.441469481016e+02 -6.573555864560e+02  7.893926002358e+01 -4.061100499924e+00 
 7.762471166287e+03 -2.346322965492e+02 -6.457592084020e+02  7.892976330464e+01 -4.155217192960e+00 
 7.943282347243e+03 -2.254523754406e+02 -6.342346020287e+02  7.891982133586e+01 -4.251492043325e+00 
 8.128305161641e+03 -2.165990625408e+02 -6.227898832973e+02  7.890941335375e+01 -4.349972896300e+00 
 8.317637711027e+03 -2.080641227408e+02 -6.114326200085e+02  7.889851761185e+01 -4.450708537530e+00 
 8.511380382024e+03 -1.998392580595e+02 -6.001698304028e+02  7.888711144263e+01 -4.553748712797e+00 
 8.709635899561e+03 -1.919161298909e+02 -5.890080041815e+02  7.887517105733e+01 -4.659144122813e+00 
 8.912509381337e+03 -1.842863802938e+02 -5.779531227440e+02  7.886267159437e+01 -4.766946440635e+00 
 9.120108393559e+03 -1.769416652610e+02 -5.670106700625e+02  7.884958705739e+01 -4.877208318381e+00 
 9.332543007970e+03 -1.698736604186e+02 -5.561856622037e+02  7.883589026553e+01 -4.989983394422e+00 
 9.549925860214e+03 -1.630741000025e+02 -5.454826526882e+02  7.882155278147e+01 -5.105326297519e+00 
 9.772372209558e+03 -1.565347881137e+02 -5.349057566226e+02  7.880654488173e+01 -5.223292654593e+00 
 1.000000000000e+04 -1.502476085349e+02 -5.244586737455e+02  7.879083545759e+01 -5.343939090126e+00 
 1.023292992281e+04 -1.442045442837e+02 -5.141447042086e+02  7.877439201811e+01 -5.467323235803e+00 
 1.047128548051e+04 -1.383976988822e+02 -5.039667629495e+02  7.875718056138e+01 -5.593503724483e+00 
 1.071519305238e+04 -1.328192903125e+02 -4.939274088510e+02  7.873916557266e+01 -5.722540197310e+00 
 1.096478196143e+04 -1.274616760486e+02 -4.840288545641e+02  7.872030990183e+01 -5.854493295582e+00 
 1.122018454302e+04 -1.223173550998e+02 -4.742729888950e+02  7.870057473558e+01 -5.989424662347e+00 
 1.148153621497e+04 -1.173789811005e+02 -4.646613914245e+02  7.867991949789e+01 -6.127396933845e+00 
 1.174897554940e+04 -1.126393613970e+02 -4.551953541482e+02  7.865830178922e+01 -6.268473733938e+00 
 1.202264434617e+04 -1.080914656157e+02 -4.458758965887e+02  7.863567729009e+01 -6.412719662109e+00 
 1.230268770812e+04 -1.037284351418e+02 -4.367037798091e+02  7.861199970512e+01 -6.560200284806e+00 
 1.258925411794e+04 -9.954357482286e+01 -4.276795280746e+02  7.858722064921e+01 -6.710982116763e+00 
 1.288249551693e+04 -9.553036880935e+01 -4.188034380430e+02  7.856128961259e+01 -6.865132610962e+00 
 1.318256738556e+04 -9.168247394726e+01 -4.100755973693e+02  7.853415380859e+01 -7.022720129474e+00 
 1.348962882592e+04 -8.799371935428e+01 -4.014958998003e+02  7.850575807266e+01 -7.183813918140e+00 
 1.380384264603e+04 -8.445811549798e+01 -3.930640547921e+02  7.847604491809e+01 -7.348484102681e+00 
 1.412537544623e+04 -8.106984384484e+01 -3.847796053698e+02  7.844495417015e+01 -7.516801617035e+00 
 1.445439770746e+04 -7.782326563222e+01 -3.766419363315e+02  7.841242310173e+01 -7.688838204925e+00 
 1.479108388168e+04 -7.471291282535e+01 -3.686502896417e+02  7.837838619230e+01 -7.864666359472e+00 
 1.513561248436e+04 -7.173349111361e+01 -3.608037738736e+02  7.834277506818e+01 -8.044359286921e+00 
 1.548816618912e+04 -6.887987485015e+01 -3.531013761644e+02  7.830551835521e+01 -8.227990851701e+00 
 1.584893192461e+04 -6.614711122896e+01 -3.455419702962e+02  7.826654168352e+01 -8.415635543381e+00 
 1.621810097359e+04 -6.353041017876e+01 -3.381243289416e+02  7.822576735778e+01 -8.607368379645e+00 
 1.659586907438e+04 -6.102513954204e+01 -3.308471337263e+02  7.818311437915e+01 -8.803264865157e+00 
 1.698243652462e+04 -5.862683232268e+01 -3.237089800536e+02  7.813849828812e+01 -9.003400913509e+00 
 1.737800828749e+04 -5.633117665862e+01 -3.167083878188e+02  7.809183102547e+01 -9.207852765665e+00 
 1.778279410039e+04 -5.413401484555e+01 -3.098438084974e+02  7.804302078572e+01 -9.416696899853e+00 
 1.819700858610e+04 -5.203133520551e+01 -3.031136336741e+02  7.799197191698e+01 -9.630009943520e+00 
 1.862087136663e+04 -5.001927509073e+01 -2.965161997616e+02  7.793858474085e+01 -9.847868561559e+00 
 1.905460717963e+04 -4.809410843376e+01 -2.900497973164e+02  7.788275543109e+01 -1.007034934775e+01 
 1.949844599758e+04 -4.625225580736e+01 -2.837126726573e+02  7.782437586464e+01 -1.029752870194e+01 
 1.995262314969e+04 -4.449026463070e+01 -2.775030383659e+02  7.776333346000e+01 -1.052948269456e+01 
 2.041737944670e+04 -4.280481890598e+01 -2.714190745147e+02  7.769951105707e+01 -1.076628693041e+01 
 2.089296130854e+04 -4.119272308952e+01 -2.654589372319e+02  7.763278673527e+01 -1.100801638778e+01 
 2.137962089502e+04 -3.965090987844e+01 -2.596207597524e+02  7.756303366344e+01 -1.125474525280e+01 
 2.187761623950e+04 -3.817642909944e+01 -2.539026588497e+02  7.749011994644e+01 -1.150654674088e+01 
 2.238721138568e+04 -3.676644725610e+01 -2.483027380913e+02  7.741390851869e+01 -1.176349291726e+01 
 2.290867652768e+04 -3.541824070815e+01 -2.428190918666e+02  7.733425686099e+01 -1.202565445878e+01 
 2.344228815320e+04 -3.412919548067e+01 -2.374498081835e+02  7.725101704383e+01 -1.229310048444e+01 
 2.398832919019e+04 -3.289680280723e+01 -2.321929720031e+02  7.716403536412e+01 -1.256589826543e+01 
 2.454708915685e+04 -3.171865096341e+01 -2.270466692192e+02  7.707315228088e+01 -1.284411299523e+01 
 2.511886431510e+04 -3.059243072481e+01 -2.220089870739e+02  7.697820233032e+01 -1.312780753948e+01 
 2.570395782769e+04 -2.951592232472e+01 -2.170780190993e+02  7.687901395927e+01 -1.341704214586e+01 
 2.630267991895e+04 -2.848700039597e+01 -2.122518651997e+02  7.677540922335e+01 -1.371187409262e+01 
 2.691534803927e+04 -2.750362369918e+01 -2.075286355156e+02  7.666720382831e+01 -1.401235741614e+01 
 2.754228703338e+04 -2.656383792349e+01 -2.029064508335e+02  7.655420694084e+01 -1.431854255120e+01 
 2.818382931264e+04 -2.566576923731e+01 -1.983834449939e+02  7.643622106802e+01 -1.463047596786e+01 
 2.884031503127e+04 -2.480762123043e+01 -1.939577668250e+02  7.631304192669e+01 -1.494819978110e+01 
 2.951209226666e+04 -2.398767344079e+01 -1.896275806246e+02  7.618445834123e+01 -1.527175134397e+01 
 3.019951720402e+04 -2.320427671954e+01 -1.853910683846e+02  7.605025228940e+01 -1.560116286606e+01 
 3.090295432514e+04 -2.245585342709e+01 -1.812464298847e+02  7.591019855117e+01 -1.593646086830e+01 
 3.162277660168e+04 -2.174089035226e+01 -1.771918849051e+02  7.576406486302e+01 -1.627766578084e+01 
 3.235936569296e+04 -2.105794028074e+01 -1.732256731448e+02  7.561161184831e+01 -1.662479143715e+01 
 3.311311214826e+04 -2.040561672900e+01 -1.693460555256e+02  7.545259291043e+01 -1.697784452052e+01 
 3.388441561392e+04 -1.978259536270e+01 -1.655513144264e+02  7.528675434886e+01 -1.733682406188e+01 
 3.467368504525e+04 -1.918760526110e+01 -1.618397551561e+02  7.511383521368e+01 -1.770172080319e+01 
 3.548133892336e+04 -1.861943187395e+01 -1.582097057315e+02  7.493356762747e+01 -1.807251671062e+01 
 3.630780547701e+04 -1.807691441485e+01 -1.546595172452e+02  7.474567654783e+01 -1.844918422856e+01 
 3.715352290972e+04 -1.755894024097e+01 -1.511875650719e+02  7.454988014454e+01 -1.883168574535e+01 
 3.801893963206e+04 -1.706444716114e+01 -1.477922482060e+02  7.434588977171e+01 -1.921997285538e+01 
 3.890451449943e+04 -1.659241842397e+01 -1.444719901616e+02  7.413341033761e+01 -1.961398575287e+01 
 3.981071705535e+04 -1.614188215229e+01 -1.412252388951e+02  7.391214032266e+01 -2.001365243179e+01 
 4.073802778041e+04 -1.571190934355e+01 -1.380504668919e+02  7.368177219797e+01 -2.041888802371e+01 
 4.168693834703e+04 -1.530161161155e+01 -1.349461714255e+02  7.344199279481e+01 -2.082959407983e+01 
 4.265795188016e+04 -1.491014146614e+01 -1.319108742961e+02  7.319248361356e+01 -2.124565778412e+01 
 4.365158322402e+04 -1.453668736481e+01 -1.289431222331e+02  7.293292118563e+01 -2.166695114720e+01 
 4.466835921510e+04 -1.418047491492e+01 -1.260414864574e+02  7.266297762462e+01 -2.209333025446e+01 
 4.570881896149e+04 -1.384076374920e+01 -1.232045628420e+02  7.238232133345e+01 -2.252463456327e+01 
 4.677351412872e+04 -1.351684733090e+01 -1.204309717049e+02  7.209061749414e+01 -2.296068605053e+01 
 4.786300923226e+04 -1.320805106359e+01 -1.177193575492e+02  7.178752869340e+01 -2.340128838883e+01 
 4.897788193684e+04 -1.291373008087e+01 -1.150683891429e+02  7.147271577812e+01 -2.384622621633e+01 
 5.011872336273e+04 -1.263326978928e+01 -1.124767590013e+02  7.114583882297e+01 -2.429526444807e+01 
 5.128613839914e+04 -1.236608325687e+01 -1.099431833898e+02  7.080655778418e+01 -2.474814737088e+01 
 5.248074602498e+04 -1.211161012926e+01 -1.074664019747e+02  7.045453385493e+01 -2.520459813502e+01 
 5.370317963702e+04 -1.186931601043e+01 -1.050451775503e+02  7.008943018562e+01 -2.566431783720e+01 
 5.495408738576e+04 -1.163869077168e+01 -1.026782957996e+02  6.971091330558e+01 -2.612698502205e+01 
 5.623413251903e+04 -1.141924885611e+01 -1.003645648681e+02  6.931865439749e+01 -2.659225509310e+01 
 5.754399373371e+04 -1.121052614077e+01 -9.810281520138e+01  6.891233050742e+01 -2.705975967183e+01 
 5.888436553556e+04 -1.101208093190e+01 -9.589189904305e+01  6.849162612280e+01 -2.752910621226e+01 
 6.025595860743e+04 -1.082349173150e+01 -9.373069016862e+01  6.805623459968e+01 -2.799987752634e+01 
 6.165950018615e+04 -1.064435758726e+01 -9.161808353882e+01  6.760585982747e+01 -2.847163150045e+01 
 6.309573444802e+04 -1.047429540810e+01 -8.955299489410e+01  6.714021794854e+01 -2.894390089191e+01 
 6.456542290346e+04 -1.031294121506e+01 -8.753436030611e+01  6.665903903927e+01 -2.941619313748e+01 
 6.606934480076e+04 -1.015994739513e+01 -8.556113597850e+01  6.616206908532e+01 -2.988799045364e+01 
 6.760829753920e+04 -1.001498355042e+01 -8.363229754794e+01  6.564907174980e+01 -3.035874984253e+01 
 6.918309709189e+04 -9.877735390494e+00 -8.174683995291e+01  6.511983056710e+01 -3.082790354351e+01 
 7.079457843841e+04 -9.747902793183e+00 -7.990377690713e+01  6.457415065926e+01 -3.129485917836e+01 
 7.244359600750e+04 -9.625200541402e+00 -7.810214043353e+01  6.401186104450e+01 -3.175900053247e+01 
 7.413102413009e+04 -9.509357223267e+00 -7.634098049840e+01  6.343281668578e+01 -3.221968826058e+01 
 7.585775750292e+04 -9.400113819826e+00 -7.461936462023e+01  6.283690050188e+01 -3.267626070913e+01 
 7.762471166287e+04 -9.297224816040e+00 -7.293637729542e+01  6.222402556622e+01 -3.312803510132e+01 
 7.943282347243e+04 -9.200455476120e+00 -7.129111975771e+01  6.159413718655e+01 -3.357430881972e+01 
 8.128305161641e+04 -9.109582740611e+00 -6.968270936763e+01  6.094721494959e+01 -3.401436088041e+01 
 8.317637711027e+04 -9.024394024807e+00 -6.811027928839e+01  6.028327475626e+01 -3.444745365495e+01 
 8.511380382024e+04 -8.944686265791e+00 -6.657297801082e+01  5.960237064643e+01 -3.487283463424e+01 
 8.709635899561e+04 -8.870266792013e+00 -6.506996888378e+01  5.890459689037e+01 -3.528973881488e+01 
 8.912509381337e+04 -8.800950827420e+00 -6.360042976457e+01  5.819008944085e+01 -3.569739067300e+01 
 9.120108393559e+04 -8.736562247346e+00 -6.216355249540e+01  5.745902776057e+01 -3.609500694376e+01 
 9.332543007970e+04 -8.676932429625e+00 -6.075854252861e+01  5.671163610455e+01 -3.648179912148e+01 
 9.549925860214e+04 -8.621900034444e+00 -5.938461850909e+01  5.594818483504e+01 -3.685697640169e+01 
 9.772372209558e+04 -8.571310134834e+00 -5.804101184912e+01  5.516899159071e+01 -3.721974889467e+01 
 1.000000000000e+05 -8.525013753109e+00 -5.672696630688e+01  5.437442184618e+01 -3.756933043815e+01 
 1.023292992281e+05 -8.482867372048e+00 -5.544173763030e+01  5.356488980677e+01 -3.790494238408e+01 
 1.047128548051e+05 -8.444732170330e+00 -5.418459314925e+01  5.274085851924e+01 -3.822581674679e+01 
 1.071519305238e+05 -8.410473589403e+00 -5.295481141710e+01  5.190284002913e+01 -3.853119993528e+01 
 1.096478196143e+05 -8.379960636869e+00 -5.175168186627e+01  5.105139507288e+01 -3.882035629650e+01 
 1.122018454302e+05 -8.353065356085e+00 -5.057450445493e+01  5.018713251303e+01 -3.909257177728e+01 
 1.148153621497e+05 -8.329662102215e+00 -4.942258942141e+01  4.931070846493e+01 -3.934715761907e+01 
 1.174897554940e+05 -8.309627049838e+00 -4.829525693378e+01  4.842282515618e+01 -3.958345415980e+01 
 1.202264434617e+05 -8.292837257524e+00 -4.719183691049e+01  4.752422922584e+01 -3.980083411958e+01 
 1.230268770812e+05 -8.279170378863e+00 -4.611166874906e+01  4.661571005082e+01 -3.999870652117e+01 
 1.258925411794e+05 -8.268503698334e+00 -4.505410118628e+01  4.569809739290e+01 -4.017651975617e+01 
 1.288249551693e+05 -8.260713653493e+00 -4.401849216818e+01  4.477225899482e+01 -4.033376506390e+01 
 1.318256738556e+05 -8.255674987162e+00 -4.300420874652e+01  4.383909770010e+01 -4.046997943461e+01 
 1.348962882592e+05 -8.253260034581e+00 -4.201062705134e+01  4.289954843442e+01 -4.058474866395e+01 
 1.380384264603e+05 -8.253338067324e+00 -4.103713234959e+01  4.195457474888e+01 -4.067770971139e+01 
 1.412537544623e+05 -8.255774713320e+00 -4.008311906988e+01  4.100516522614e+01 -4.074855303113e+01 
 1.445439770746e+05 -8.260430831769e+00 -3.914799103260e+01  4.005232976586e+01 -4.079702494196e+01 
 1.479108388168e+05 -8.267162253956e+00 -3.823116163278e+01  3.909709538514e+01 -4.082292869207e+01 
 1.513561248436e+05 -8.275818807560e+00 -3.733205417291e+01  3.814050222259e+01 -4.082612633526e+01 
 1.548816618912e+05 -8.286243774838e+00 -3.645010224604e+01  3.718359918921e+01 -4.080653947267e+01 
 1.584893192461e+05 -8.298273035846e+00 -3.558475022985e+01  3.622743961253e+01 -4.076414983876e+01 
 1.621810097359e+05 -8.311734812906e+00 -3.473545385556e+01  3.527307687111e+01 -4.069899966874e+01 
 1.659586907438e+05 -8.326448663510e+00 -3.390168088553e+01  3.432155993215e+01 -4.061119120326e+01 
 1.698243652462e+05 -8.342225275538e+00 -3.308291185538e+01  3.337392905723e+01 -4.050088645913e+01 
 1.737800828749e+05 -8.358865950357e+00 -3.227864098606e+01  3.243121150951e+01 -4.036830631885e+01 
 1.778279410039e+05 -8.376162149483e+00 -3.148837708059e+01  3.149441733853e+01 -4.021372893065e+01 
 1.819700858610e+05 -8.393895558194e+00 -3.071164463284e+01  3.056453541212e+01 -4.003748848882e+01 
 1.862087136663e+05 -8.411837561839e+00 -2.994798493475e+01  2.964252953415e+01 -3.983997295315e+01 
 1.905460717963e+05 -8.429749484315e+00 -2.919695730243e+01  2.872933483253e+01 -3.962162191826e+01 
 1.949844599758e+05 -8.447382757958e+00 -2.845814035202e+01  2.782585436887e+01 -3.938292412552e+01 
 1.995262314969e+05 -8.464479176492e+00 -2.773113337806e+01  2.693295600314e+01 -3.912441456563e+01 
 2.041737944669e+05 -8.480771518915e+00 -2.701555766758e+01  2.605146955143e+01 -3.884667151529e+01 
 2.089296130854e+05 -8.495984137856e+00 -2.631105794351e+01  2.518218423589e+01 -3.855031341976e+01 
 2.137962089502e+05 -8.509833979204e+00 -2.561730373646e+01  2.432584644753e+01 -3.823599535652e+01 
 2.187761623950e+05 -8.522031838521e+00 -2.493399071948e+01  2.348315781830e+01 -3.790440585569e+01 
 2.238721138568e+05 -8.532283416741e+00 -2.426084200582e+01  2.265477363704e+01 -3.755626294957e+01 
 2.290867652768e+05 -8.540291371075e+00 -2.359760932616e+01  2.184130155811e+01 -3.719231091342e+01 
 2.344228815320e+05 -8.545756814011e+00 -2.294407408394e+01  2.104330065251e+01 -3.681331644033e+01 
 2.398832919019e+05 -8.548381537449e+00 -2.230004822650e+01  2.026128075357e+01 -3.642006511244e+01 
 2.454708915685e+05 -8.547870221594e+00 -2.166537491359e+01  1.949570212860e+01 -3.601335767296e+01 
 2.511886431510e+05 -8.543932957177e+00 -2.103992894702e+01  1.874697540741e+01 -3.559400664816e+01 
 2.570395782769e+05 -8.536287737032e+00 -2.042361690053e+01  1.801546182069e+01 -3.516283277547e+01 
 2.630267991895e+05 -8.524663262360e+00 -1.981637697656e+01  1.730147365301e+01 -3.472066182602e+01 
 2.691534803927e+05 -8.508801753099e+00 -1.921817846377e+01  1.660527497945e+01 -3.426832127485e+01 
 2.754228703338e+05 -8.488461698141e+00 -1.862902087852e+01  1.592708259973e+01 -3.380663726515e+01 
 2.818382931264e+05 -8.463420789386e+00 -1.804893271413e+01  1.526706716326e+01 -3.333643175470e+01 
 2.884031503127e+05 -8.433478558779e+00 -1.747796980773e+01  1.462535447968e+01 -3.285851978350e+01 
 2.951209226666e+05 -8.398459009762e+00 -1.691621333554e+01  1.400202699079e+01 -3.237370690268e+01 
 3.019951720402e+05 -8.358213030828e+00 -1.636376742518e+01  1.339712537553e+01 -3.188278680198e+01 
 3.090295432514e+05 -8.312620524920e+00 -1.582075643706e+01  1.281065025453e+01 -3.138653917262e+01 
 3.162277660168e+05 -8.261592254899e+00 -1.528732194439e+01  1.224256400440e+01 -3.088572770295e+01 
 3.235936569296e+05 -8.205071319323e+00 -1.476361942822e+01  1.169279263483e+01 -3.038109830007e+01 
 3.311311214826e+05 -8.143034217506e+00 -1.424981478720e+01  1.116122774081e+01 -2.987337744420e+01 
 3.388441561392e+05 -8.075491491922e+00 -1.374608066933e+01  1.064772846959e+01 -2.936327080035e+01 
 3.467368504525e+05 -8.002487899747e+00 -1.325259274500e+01  1.015212353077e+01 -2.885146194802e+01 
 3.548133892336e+05 -7.924102129342e+00 -1.276952595294e+01  9.674213207513e+00 -2.833861131100e+01 
 3.630780547701e+05 -7.840446009662e+00 -1.229705079446e+01  9.213771349358e+00 -2.782535528105e+01 
 3.715352290972e+05 -7.751663301745e+00 -1.183532977791e+01  8.770547400004e+00 -2.731230537973e+01 
 3.801893963206e+05 -7.657928023830e+00 -1.138451405143e+01  8.344268344016e+00 -2.680004770565e+01 
 3.890451449943e+05 -7.559442396630e+00 -1.094474028407e+01  7.934640639569e+00 -2.628914246752e+01 
 3.981071705535e+05 -7.456434468558e+00 -1.051612785908e+01  7.541352115487e+00 -2.578012363462e+01 
 4.073802778041e+05 -7.349155332488e+00 -1.009877645160e+01  7.164073838947e+00 -2.527349867262e+01 
 4.168693834703e+05 -7.237876242800e+00 -9.692763968680e+00  6.802461884587e+00 -2.476974848841e+01 
 4.265795188016e+05 -7.122885477191e+00 -9.298144919301e+00  6.456159074352e+00 -2.426932741604e+01 
 4.365158322402e+05 -7.004485087380e+00 -8.914949219079e+00  6.124796672081e+00 -2.377266327169e+01 
 4.466835921510e+05 -6.882987641924e+00 -8.543181425177e+00  5.807995982441e+00 -2.328015755958e+01 
 4.570881896149e+05 -6.758712978039e+00 -8.182820379186e+00  5.505369914791e+00 -2.279218570165e+01 
 4.677351412872e+05 -6.631985004535e+00 -7.833819277622e+00  5.216524435759e+00 -2.230909741991e+01 
 4.786300923226e+05 -6.503128681431e+00 -7.496106091896e+00  4.941060044733e+00 -2.183121702993e+01 
 4.897788193684e+05 -6.372467116678e+00 -7.169584361968e+00  4.678573081361e+00 -2.135884396986e+01 
 5.011872336273e+05 -6.240318946835e+00 -6.854134253374e+00  4.428657021504e+00 -2.089225328702e+01 
 5.128613839914e+05 -6.106995908360e+00 -6.549613906861e+00  4.190903719212e+00 -2.043169615538e+01 
 5.248074602498e+05 -5.972800701419e+00 -6.255860976556e+00  3.964904524436e+00 -1.997740053037e+01 
 5.370317963702e+05 -5.838025114781e+00 -5.972694361941e+00  3.750251419373e+00 -1.952957171044e+01 
 5.495408738576e+05 -5.702948464667e+00 -5.699916029988e+00  3.546538009731e+00 -1.908839305980e+01 
 5.623413251903e+05 -5.567836300640e+00 -5.437312942507e+00  3.353360508210e+00 -1.865402667614e+01 
 5.754399373371e+05 -5.432939383127e+00 -5.184659015516e+00  3.170318629883e+00 -1.822661412387e+01 
 5.888436553556e+05 -5.298492954706e+00 -4.941717070781e+00  2.997016439934e+00 -1.780627717138e+01 
 6.025595860743e+05 -5.164716234736e+00 -4.708240773029e+00  2.833063124345e+00 -1.739311857003e+01 
 6.165950018615e+05 -5.031812172279e+00 -4.483976496301e+00  2.678073726847e+00 -1.698722281550e+01 
 6.309573444802e+05 -4.899967375677e+00 -4.268665119454e+00  2.531669786873e+00 -1.658865697598e+01 
 6.456542290346e+05 -4.769352265093e+00 -4.062043712534e+00  2.393479980460e+00 -1.619747145030e+01 
 6.606934480076e+05 -4.640121366345e+00 -3.863847112777e+00  2.263140628078e+00 -1.581370083445e+01 
 6.760829753920e+05 -4.512413748470e+00 -3.673809376388e+00  2.140296226161e+00 -1.543736468835e+01 
 6.918309709189e+05 -4.386353579402e+00 -3.491665093876e+00  2.024599857128e+00 -1.506846839179e+01 
 7.079457843841e+05 -4.262050778847e+00 -3.317150572730e+00  1.915713580262e+00 -1.470700395372e+01 
 7.244359600750e+05 -4.139601728824e+00 -3.150004886763e+00  1.813308790504e+00 -1.435295079494e+01 
 7.413102413009e+05 -4.019090067614e+00 -2.989970779559e+00  1.717066453093e+00 -1.400627661342e+01 
 7.585775750292e+05 -3.900587478935e+00 -2.836795458019e+00  1.626677378257e+00 -1.366693813177e+01 
 7.762471166287e+05 -3.784154539140e+00 -2.690231239009e+00  1.541842383532e+00 -1.333488191153e+01 
 7.943282347243e+05 -3.669841543683e+00 -2.550036096582e+00  1.462272441816e+00 -1.301004511564e+01 
 8.128305161641e+05 -3.557689342568e+00 -2.415974088112e+00  1.387688768519e+00 -1.269235627437e+01 
 8.317637711027e+05 -3.447730149377e+00 -2.287815687283e+00  1.317822886377e+00 -1.238173600997e+01 
 8.511380382024e+05 -3.339988333550e+00 -2.165338019509e+00  1.252416627066e+00 -1.207809776810e+01 
 8.709635899561e+05 -3.234481174912e+00 -2.048325018458e+00  1.191222114572e+00 -1.178134850462e+01 
 8.912509381337e+05 -3.131219581572e+00 -1.936567508227e+00  1.134001696887e+00 -1.149138936683e+01 
 9.120108393559e+05 -3.030208770394e+00 -1.829863219063e+00  1.080527861366e+00 -1.120811633122e+01 
 9.332543007970e+05 -2.931448893400e+00 -1.728016752273e+00  1.030583110048e+00 -1.093142082491e+01 
 9.549925860214e+05 -2.834935631597e+00 -1.630839489774e+00  9.839598041624e-01 -1.066119032310e+01 
 9.772372209558e+05 -2.740660725886e+00 -1.538149474828e+00  9.404599962043e-01 -1.039730890357e+01 
 1.000000000000e+06 -2.648612478648e+00 -1.449771247182e+00  8.998952198217e-01 -1.013965779324e+01 
 1.023292992281e+06 -2.558776188444e+00 -1.365535667179e+00  8.620862805146e-01 -9.888115862433e+00 
 1.047128548051e+06 -2.471134557761e+00 -1.285279708098e+00  8.268630158682e-01 -9.642560102926e+00 
 1.071519305238e+06 -2.385668045717e+00 -1.208846241824e+00  7.940640438134e-01 -9.402866072704e+00 
 1.096478196143e+06 -2.302355185718e+00 -1.136083813304e+00  7.635364964201e-01 -9.168908312840e+00 
 1.122018454302e+06 -2.221172858460e+00 -1.066846411872e+00  7.351357462004e-01 -8.940560731322e+00 
 1.148153621497e+06 -2.142096534619e+00 -1.000993239684e+00  7.087251243965e-01 -8.717696957928e+00 
 1.174897554940e+06 -2.065100481097e+00 -9.383884849008e-01  6.841756290559e-01 -8.500190674735e+00 
 1.202264434617e+06 -1.990157937687e+00 -8.789010990281e-01  6.613656324788e-01 -8.287915915261e+00 
 1.230268770812e+06 -1.917241264078e+00 -8.224045840749e-01  6.401805877421e-01 -8.080747335276e+00 
 1.258925411794e+06 -1.846322066907e+00 -7.687767856423e-01  6.205127266072e-01 -7.878560466031e+00 
 1.288249551693e+06 -1.777371303489e+00 -7.178996989934e-01  6.022607630538e-01 -7.681231937790e+00 
 1.318256738556e+06 -1.710359363806e+00 -6.696592880166e-01  5.853296083865e-01 -7.488639669786e+00 
 1.348962882592e+06 -1.645256141798e+00 -6.239453137259e-01  5.696300734605e-01 -7.300663055157e+00 
 1.380384264603e+06 -1.582031089204e+00 -5.806511782440e-01  5.550785855925e-01 -7.117183113771e+00 
 1.412537544623e+06 -1.520653261523e+00 -5.396737788185e-01  5.415969048418e-01 -6.938082631973e+00 
 1.445439770746e+06 -1.461091353269e+00 -5.009133767705e-01  5.291118579543e-01 -6.763246271435e+00 
 1.479108388168e+06 -1.403313726589e+00 -4.642734772629e-01  5.175550666214e-01 -6.592560674393e+00 
 1.513561248436e+06 -1.347288437237e+00 -4.296607197654e-01  5.068626901227e-01 -6.425914545570e+00 
 1.548816618912e+06 -1.292983253803e+00 -3.969847809376e-01  4.969751780330e-01 -6.263198716937e+00 
 1.584893192461e+06 -1.240365677394e+00 -3.661582861211e-01  4.878370266864e-01 -6.104306204366e+00 
 1.621810097359e+06 -1.189402960007e+00 -3.370967295267e-01  4.793965461773e-01 -5.949132249645e+00 
 1.659586907438e+06 -1.140062122223e+00 -3.097184035612e-01  4.716056423069e-01 -5.797574344598e+00 
 1.698243652462e+06 -1.092309973114e+00 -2.839443334636e-01  4.644195979330e-01 -5.649532255749e+00 
 1.737800828749e+06 -1.046113130719e+00 -2.596982188518e-01  4.577968690843e-01 -5.504908033561e+00 
 1.778279410039e+06 -1.001438044116e+00 -2.369063802880e-01  4.516988994078e-01 -5.363606002930e+00 
 1.819700858610e+06 -9.582510194586e-01 -2.154977086585e-01  4.460899204685e-01 -5.225532772591e+00 
 1.862087136663e+06 -9.165182459351e-01 -1.954036191670e-01  4.409367895660e-01 -5.090597205692e+00 
 1.905460717963e+06 -8.762058257433e-01 -1.765580066184e-01  4.362088159936e-01 -4.958710407736e+00 
 1.949844599758e+06 -8.372798059152e-01 -1.588972023583e-01  4.318776027213e-01 -4.829785701872e+00 
 1.995262314969e+06 -7.997062115933e-01 -1.423599325405e-01  4.279169025392e-01 -4.703738592885e+00 
 2.041737944669e+06 -7.634510821764e-01 -1.268872760437e-01  4.243024700606e-01 -4.580486741569e+00 
 2.089296130854e+06 -7.284805081270e-01 -1.124226226785e-01  4.210119367321e-01 -4.459949918785e+00 
 2.137962089502e+06 -6.947606694680e-01 -9.891163055863e-02  4.180246809250e-01 -4.342049971206e+00 
 2.187761623950e+06 -6.622578747425e-01 -8.630218265863e-02  4.153217111803e-01 -4.226710778380e+00 
 2.238721138568e+06 -6.309386008436e-01 -7.454434206415e-02  4.128855601383e-01 -4.113858203581e+00 
 2.290867652768e+06 -6.007695325262e-01 -6.359030611475e-02  4.107001762917e-01 -4.003420054127e+00 
 2.344228815320e+06 -5.717176023288e-01 -5.339435844318e-02  4.087508304543e-01 -3.895326030747e+00 
 2.398832919019e+06 -5.437500289493e-01 -4.391282049576e-02  4.070240242001e-01 -3.789507681334e+00 
 2.454708915685e+06 -5.168343554538e-01 -3.510400068577e-02  4.055074080422e-01 -3.685898349362e+00 
 2.511886431510e+06 -4.909384856419e-01 -2.692814282817e-02  4.041896990253e-01 -3.584433129944e+00 
 2.570395782769e+06 -4.660307197691e-01 -1.934737230662e-02  4.030606088225e-01 -3.485048819193e+00 
 2.630267991895e+06 -4.420797872843e-01 -1.232564221224e-02  4.021107758388e-01 -3.387683865222e+00 
 2.691534803927e+06 -4.190548787806e-01 -5.828677420836e-03  4.013317011745e-01 -3.292278320202e+00 
 2.754228703338e+06 -3.969256750156e-01  1.760815082127e-04  4.007156892080e-01 -3.198773793007e+00 
 2.818382931264e+06 -3.756623740014e-01  5.719535397328e-03  4.002557911347e-01 -3.107113403812e+00 
 2.884031503127e+06 -3.552357157589e-01  1.083098393998e-02  3.999457565171e-01 -3.017241734185e+00 
 2.951209226666e+06 -3.356170044665e-01  1.553818338372e-02  3.997799823034e-01 -2.929104785892e+00 
 3.019951720402e+06 -3.167781282301e-01  1.986740423954e-02  3.997534719445e-01 -2.842649931919e+00 
 3.090295432514e+06 -2.986915766132e-01  2.384348904902e-02  3.998617910220e-01 -2.757825877182e+00 
 3.162277660168e+06 -2.813304551204e-01  2.748990934883e-02  4.001010324196e-01 -2.674582611377e+00 
 3.235936569296e+06 -2.646684978828e-01  3.082882252615e-02  4.004677776484e-01 -2.592871371792e+00 
 3.311311214826e+06 -2.486800776053e-01  3.388112771129e-02  4.009590671251e-01 -2.512644598457e+00 
 3.388441561392e+06 -2.333402133877e-01  3.666652088266e-02  4.015723679644e-01 -2.433855896882e+00 
 3.467368504525e+06 -2.186245763445e-01  3.920354892866e-02  4.023055463482e-01 -2.356459998753e+00 
 3.548133892336e+06 -2.045094930726e-01  4.150966248896e-02  4.031568413408e-01 -2.280412724296e+00 
 3.630780547701e+06 -1.909719471794e-01  4.360126756023e-02  4.041248421515e-01 -2.205670943748e+00 
 3.715352290972e+06 -1.779895791160e-01  4.549377584560e-02  4.052084634493e-01 -2.132192544724e+00 
 3.801893963206e+06 -1.655406840075e-01  4.720165339972e-02  4.064069266971e-01 -2.059936394782e+00 
 3.890451449943e+06 -1.536042082147e-01  4.873846803063e-02  4.077197397957e-01 -1.988862309163e+00 
 3.981071705535e+06 -1.421597440946e-01  5.011693478329e-02  4.091466816032e-01 -1.918931014949e+00 
 4.073802778041e+06 -1.311875238374e-01  5.134896022605e-02  4.106877827445e-01 -1.850104122822e+00 
 4.168693834703e+06 -1.206684117154e-01  5.244568463296e-02  4.123433143226e-01 -1.782344090735e+00 
 4.265795188016e+06 -1.105838955579e-01  5.341752286427e-02  4.141137712673e-01 -1.715614197371e+00 
 4.365158322402e+06 -1.009160770947e-01  5.427420331699e-02  4.159998616655e-01 -1.649878509633e+00 
 4.466835921510e+06 -9.164766167095e-02  5.502480546845e-02  4.180024948850e-01 -1.585101854201e+00 
 4.570881896149e+06 -8.276194701950e-02  5.567779546793e-02  4.201227725065e-01 -1.521249787168e+00 
 4.677351412872e+06 -7.424281157581e-02  5.624106030713e-02  4.223619773988e-01 -1.458288568486e+00 
 4.786300923226e+06 -6.607470231925e-02  5.672194036186e-02  4.247215679942e-01 -1.396185131128e+00 
 4.897788193684e+06 -5.824262208134e-02  5.712726025710e-02  4.272031692520e-01 -1.334907056864e+00 
 5.011872336273e+06 -5.073211669297e-02  5.746335838414e-02  4.298085678955e-01 -1.274422547901e+00 
 5.128613839914e+06 -4.352926176083e-02  5.773611474877e-02  4.325397075806e-01 -1.214700400769e+00 
 5.248074602498e+06 -3.662064938676e-02  5.795097751959e-02  4.353986842413e-01 -1.155709981584e+00 
 5.370317963702e+06 -2.999337474628e-02  5.811298813313e-02  4.383877440390e-01 -1.097421199786e+00 
 5.495408738576e+06 -2.363502269870e-02  5.822680513620e-02  4.415092808435e-01 -1.039804484306e+00 
 5.623413251903e+06 -1.753365438769e-02  5.829672667866e-02  4.447658360026e-01 -9.828307585814e-01 
 5.754399373371e+06 -1.167779389323e-02  5.832671178287e-02  4.481600986814e-01 -9.264714167340e-01 
 5.888436553556e+06 -6.056415169053e-03  5.832040063632e-02  4.516949067239e-01 -8.706983009748e-01 
 6.025595860743e+06 -6.589289593006e-04  5.828113352641e-02  4.553732501362e-01 -8.154836776024e-01 
 6.165950018615e+06  4.524829919815e-03  5.821196898927e-02  4.591982740298e-01 -7.608002156634e-01 
 6.309573444802e+06  9.504615155693e-03  5.811570078850e-02  4.631732836695e-01 -7.066209651229e-01 
 6.456542290346e+06  1.428978123515e-02  5.799487404241e-02  4.673017510848e-01 -6.529193350611e-01 
 6.606934480076e+06  1.888929538564e-02  5.785180059387e-02  4.715873216206e-01 -5.996690742754e-01 
 6.760829753920e+06  2.331174932586e-02  5.768857338206e-02  4.760338225779e-01 -5.468442514715e-01 
 6.918309709189e+06  2.756537064559e-02  5.750708017750e-02  4.806452737863e-01 -4.944192353949e-01 
 7.079457843841e+06  3.165803385073e-02  5.730901663138e-02  4.854258973006e-01 -4.423686786016e-01 
 7.244359600750e+06  3.559727113298e-02  5.709589860727e-02  4.903801303280e-01 -3.906674995365e-01 
 7.413102413009e+06  3.939028279299e-02  5.686907395159e-02  4.955126387531e-01 -3.392908666047e-01 
 7.585775750292e+06  4.304394733661e-02  5.662973371423e-02  5.008283310251e-01 -2.882141843572e-01 
 7.762471166287e+06  4.656483125408e-02  5.637892287443e-02  5.063323747301e-01 -2.374130790907e-01 
 7.943282347243e+06  4.995919853461e-02  5.611755053157e-02  5.120302130930e-01 -1.868633872597e-01 
 8.128305161641e+06  5.323301982389e-02  5.584639977034e-02  5.179275828879e-01 -1.365411449402e-01 
 8.317637711027e+06  5.639198134665e-02  5.556613706836e-02  5.240305337441e-01 -8.642257843821e-02 
 8.511380382024e+06  5.944149355376e-02  5.527732136384e-02  5.303454476399e-01 -3.648409742371e-02 
 8.709635899561e+06  6.238669950335e-02  5.498041284919e-02  5.368790605966e-01  1.329771165430e-02 
 8.912509381337e+06  6.523248304794e-02  5.467578139220e-02  5.436384837213e-01  6.294608869341e-02 
 9.120108393559e+06  6.798347678879e-02  5.436371476733e-02  5.506312256979e-01  1.124841019463e-01 
 9.332543007970e+06  7.064406986755e-02  5.404442658362e-02  5.578652161487e-01  1.619346482608e-01 
 9.549925860214e+06  7.321841558964e-02  5.371806402239e-02  5.653488286741e-01  2.113204503650e-01 
 9.772372209558e+06  7.571043891637e-02  5.338471535760e-02  5.730909051480e-01  2.606640529076e-01 
 1.000000000000e+07  7.812384385135e-02  5.304441726002e-02  5.811007799870e-01  3.099878159206e-01 
 1.023292992281e+07  8.046212073997e-02  5.269716194651e-02  5.893883037375e-01  3.593139051763e-01 
 1.047128548051e+07  8.272855351683e-02  5.234290408851e-02  5.979638682122e-01  4.086642818166e-01 
 1.071519305238e+07  8.492622691272e-02  5.198156758957e-02  6.068384295901e-01  4.580606876482e-01 
 1.096478196143e+07  8.705803365547e-02  5.161305214766e-02  6.160235326673e-01  5.075246295361e-01 
 1.122018454302e+07  8.912668167830e-02  5.123723960683e-02  6.255313342200e-01  5.570773608492e-01 
 1.148153621497e+07  9.113470136037e-02  5.085400014901e-02  6.353746244995e-01  6.067398595297e-01 
 1.174897554940e+07  9.308445281640e-02  5.046319821990e-02  6.455668495663e-01  6.565328049371e-01 
 1.202264434617e+07  9.497813324503e-02  5.006469825022e-02  6.561221312498e-01  7.064765513315e-01 
 1.230268770812e+07  9.681778435506e-02  4.965837012316e-02  6.670552865395e-01  7.565910992928e-01 
 1.258925411794e+07  9.860529987186e-02  4.924409435158e-02  6.783818449571e-01  8.068960643650e-01 
 1.288249551693e+07  1.003424331307e-01  4.882176698295e-02  6.901180647058e-01  8.574106436208e-01 
 1.318256738556e+07  1.020308047563e-01  4.839130416503e-02  7.022809460633e-01  9.081535793368e-01 
 1.348962882592e+07  1.036719104261e-01  4.795264639364e-02  7.148882437113e-01  9.591431211962e-01 
 1.380384264603e+07  1.052671287076e-01  4.750576236658e-02  7.279584761611e-01  1.010396985992e+00 
 1.412537544623e+07  1.068177289562e-01  4.705065246931e-02  7.415109317616e-01  1.061932314791e+00 
 1.445439770746e+07  1.083248792579e-01  4.658735182840e-02  7.555656737665e-01  1.113765629555e+00 
 1.479108388168e+07  1.097896543950e-01  4.611593294784e-02  7.701435402250e-01  1.165912786695e+00 
 1.513561248436e+07  1.112130438071e-01  4.563650787408e-02  7.852661424590e-01  1.218388930399e+00 
 1.548816618912e+07  1.125959595190e-01  4.514922990344e-02  8.009558590982e-01  1.271208444182e+00 
 1.584893192461e+07  1.139392440049e-01  4.465429480676e-02  8.172358264276e-01  1.324384901478e+00 
 1.621810097359e+07  1.152436779465e-01  4.415194155754e-02  8.341299260665e-01  1.377931016259e+00 
 1.659586907438e+07  1.165099878557e-01  4.364245257743e-02  8.516627674280e-01  1.431858592777e+00 
 1.698243652462e+07  1.177388535117e-01  4.312615348049e-02  8.698596673683e-01  1.486178475840e+00 
 1.737800828749e+07  1.189309151801e-01  4.260341233903e-02  8.887466256499e-01  1.540900501636e+00 
 1.778279410039e+07  1.200867805686e-01  4.207463847551e-02  9.083502958263e-01  1.596033449118e+00 
 1.819700858610e+07  1.212070314798e-01  4.154028080169e-02  9.286979532516e-01  1.651584993161e+00 
 1.862087136663e+07  1.222922301229e-01  4.100082572443e-02  9.498174586775e-01  1.707561659185e+00 
 1.905460717963e+07  1.233429250361e-01  4.045679464293e-02  9.717372189581e-01  1.763968780180e+00 
 1.949844599758e+07  1.243596566180e-01  3.990874109483e-02  9.944861435155e-01  1.820810455954e+00 
 1.995262314969e+07  1.253429621881e-01  3.935724754671e-02  1.018093599099e+00  1.878089515664e+00 
 2.041737944669e+07  1.262933805983e-01  3.880292191378e-02  1.042589361189e+00  1.935807483329e+00 
 2.089296130854e+07  1.272114563420e-01  3.824639382379e-02  1.068003563455e+00  1.993964546907e+00 
 2.137962089502e+07  1.280977431607e-01  3.768831068853e-02  1.094366645832e+00  2.052559531068e+00 
 2.187761623950e+07  1.289528071306e-01  3.712933362584e-02  1.121709301389e+00  2.111589873736e+00 
 2.238721138568e+07  1.297772292288e-01  3.657013328548e-02  1.150062423076e+00  2.171051606496e+00 
 2.290867652768e+07  1.305716073834e-01  3.601138563054e-02  1.179457049542e+00  2.230939338518e+00 
 2.344228815320e+07  1.313365579966e-01  3.545376771732e-02  1.209924313494e+00  2.291246244289e+00 
 2.398832919019e+07  1.320727169842e-01  3.489795353484e-02  1.241495389606e+00  2.351964054307e+00 
 2.454708915685e+07  1.327807403234e-01  3.434460993959e-02  1.274201445241e+00  2.413083048628e+00 
 2.511886431510e+07  1.334613041427e-01  3.379439273445e-02  1.308073592995e+00  2.474592052612e+00 
 2.570395782769e+07  1.341151043863e-01  3.324794293198e-02  1.343142846072e+00  2.536478434219e+00 
 2.630267991895e+07  1.347428560753e-01  3.270588323668e-02  1.379440076071e+00  2.598728102198e+00 
 2.691534803927e+07  1.353452922070e-01  3.216881477883e-02  1.416995974598e+00  2.661325504220e+00 
 2.754228703338e+07  1.359231623290e-01  3.163731412786e-02  1.455841016381e+00  2.724253624203e+00 
 2.818382931264e+07  1.364772308290e-01  3.111193060610e-02  1.496005425994e+00  2.787493978075e+00 
 2.884031503127e+07  1.370082749793e-01  3.059318392069e-02  1.537519146677e+00  2.851026606838e+00 
 2.951209226666e+07  1.375170827776e-01  3.008156212558e-02  1.580411810051e+00  2.914830066462e+00 
 3.019951720402e+07  1.380044506282e-01  2.957751992016e-02  1.624712707369e+00  2.978881413612e+00 
 3.090295432514e+07  1.384711809063e-01  2.908147728801e-02  1.670450760305e+00  3.043156186931e+00 
 3.162277660168e+07  1.389180794357e-01  2.859381847177e-02  1.717654490300e+00  3.107628383200e+00 
 3.235936569296e+07  1.393459529307e-01  2.811489127932e-02  1.766351985878e+00  3.172270428167e+00 
 3.311311214826e+07  1.397556064272e-01  2.764500670984e-02  1.816570865936e+00  3.237053142213e+00 
 3.388441561392e+07  1.401478407444e-01  2.718443888676e-02  1.868338238090e+00  3.301945700753e+00 
 3.467368504525e+07  1.405234500004e-01  2.673342528081e-02  1.921680650273e+00  3.366915590162e+00 
 3.548133892336e+07  1.408832192144e-01  2.629216720445e-02  1.976624035089e+00  3.431928559484e+00 
 3.630780547701e+07  1.412279220178e-01  2.586083055563e-02  2.033193644411e+00  3.496948569210e+00 
 3.715352290972e+07  1.415583184923e-01  2.543954679017e-02  2.091413974682e+00  3.561937738259e+00 
 3.801893963206e+07  1.418751531586e-01  2.502841409718e-02  2.151308680071e+00  3.626856290204e+00 
 3.890451449943e+07  1.421791531235e-01  2.462749875431e-02  2.212900474604e+00  3.691662500799e+00 
 3.981071705535e+07  1.424710264006e-01  2.423683663821e-02  2.276211020965e+00  3.756312647965e+00 
 4.073802778041e+07  1.427514604117e-01  2.385643486523e-02  2.341260806946e+00  3.820760966788e+00 
 4.168693834703e+07  1.430211206738e-01  2.348627353798e-02  2.408069008650e+00  3.884959610768e+00 
 4.265795188016e+07  1.432806496741e-01  2.312630757577e-02  2.476653341219e+00  3.948858621742e+00 
 4.365158322402e+07  1.435306659343e-01  2.277646860409e-02  2.547029896947e+00  4.012405910259e+00 
 4.466835921510e+07  1.437717632606e-01  2.243666688363e-02  2.619212972186e+00  4.075547248721e+00 
 4.570881896149e+07  1.440045101761e-01  2.210679325788e-02  2.693214883636e+00  4.138226278547e+00 
 4.677351412872e+07  1.442294495302e-01  2.178672110022e-02  2.769045775637e+00  4.200384533832e+00 
 4.786300923226e+07  1.444470982767e-01  2.147630824346e-02  2.846713419510e+00  4.261961482781e+00 
 4.897788193684e+07  1.446579474113e-01  2.117539887770e-02  2.926223007713e+00  4.322894588245e+00 
 5.011872336273e+07  1.448624620614e-01  2.088382539885e-02  3.007576943244e+00  4.383119389211e+00 
 5.128613839914e+07  1.450610817143e-01  2.060141019927e-02  3.090774628331e+00  4.442569603674e+00 
 5.248074602498e+07  1.452542205751e-01  2.032796738717e-02  3.175812253052e+00  4.501177254029e+00 
 5.370317963702e+07  1.454422680401e-01  2.006330442720e-02  3.262682587350e+00  4.558872815512e+00 
 5.495408738576e+07  1.456255892756e-01  1.980722369305e-02  3.351374778821e+00  4.615585387851e+00 
 5.623413251903e+07  1.458045258899e-01  1.955952392752e-02  3.441874158374e+00  4.671242890216e+00 
 5.754399373371e+07  1.459793966833e-01  1.932000160406e-02  3.534162057126e+00  4.725772279159e+00 
 5.888436553556e+07  1.461504984685e-01  1.908845218851e-02  3.628215636541e+00  4.779099788736e+00 
 6.025595860743e+07  1.463181069458e-01  1.886467129609e-02  3.724007735066e+00  4.831151192250e+00 
 6.165950018615e+07  1.464824776237e-01  1.864845574658e-02  3.821506732975e+00  4.881852084036e+00 
 6.309573444802e+07  1.466438467735e-01  1.843960451469e-02  3.920676438671e+00  4.931128179991e+00 
 6.456542290346e+07  1.468024324066e-01  1.823791958019e-02  4.021475998402e+00  4.978905634902e+00 
 6.606934480076e+07  1.469584352670e-01  1.804320667712e-02  4.123859831192e+00  5.025111374728e+00 
 6.760829753920e+07  1.471120398273e-01  1.785527594817e-02  4.227777591808e+00  5.069673441071e+00 
 6.918309709189e+07  1.472634152819e-01  1.767394250596e-02  4.333174162102e+00  5.112521345742e+00 
 7.079457843841e+07  1.474127165285e-01  1.749902690695e-02  4.439989673897e+00  5.153586432167e+00 
 7.244359600750e+07  1.475600851326e-01  1.733035554237e-02  4.548159562778e+00  5.192802240944e+00 
 7.413102413009e+07  1.477056502676e-01  1.716776095212e-02  4.657614654957e+00  5.230104876233e+00 
 7.585775750292e+07  1.478495296270e-01  1.701108206666e-02  4.768281286859e+00  5.265433369704e+00 
 7.762471166287e+07  1.479918303028e-01  1.686016438308e-02  4.880081457801e+00  5.298730038842e+00 
 7.943282347243e+07  1.481326496283e-01  1.671486008168e-02  4.992933015703e+00  5.329940835939e+00 
 8.128305161641e+07  1.482720759809e-01  1.657502808825e-02  5.106749874763e+00  5.359015684614e+00 
 8.317637711027e+07  1.484101895442e-01  1.644053408837e-02  5.221442264257e+00  5.385908800483e+00 
 8.511380382024e+07  1.485470630279e-01  1.631125049971e-02  5.336917007156e+00  5.410578992536e+00 
 8.709635899561e+07  1.486827623438e-01  1.618705640729e-02  5.453077826552e+00  5.432989942505e+00 
 8.912509381337e+07  1.488173472387e-01  1.606783746731e-02  5.569825677542e+00  5.453110459044e+00 
 9.120108393559e+07  1.489508718840e-01  1.595348578439e-02  5.687059102992e+00  5.470914704081e+00 
 9.332543007970e+07  1.490833854237e-01  1.584389976697e-02  5.804674609056e+00  5.486382389265e+00 
 9.549925860214e+07  1.492149324803e-01  1.573898396491e-02  5.922567058540e+00  5.499498940093e+00 
 9.772372209558e+07  1.493455536212e-01  1.563864889311e-02  6.040630078376e+00  5.510255626253e+00 
 1.000000000000e+08  1.494752857873e-01  1.554281084466e-02  6.158756477495e+00  5.518649656970e+00 
 1.023292992281e+08  1.496041626849e-01  1.545139169688e-02  6.276838672231e+00  5.524684240052e+00 
 1.047128548051e+08  1.497322151432e-01  1.536431871210e-02  6.394769115043e+00  5.528368604584e+00 
 1.071519305238e+08  1.498594714398e-01  1.528152433644e-02  6.512440722860e+00  5.529717986931e+00 
 1.096478196143e+08  1.499859575955e-01  1.520294599768e-02  6.629747301994e+00  5.528753580393e+00 
 1.122018454302e+08  1.501116976406e-01  1.512852590442e-02  6.746583965291e+00  5.525502449365e+00 
 1.148153621497e+08  1.502367138555e-01  1.505821084758e-02  6.862847538710e+00  5.519997409028e+00 
 1.174897554940e+08  1.503610269858e-01  1.499195200524e-02  6.978436953713e+00  5.512276872077e+00 
 1.202264434617e+08  1.504846564351e-01  1.492970475195e-02  7.093253622573e+00  5.502384664332e+00 
 1.230268770812e+08  1.506076204364e-01  1.487142847288e-02  7.207201793869e+00  5.490369811392e+00 
 1.258925411794e+08  1.507299362034e-01  1.481708638333e-02  7.320188885468e+00  5.476286298646e+00 
 1.288249551693e+08  1.508516200633e-01  1.476664535424e-02  7.432125793053e+00  5.460192807357e+00 
 1.318256738556e+08  1.509726875730e-01  1.472007574348e-02  7.542927172277e+00  5.442152429559e+00 
 1.348962882592e+08  1.510931536178e-01  1.467735123387e-02  7.652511692808e+00  5.422232364768e+00 
 1.380384264603e+08  1.512130324949e-01  1.463844867733e-02  7.760802263716e+00  5.400503601406e+00 
 1.412537544623e+08  1.513323379830e-01  1.460334794604e-02  7.867726228536e+00  5.377040586219e+00 
 1.445439770746e+08  1.514510833963e-01  1.457203179039e-02  7.973215530425e+00  5.351920884606e+00 
 1.479108388168e+08  1.515692816266e-01  1.454448570410e-02  8.077206846737e+00  5.325224834929e+00 
 1.513561248436e+08  1.516869451707e-01  1.452069779686e-02  8.179641693517e+00  5.297035199834e+00 
 1.548816618912e+08  1.518040861467e-01  1.450065867479e-02  8.280466500278e+00  5.267436817313e+00 
 1.584893192461e+08  1.519207162966e-01  1.448436132904e-02  8.379632655856e+00  5.236516254455e+00 
 1.621810097359e+08  1.520368469781e-01  1.447180103317e-02  8.477096526702e+00  5.204361466015e+00 
 1.659586907438e+08  1.521524891440e-01  1.446297524981e-02  8.572819448271e+00  5.171061460693e+00 
 1.698243652462e+08  1.522676533107e-01  1.445788354713e-02  8.666767691673e+00  5.136705976742e+00 
 1.737800828749e+08  1.523823495161e-01  1.445652752594e-02  8.758912406748e+00  5.101385169128e+00 
 1.778279410039e+08  1.524965872667e-01  1.445891075816e-02  8.849229543327e+00  5.065189310003e+00 
 1.819700858610e+08  1.526103754746e-01  1.446503873748e-02  8.937699753044e+00  5.028208503468e+00 
 1.862087136663e+08  1.527237223859e-01  1.447491884302e-02  9.024308272916e+00  4.990532416502e+00 
 1.905460717963e+08  1.528366354993e-01  1.448856031720e-02  9.109044793106e+00  4.952250026591e+00 
 1.949844599758e+08  1.529491214775e-01  1.450597425840e-02  9.191903311075e+00  4.913449386718e+00 
 1.995262314969e+08  1.530611860509e-01  1.452717362972e-02  9.272881973293e+00  4.874217408845e+00 
 2.041737944669e+08  1.531728339156e-01  1.455217328496e-02  9.351982907464e+00  4.834639665430e+00 
 2.089296130854e+08  1.532840686254e-01  1.458099001247e-02  9.429212046435e+00  4.794800209705e+00 
 2.137962089502e+08  1.533948924809e-01  1.461364259844e-02  9.504578945894e+00  4.754781414427e+00 
 2.187761623949e+08  1.535053064150e-01  1.465015191009e-02  9.578096597613e+00  4.714663828850e+00 
 2.238721138568e+08  1.536153098783e-01  1.469054100045e-02  9.649781239860e+00  4.674526053664e+00 
 2.290867652768e+08  1.537249007244e-01  1.473483523500e-02  9.719652166500e+00  4.634444633328e+00 
 2.344228815320e+08  1.538340750979e-01  1.478306244160e-02  9.787731536227e+00  4.594493965242e+00 
 2.398832919019e+08  1.539428273279e-01  1.483525308407e-02  9.854044183361e+00  4.554746224916e+00 
 2.454708915685e+08  1.540511498264e-01  1.489144046052e-02  9.918617431039e+00  4.515271306724e+00 
 2.511886431510e+08  1.541590329977e-01  1.495166092660e-02  9.981480908443e+00  4.476136778783e+00 
 2.570395782769e+08  1.542664651582e-01  1.501595414425e-02  1.004266637244e+01  4.437407851689e+00 
 2.630267991895e+08  1.543734324718e-01  1.508436335600e-02  1.010220753489e+01  4.399147359736e+00 
 2.691534803927e+08  1.544799189015e-01  1.515693568506e-02  1.016013989602e+01  4.361415753880e+00 
 2.754228703338e+08  1.545859061823e-01  1.523372246034e-02  1.021650058479e+01  4.324271105315e+00 
 2.818382931264e+08  1.546913738174e-01  1.531477956652e-02  1.027132820635e+01  4.287769118972e+00 
 2.884031503127e+08  1.547962991007e-01  1.540016781752e-02  1.032466269742e+01  4.251963155620e+00 
 2.951209226666e+08  1.549006571705e-01  1.548995335292e-02  1.037654518951e+01  4.216904261828e+00 
 3.019951720402e+08  1.550044210956e-01  1.558420805500e-02  1.042701788051e+01  4.182641206956e+00 
 3.090295432514e+08  1.551075619996e-01  1.568300998486e-02  1.047612391447e+01  4.149220526033e+00 
 3.162277660168e+08  1.552100492239e-01  1.578644383512e-02  1.052390727001e+01  4.116686567891e+00 
 3.235936569296e+08  1.553118505360e-01  1.589460139630e-02  1.057041265698e+01  4.085081547608e+00 
 3.311311214826e+08  1.554129323831e-01  1.600758203362e-02  1.061568542167e+01  4.054445602434e+00 
 3.388441561392e+08  1.555132601964e-01  1.612549317060e-02  1.065977146010e+01  4.024816850802e+00 
 3.467368504525e+08  1.556127987467e-01  1.624845077539e-02  1.070271713959e+01  3.996231453150e+00 
 3.548133892336e+08  1.557115125560e-01  1.637657984499e-02  1.074456922814e+01  3.968723674512e+00 
 3.630780547701e+08  1.558093663648e-01  1.651001488269e-02  1.078537483161e+01  3.942325947815e+00 
 3.715352290972e+08  1.559063256585e-01  1.664890036337e-02  1.082518133833e+01  3.917068937612e+00 
 3.801893963206e+08  1.560023572532e-01  1.679339118057e-02  1.086403637077e+01  3.892981603625e+00 
 3.890451449943e+08  1.560974299418e-01  1.694365306996e-02  1.090198774437e+01  3.870091263548e+00 
 3.981071705535e+08  1.561915152001e-01  1.709986300233e-02  1.093908343269e+01  3.848423654873e+00 
 4.073802778041e+08  1.562845879525e-01  1.726220954011e-02  1.097537153907e+01  3.828002995129e+00 
 4.168693834703e+08  1.563766273966e-01  1.743089315053e-02  1.101090027413e+01  3.808852040315e+00 
 4.265795188016e+08  1.564676178833e-01  1.760612646899e-02  1.104571793897e+01  3.790992141144e+00 
 4.365158322402e+08  1.565575498512e-01  1.778813450571e-02  1.107987291367e+01  3.774443296844e+00 
 4.466835921510e+08  1.566464208110e-01  1.797715478977e-02  1.111341365093e+01  3.759224206094e+00 
 4.570881896149e+08  1.567342363749e-01  1.817343744333e-02  1.114638867417e+01  3.745352315168e+00 
 4.677351412872e+08  1.568210113286e-01  1.837724518090e-02  1.117884658028e+01  3.732843862645e+00 
 4.786300923226e+08  1.569067707368e-01  1.858885322742e-02  1.121083604620e+01  3.721713920937e+00 
 4.897788193684e+08  1.569915510787e-01  1.880854915034e-02  1.124240583950e+01  3.711976433996e+00 
 5.011872336273e+08  1.570754014042e-01  1.903663260080e-02  1.127360483221e+01  3.703644251504e+00 
 5.128613839914e+08  1.571583845046e-01  1.927341496045e-02  1.130448201804e+01  3.696729158952e+00 
 5.248074602498e+08  1.572405780891e-01  1.951921889004e-02  1.133508653234e+01  3.691241903852e+00 
 5.370317963702e+08  1.573220759580e-01  1.977437777817e-02  1.136546767474e+01  3.687192217658e+00 
 5.495408738576e+08  1.574029891639e-01  2.003923508804e-02  1.139567493415e+01  3.684588833499e+00 
 5.623413251903e+08  1.574834471517e-01  2.031414360200e-02  1.142575801578e+01  3.683439499468e+00 
 5.754399373371e+08  1.575635988673e-01  2.059946456429e-02  1.145576686998e+01  3.683750987392e+00 
 5.888436553556e+08  1.576436138261e-01  2.089556672321e-02  1.148575172258e+01  3.685529097142e+00 
 6.025595860743e+08  1.577236831311e-01  2.120282527537e-02  1.151576310652e+01  3.688778656033e+00 
 6.165950018615e+08  1.578040204319e-01  2.152162071543e-02  1.154585189445e+01  3.693503513639e+00 
 6.309573444802e+08  1.578848628146e-01  2.185233759594e-02  1.157606933206e+01  3.699706531653e+00 
 6.456542290346e+08  1.579664716151e-01  2.219536320252e-02  1.160646707180e+01  3.707389568751e+00 
 6.606934480076e+08  1.580491331474e-01  2.255108615129e-02  1.163709720679e+01  3.716553460538e+00 
 6.760829753920e+08  1.581331593382e-01  2.291989491553e-02  1.166801230458e+01  3.727197994187e+00 
 6.918309709189e+08  1.582188882635e-01  2.330217628997e-02  1.169926544050e+01  3.739321878061e+00 
 7.079457843841e+08  1.583066845795e-01  2.369831380148e-02  1.173091023023e+01  3.752922705920e+00 
 7.244359600750e+08  1.583969398440e-01  2.410868607589e-02  1.176300086129e+01  3.767996915883e+00 
 7.413102413009e+08  1.584900727238e-01  2.453366517085e-02  1.179559212318e+01  3.784539743877e+00 
 7.585775750292e+08  1.585865290869e-01  2.497361488517e-02  1.182873943572e+01  3.802545171738e+00 
 7.762471166287e+08  1.586867819761e-01  2.542888905555e-02  1.186249887524e+01  3.822005869690e+00 
 7.943282347243e+08  1.587913314659e-01  2.589982985113e-02  1.189692719839e+01  3.842913133353e+00 
 8.128305161641e+08  1.589007044019e-01  2.638676607692e-02  1.193208186285e+01  3.865256815147e+00 
 8.317637711026e+08  1.590154540255e-01  2.689001149681e-02  1.196802104491e+01  3.889025250119e+00 
 8.511380382024e+08  1.591361594882e-01  2.740986318576e-02  1.200480365311e+01  3.914205176213e+00 
 8.709635899561e+08  1.592634252583e-01  2.794659992168e-02  1.204248933773e+01  3.940781649003e+00 
 8.912509381337e+08  1.593978804272e-01  2.850048062556e-02  1.208113849554e+01  3.968737950926e+00 
 9.120108393559e+08  1.595401779202e-01  2.907174285856e-02  1.212081226934e+01  3.998055495144e+00 
 9.332543007970e+08  1.596909936219e-01  2.966060138308e-02  1.216157254167e+01  4.028713724128e+00 
 9.549925860214e+08  1.598510254210e-01  3.026724679488e-02  1.220348192234e+01  4.060690003043e+00 
 9.772372209558e+08  1.600209921860e-01  3.089184423093e-02  1.224660372902e+01  4.093959508265e+00 
 1.000000000000e+09  1.602016326808e-01  3.153453215793e-02  1.229100196038e+01  4.128495111097e+00 
