 frequency       av              ph             
 1.00000000e+00  2.40106801e+01 -7.10863266e-05 
 1.02920053e+00  2.40106801e+01 -7.31620849e-05 
 1.05925373e+00  2.40106801e+01 -7.52984563e-05 
 1.09018449e+00  2.40106801e+01 -7.74972109e-05 
 1.12201845e+00  2.40106801e+01 -7.97601703e-05 
 1.15478198e+00  2.40106801e+01 -8.20892094e-05 
 1.18850223e+00  2.40106801e+01 -8.44862576e-05 
 1.22320712e+00  2.40106801e+01 -8.69533008e-05 
 1.25892541e+00  2.40106801e+01 -8.94923830e-05 
 1.29568670e+00  2.40106801e+01 -9.21056078e-05 
 1.33352143e+00  2.40106801e+01 -9.47951401e-05 
 1.37246096e+00  2.40106801e+01 -9.75632082e-05 
 1.41253754e+00  2.40106801e+01 -1.00412105e-04 
 1.45378439e+00  2.40106801e+01 -1.03344192e-04 
 1.49623566e+00  2.40106801e+01 -1.06361897e-04 
 1.53992653e+00  2.40106801e+01 -1.09467720e-04 
 1.58489319e+00  2.40106801e+01 -1.12664235e-04 
 1.63117291e+00  2.40106801e+01 -1.15954090e-04 
 1.67880402e+00  2.40106801e+01 -1.19340011e-04 
 1.72782598e+00  2.40106801e+01 -1.22824802e-04 
 1.77827941e+00  2.40106801e+01 -1.26411351e-04 
 1.83020611e+00  2.40106801e+01 -1.30102629e-04 
 1.88364909e+00  2.40106801e+01 -1.33901694e-04 
 1.93865264e+00  2.40106801e+01 -1.37811695e-04 
 1.99526231e+00  2.40106801e+01 -1.41835869e-04 
 2.05352503e+00  2.40106801e+01 -1.45977551e-04 
 2.11348904e+00  2.40106801e+01 -1.50240172e-04 
 2.17520403e+00  2.40106801e+01 -1.54627264e-04 
 2.23872114e+00  2.40106801e+01 -1.59142462e-04 
 2.30409298e+00  2.40106801e+01 -1.63789506e-04 
 2.37137371e+00  2.40106801e+01 -1.68572246e-04 
 2.44061907e+00  2.40106801e+01 -1.73494644e-04 
 2.51188643e+00  2.40106801e+01 -1.78560779e-04 
 2.58523484e+00  2.40106801e+01 -1.83774848e-04 
 2.66072506e+00  2.40106801e+01 -1.89141171e-04 
 2.73841963e+00  2.40106801e+01 -1.94664193e-04 
 2.81838293e+00  2.40106801e+01 -2.00348490e-04 
 2.90068120e+00  2.40106801e+01 -2.06198771e-04 
 2.98538262e+00  2.40106801e+01 -2.12219884e-04 
 3.07255737e+00  2.40106801e+01 -2.18416816e-04 
 3.16227766e+00  2.40106801e+01 -2.24794703e-04 
 3.25461783e+00  2.40106801e+01 -2.31358827e-04 
 3.34965439e+00  2.40106801e+01 -2.38114626e-04 
 3.44746607e+00  2.40106801e+01 -2.45067699e-04 
 3.54813389e+00  2.40106801e+01 -2.52223805e-04 
 3.65174127e+00  2.40106801e+01 -2.59588873e-04 
 3.75837404e+00  2.40106801e+01 -2.67169005e-04 
 3.86812055e+00  2.40106801e+01 -2.74970481e-04 
 3.98107171e+00  2.40106801e+01 -2.82999764e-04 
 4.09732110e+00  2.40106801e+01 -2.91263506e-04 
 4.21696503e+00  2.40106801e+01 -2.99768554e-04 
 4.34010264e+00  2.40106801e+01 -3.08521954e-04 
 4.46683592e+00  2.40106801e+01 -3.17530957e-04 
 4.59726989e+00  2.40106801e+01 -3.26803029e-04 
 4.73151259e+00  2.40106801e+01 -3.36345849e-04 
 4.86967525e+00  2.40106801e+01 -3.46167326e-04 
 5.01187234e+00  2.40106801e+01 -3.56275594e-04 
 5.15822165e+00  2.40106801e+01 -3.66679029e-04 
 5.30884444e+00  2.40106801e+01 -3.77386250e-04 
 5.46386550e+00  2.40106801e+01 -3.88406128e-04 
 5.62341325e+00  2.40106801e+01 -3.99747791e-04 
 5.78761988e+00  2.40106801e+01 -4.11420638e-04 
 5.95662144e+00  2.40106801e+01 -4.23434337e-04 
 6.13055792e+00  2.40106801e+01 -4.35798843e-04 
 6.30957344e+00  2.40106801e+01 -4.48524399e-04 
 6.49381632e+00  2.40106801e+01 -4.61621548e-04 
 6.68343918e+00  2.40106801e+01 -4.75101140e-04 
 6.87859912e+00  2.40106801e+01 -4.88974344e-04 
 7.07945784e+00  2.40106801e+01 -5.03252653e-04 
 7.28618175e+00  2.40106801e+01 -5.17947895e-04 
 7.49894209e+00  2.40106801e+01 -5.33072247e-04 
 7.71791516e+00  2.40106801e+01 -5.48638238e-04 
 7.94328235e+00  2.40106801e+01 -5.64658764e-04 
 8.17523038e+00  2.40106801e+01 -5.81147097e-04 
 8.41395142e+00  2.40106801e+01 -5.98116899e-04 
 8.65964323e+00  2.40106801e+01 -6.15582227e-04 
 8.91250938e+00  2.40106801e+01 -6.33557553e-04 
 9.17275935e+00  2.40106801e+01 -6.52057768e-04 
 9.44060876e+00  2.40106801e+01 -6.71098198e-04 
 9.71627952e+00  2.40106801e+01 -6.90694619e-04 
 1.00000000e+01  2.40106801e+01 -7.10863266e-04 
 1.02920053e+01  2.40106801e+01 -7.31620849e-04 
 1.05925373e+01  2.40106801e+01 -7.52984563e-04 
 1.09018449e+01  2.40106801e+01 -7.74972109e-04 
 1.12201845e+01  2.40106801e+01 -7.97601703e-04 
 1.15478198e+01  2.40106801e+01 -8.20892094e-04 
 1.18850223e+01  2.40106801e+01 -8.44862575e-04 
 1.22320712e+01  2.40106801e+01 -8.69533008e-04 
 1.25892541e+01  2.40106801e+01 -8.94923830e-04 
 1.29568670e+01  2.40106801e+01 -9.21056078e-04 
 1.33352143e+01  2.40106801e+01 -9.47951401e-04 
 1.37246096e+01  2.40106801e+01 -9.75632082e-04 
 1.41253754e+01  2.40106801e+01 -1.00412105e-03 
 1.45378439e+01  2.40106801e+01 -1.03344192e-03 
 1.49623566e+01  2.40106801e+01 -1.06361897e-03 
 1.53992653e+01  2.40106801e+01 -1.09467720e-03 
 1.58489319e+01  2.40106801e+01 -1.12664235e-03 
 1.63117291e+01  2.40106801e+01 -1.15954090e-03 
 1.67880402e+01  2.40106801e+01 -1.19340011e-03 
 1.72782598e+01  2.40106801e+01 -1.22824802e-03 
 1.77827941e+01  2.40106801e+01 -1.26411351e-03 
 1.83020611e+01  2.40106801e+01 -1.30102629e-03 
 1.88364909e+01  2.40106801e+01 -1.33901694e-03 
 1.93865264e+01  2.40106801e+01 -1.37811694e-03 
 1.99526231e+01  2.40106801e+01 -1.41835869e-03 
 2.05352503e+01  2.40106801e+01 -1.45977551e-03 
 2.11348904e+01  2.40106801e+01 -1.50240172e-03 
 2.17520403e+01  2.40106801e+01 -1.54627264e-03 
 2.23872114e+01  2.40106801e+01 -1.59142462e-03 
 2.30409298e+01  2.40106801e+01 -1.63789506e-03 
 2.37137371e+01  2.40106801e+01 -1.68572246e-03 
 2.44061907e+01  2.40106800e+01 -1.73494644e-03 
 2.51188643e+01  2.40106800e+01 -1.78560779e-03 
 2.58523484e+01  2.40106800e+01 -1.83774848e-03 
 2.66072506e+01  2.40106800e+01 -1.89141171e-03 
 2.73841963e+01  2.40106800e+01 -1.94664193e-03 
 2.81838293e+01  2.40106800e+01 -2.00348490e-03 
 2.90068120e+01  2.40106800e+01 -2.06198771e-03 
 2.98538262e+01  2.40106800e+01 -2.12219884e-03 
 3.07255737e+01  2.40106800e+01 -2.18416816e-03 
 3.16227766e+01  2.40106800e+01 -2.24794703e-03 
 3.25461783e+01  2.40106800e+01 -2.31358826e-03 
 3.34965439e+01  2.40106800e+01 -2.38114626e-03 
 3.44746607e+01  2.40106800e+01 -2.45067699e-03 
 3.54813389e+01  2.40106800e+01 -2.52223805e-03 
 3.65174127e+01  2.40106800e+01 -2.59588873e-03 
 3.75837404e+01  2.40106800e+01 -2.67169005e-03 
 3.86812055e+01  2.40106800e+01 -2.74970480e-03 
 3.98107171e+01  2.40106800e+01 -2.82999763e-03 
 4.09732110e+01  2.40106800e+01 -2.91263506e-03 
 4.21696503e+01  2.40106800e+01 -2.99768554e-03 
 4.34010264e+01  2.40106800e+01 -3.08521953e-03 
 4.46683592e+01  2.40106800e+01 -3.17530957e-03 
 4.59726989e+01  2.40106800e+01 -3.26803028e-03 
 4.73151259e+01  2.40106800e+01 -3.36345849e-03 
 4.86967525e+01  2.40106800e+01 -3.46167325e-03 
 5.01187234e+01  2.40106800e+01 -3.56275593e-03 
 5.15822165e+01  2.40106800e+01 -3.66679029e-03 
 5.30884444e+01  2.40106800e+01 -3.77386250e-03 
 5.46386550e+01  2.40106800e+01 -3.88406127e-03 
 5.62341325e+01  2.40106800e+01 -3.99747791e-03 
 5.78761988e+01  2.40106800e+01 -4.11420637e-03 
 5.95662144e+01  2.40106800e+01 -4.23434336e-03 
 6.13055792e+01  2.40106800e+01 -4.35798842e-03 
 6.30957344e+01  2.40106800e+01 -4.48524398e-03 
 6.49381632e+01  2.40106800e+01 -4.61621547e-03 
 6.68343918e+01  2.40106800e+01 -4.75101139e-03 
 6.87859912e+01  2.40106800e+01 -4.88974343e-03 
 7.07945784e+01  2.40106800e+01 -5.03252651e-03 
 7.28618175e+01  2.40106800e+01 -5.17947894e-03 
 7.49894209e+01  2.40106800e+01 -5.33072245e-03 
 7.71791516e+01  2.40106800e+01 -5.48638236e-03 
 7.94328235e+01  2.40106800e+01 -5.64658762e-03 
 8.17523038e+01  2.40106800e+01 -5.81147095e-03 
 8.41395142e+01  2.40106800e+01 -5.98116896e-03 
 8.65964323e+01  2.40106800e+01 -6.15582225e-03 
 8.91250938e+01  2.40106800e+01 -6.33557550e-03 
 9.17275935e+01  2.40106800e+01 -6.52057765e-03 
 9.44060876e+01  2.40106800e+01 -6.71098195e-03 
 9.71627952e+01  2.40106800e+01 -6.90694616e-03 
 1.00000000e+02  2.40106800e+01 -7.10863262e-03 
 1.02920053e+02  2.40106800e+01 -7.31620844e-03 
 1.05925373e+02  2.40106800e+01 -7.52984558e-03 
 1.09018449e+02  2.40106800e+01 -7.74972104e-03 
 1.12201845e+02  2.40106800e+01 -7.97601698e-03 
 1.15478198e+02  2.40106800e+01 -8.20892088e-03 
 1.18850223e+02  2.40106800e+01 -8.44862569e-03 
 1.22320712e+02  2.40106800e+01 -8.69533001e-03 
 1.25892541e+02  2.40106799e+01 -8.94923823e-03 
 1.29568670e+02  2.40106799e+01 -9.21056069e-03 
 1.33352143e+02  2.40106799e+01 -9.47951392e-03 
 1.37246096e+02  2.40106799e+01 -9.75632072e-03 
 1.41253754e+02  2.40106799e+01 -1.00412104e-02 
 1.45378439e+02  2.40106799e+01 -1.03344190e-02 
 1.49623566e+02  2.40106799e+01 -1.06361895e-02 
 1.53992653e+02  2.40106799e+01 -1.09467719e-02 
 1.58489319e+02  2.40106799e+01 -1.12664234e-02 
 1.63117291e+02  2.40106799e+01 -1.15954089e-02 
 1.67880402e+02  2.40106799e+01 -1.19340009e-02 
 1.72782598e+02  2.40106798e+01 -1.22824800e-02 
 1.77827941e+02  2.40106798e+01 -1.26411349e-02 
 1.83020611e+02  2.40106798e+01 -1.30102627e-02 
 1.88364909e+02  2.40106798e+01 -1.33901692e-02 
 1.93865264e+02  2.40106798e+01 -1.37811692e-02 
 1.99526231e+02  2.40106798e+01 -1.41835866e-02 
 2.05352503e+02  2.40106798e+01 -1.45977547e-02 
 2.11348904e+02  2.40106797e+01 -1.50240169e-02 
 2.17520403e+02  2.40106797e+01 -1.54627260e-02 
 2.23872114e+02  2.40106797e+01 -1.59142458e-02 
 2.30409298e+02  2.40106797e+01 -1.63789501e-02 
 2.37137371e+02  2.40106797e+01 -1.68572241e-02 
 2.44061907e+02  2.40106796e+01 -1.73494639e-02 
 2.51188643e+02  2.40106796e+01 -1.78560773e-02 
 2.58523484e+02  2.40106796e+01 -1.83774841e-02 
 2.66072506e+02  2.40106796e+01 -1.89141163e-02 
 2.73841963e+02  2.40106795e+01 -1.94664185e-02 
 2.81838293e+02  2.40106795e+01 -2.00348481e-02 
 2.90068120e+02  2.40106795e+01 -2.06198762e-02 
 2.98538262e+02  2.40106794e+01 -2.12219874e-02 
 3.07255737e+02  2.40106794e+01 -2.18416805e-02 
 3.16227766e+02  2.40106794e+01 -2.24794690e-02 
 3.25461783e+02  2.40106793e+01 -2.31358813e-02 
 3.34965439e+02  2.40106793e+01 -2.38114611e-02 
 3.44746607e+02  2.40106792e+01 -2.45067683e-02 
 3.54813389e+02  2.40106792e+01 -2.52223787e-02 
 3.65174127e+02  2.40106791e+01 -2.59588854e-02 
 3.75837404e+02  2.40106791e+01 -2.67168984e-02 
 3.86812055e+02  2.40106790e+01 -2.74970458e-02 
 3.98107171e+02  2.40106790e+01 -2.82999739e-02 
 4.09732110e+02  2.40106789e+01 -2.91263479e-02 
 4.21696503e+02  2.40106788e+01 -2.99768524e-02 
 4.34010264e+02  2.40106787e+01 -3.08521922e-02 
 4.46683592e+02  2.40106787e+01 -3.17530922e-02 
 4.59726989e+02  2.40106786e+01 -3.26802991e-02 
 4.73151259e+02  2.40106785e+01 -3.36345808e-02 
 4.86967525e+02  2.40106784e+01 -3.46167280e-02 
 5.01187234e+02  2.40106783e+01 -3.56275544e-02 
 5.15822165e+02  2.40106782e+01 -3.66678975e-02 
 5.30884444e+02  2.40106781e+01 -3.77386191e-02 
 5.46386550e+02  2.40106780e+01 -3.88406063e-02 
 5.62341325e+02  2.40106779e+01 -3.99747721e-02 
 5.78761988e+02  2.40106777e+01 -4.11420561e-02 
 5.95662144e+02  2.40106776e+01 -4.23434254e-02 
 6.13055792e+02  2.40106774e+01 -4.35798752e-02 
 6.30957344e+02  2.40106773e+01 -4.48524300e-02 
 6.49381632e+02  2.40106771e+01 -4.61621440e-02 
 6.68343918e+02  2.40106770e+01 -4.75101023e-02 
 6.87859912e+02  2.40106768e+01 -4.88974216e-02 
 7.07945784e+02  2.40106766e+01 -5.03252513e-02 
 7.28618175e+02  2.40106764e+01 -5.17947743e-02 
 7.49894209e+02  2.40106762e+01 -5.33072081e-02 
 7.71791516e+02  2.40106759e+01 -5.48638057e-02 
 7.94328235e+02  2.40106757e+01 -5.64658566e-02 
 8.17523038e+02  2.40106754e+01 -5.81146882e-02 
 8.41395142e+02  2.40106751e+01 -5.98116664e-02 
 8.65964323e+02  2.40106749e+01 -6.15581972e-02 
 8.91250938e+02  2.40106745e+01 -6.33557275e-02 
 9.17275935e+02  2.40106742e+01 -6.52057464e-02 
 9.44060876e+02  2.40106739e+01 -6.71097867e-02 
 9.71627952e+02  2.40106735e+01 -6.90694259e-02 
 1.00000000e+03  2.40106731e+01 -7.10862873e-02 
 1.02920053e+03  2.40106727e+01 -7.31620420e-02 
 1.05925373e+03  2.40106723e+01 -7.52984096e-02 
 1.09018449e+03  2.40106718e+01 -7.74971600e-02 
 1.12201845e+03  2.40106713e+01 -7.97601148e-02 
 1.15478198e+03  2.40106708e+01 -8.20891488e-02 
 1.18850223e+03  2.40106703e+01 -8.44861915e-02 
 1.22320712e+03  2.40106697e+01 -8.69532288e-02 
 1.25892541e+03  2.40106691e+01 -8.94923046e-02 
 1.29568670e+03  2.40106684e+01 -9.21055223e-02 
 1.33352143e+03  2.40106677e+01 -9.47950468e-02 
 1.37246096e+03  2.40106670e+01 -9.75631065e-02 
 1.41253754e+03  2.40106662e+01 -1.00411994e-01 
 1.45378439e+03  2.40106654e+01 -1.03344071e-01 
 1.49623566e+03  2.40106645e+01 -1.06361765e-01 
 1.53992653e+03  2.40106636e+01 -1.09467576e-01 
 1.58489319e+03  2.40106626e+01 -1.12664079e-01 
 1.63117291e+03  2.40106616e+01 -1.15953920e-01 
 1.67880402e+03  2.40106605e+01 -1.19339825e-01 
 1.72782598e+03  2.40106594e+01 -1.22824599e-01 
 1.77827941e+03  2.40106581e+01 -1.26411130e-01 
 1.83020611e+03  2.40106568e+01 -1.30102388e-01 
 1.88364909e+03  2.40106555e+01 -1.33901432e-01 
 1.93865264e+03  2.40106540e+01 -1.37811408e-01 
 1.99526231e+03  2.40106525e+01 -1.41835556e-01 
 2.05352503e+03  2.40106508e+01 -1.45977210e-01 
 2.11348904e+03  2.40106491e+01 -1.50239801e-01 
 2.17520403e+03  2.40106473e+01 -1.54626860e-01 
 2.23872114e+03  2.40106453e+01 -1.59142021e-01 
 2.30409298e+03  2.40106433e+01 -1.63789025e-01 
 2.37137371e+03  2.40106411e+01 -1.68571721e-01 
 2.44061907e+03  2.40106388e+01 -1.73494073e-01 
 2.51188643e+03  2.40106363e+01 -1.78560156e-01 
 2.58523484e+03  2.40106337e+01 -1.83774169e-01 
 2.66072506e+03  2.40106310e+01 -1.89140430e-01 
 2.73841963e+03  2.40106281e+01 -1.94663385e-01 
 2.81838293e+03  2.40106250e+01 -2.00347609e-01 
 2.90068120e+03  2.40106217e+01 -2.06197811e-01 
 2.98538262e+03  2.40106183e+01 -2.12218838e-01 
 3.07255737e+03  2.40106146e+01 -2.18415676e-01 
 3.16227766e+03  2.40106107e+01 -2.24793459e-01 
 3.25461783e+03  2.40106066e+01 -2.31357471e-01 
 3.34965439e+03  2.40106023e+01 -2.38113148e-01 
 3.44746607e+03  2.40105977e+01 -2.45066087e-01 
 3.54813389e+03  2.40105928e+01 -2.52222048e-01 
 3.65174127e+03  2.40105876e+01 -2.59586958e-01 
 3.75837404e+03  2.40105821e+01 -2.67166917e-01 
 3.86812055e+03  2.40105763e+01 -2.74968204e-01 
 3.98107171e+03  2.40105702e+01 -2.82997282e-01 
 4.09732110e+03  2.40105637e+01 -2.91260801e-01 
 4.21696503e+03  2.40105568e+01 -2.99765605e-01 
 4.34010264e+03  2.40105495e+01 -3.08518738e-01 
 4.46683592e+03  2.40105417e+01 -3.17527452e-01 
 4.59726989e+03  2.40105335e+01 -3.26799207e-01 
 4.73151259e+03  2.40105249e+01 -3.36341683e-01 
 4.86967525e+03  2.40105157e+01 -3.46162784e-01 
 5.01187234e+03  2.40105059e+01 -3.56270643e-01 
 5.15822165e+03  2.40104956e+01 -3.66673631e-01 
 5.30884444e+03  2.40104847e+01 -3.77380366e-01 
 5.46386550e+03  2.40104731e+01 -3.88399712e-01 
 5.62341325e+03  2.40104608e+01 -3.99740797e-01 
 5.78761988e+03  2.40104479e+01 -4.11413013e-01 
 5.95662144e+03  2.40104341e+01 -4.23426025e-01 
 6.13055792e+03  2.40104195e+01 -4.35789781e-01 
 6.30957344e+03  2.40104041e+01 -4.48514520e-01 
 6.49381632e+03  2.40103877e+01 -4.61610778e-01 
 6.68343918e+03  2.40103704e+01 -4.75089399e-01 
 6.87859912e+03  2.40103521e+01 -4.88961544e-01 
 7.07945784e+03  2.40103326e+01 -5.03238698e-01 
 7.28618175e+03  2.40103121e+01 -5.17932683e-01 
 7.49894209e+03  2.40102902e+01 -5.33055663e-01 
 7.71791516e+03  2.40102672e+01 -5.48620158e-01 
 7.94328235e+03  2.40102427e+01 -5.64639053e-01 
 8.17523038e+03  2.40102168e+01 -5.81125609e-01 
 8.41395142e+03  2.40101893e+01 -5.98093473e-01 
 8.65964323e+03  2.40101602e+01 -6.15556689e-01 
 8.91250938e+03  2.40101294e+01 -6.33529711e-01 
 9.17275935e+03  2.40100968e+01 -6.52027415e-01 
 9.44060876e+03  2.40100623e+01 -6.71065109e-01 
 9.71627952e+03  2.40100257e+01 -6.90658546e-01 
 1.00000000e+04  2.40099869e+01 -7.10823940e-01 
 1.02920053e+04  2.40099458e+01 -7.31577976e-01 
 1.05925373e+04  2.40099023e+01 -7.52937824e-01 
 1.09018449e+04  2.40098562e+01 -7.74921155e-01 
 1.12201845e+04  2.40098074e+01 -7.97546155e-01 
 1.15478198e+04  2.40097557e+01 -8.20831536e-01 
 1.18850223e+04  2.40097010e+01 -8.44796557e-01 
 1.22320712e+04  2.40096430e+01 -8.69461036e-01 
 1.25892541e+04  2.40095815e+01 -8.94845368e-01 
 1.29568670e+04  2.40095164e+01 -9.20970541e-01 
 1.33352143e+04  2.40094475e+01 -9.47858150e-01 
 1.37246096e+04  2.40093745e+01 -9.75530422e-01 
 1.41253754e+04  2.40092971e+01 -1.00401023e+00 
 1.45378439e+04  2.40092152e+01 -1.03332110e+00 
 1.49623566e+04  2.40091284e+01 -1.06348725e+00 
 1.53992653e+04  2.40090365e+01 -1.09453361e+00 
 1.58489319e+04  2.40089391e+01 -1.12648581e+00 
 1.63117291e+04  2.40088360e+01 -1.15937025e+00 
 1.67880402e+04  2.40087268e+01 -1.19321407e+00 
 1.72782598e+04  2.40086110e+01 -1.22804520e+00 
 1.77827941e+04  2.40084885e+01 -1.26389241e+00 
 1.83020611e+04  2.40083587e+01 -1.30078525e+00 
 1.88364909e+04  2.40082211e+01 -1.33875417e+00 
 1.93865264e+04  2.40080755e+01 -1.37783048e+00 
 1.99526231e+04  2.40079212e+01 -1.41804640e+00 
 2.05352503e+04  2.40077578e+01 -1.45943506e+00 
 2.11348904e+04  2.40075847e+01 -1.50203058e+00 
 2.17520403e+04  2.40074014e+01 -1.54586804e+00 
 2.23872114e+04  2.40072072e+01 -1.59098354e+00 
 2.30409298e+04  2.40070015e+01 -1.63741422e+00 
 2.37137371e+04  2.40067836e+01 -1.68519827e+00 
 2.44061907e+04  2.40065529e+01 -1.73437500e+00 
 2.51188643e+04  2.40063084e+01 -1.78498483e+00 
 2.58523484e+04  2.40060495e+01 -1.83706937e+00 
 2.66072506e+04  2.40057753e+01 -1.89067137e+00 
 2.73841963e+04  2.40054849e+01 -1.94583486e+00 
 2.81838293e+04  2.40051772e+01 -2.00260508e+00 
 2.90068120e+04  2.40048514e+01 -2.06102860e+00 
 2.98538262e+04  2.40045063e+01 -2.12115328e+00 
 3.07255737e+04  2.40041408e+01 -2.18302837e+00 
 3.16227766e+04  2.40037536e+01 -2.24670451e+00 
 3.25461783e+04  2.40033435e+01 -2.31223377e+00 
 3.34965439e+04  2.40029092e+01 -2.37966970e+00 
 3.44746607e+04  2.40024492e+01 -2.44906737e+00 
 3.54813389e+04  2.40019620e+01 -2.52048339e+00 
 3.65174127e+04  2.40014460e+01 -2.59397596e+00 
 3.75837404e+04  2.40008995e+01 -2.66960494e+00 
 3.86812055e+04  2.40003207e+01 -2.74743184e+00 
 3.98107171e+04  2.39997076e+01 -2.82751990e+00 
 4.09732110e+04  2.39990584e+01 -2.90993411e+00 
 4.21696503e+04  2.39983708e+01 -2.99474130e+00 
 4.34010264e+04  2.39976425e+01 -3.08201010e+00 
 4.46683592e+04  2.39968713e+01 -3.17181107e+00 
 4.59726989e+04  2.39960545e+01 -3.26421672e+00 
 4.73151259e+04  2.39951894e+01 -3.35930151e+00 
 4.86967525e+04  2.39942734e+01 -3.45714196e+00 
 5.01187234e+04  2.39933032e+01 -3.55781667e+00 
 5.15822165e+04  2.39922758e+01 -3.66140635e+00 
 5.30884444e+04  2.39911878e+01 -3.76799392e+00 
 5.46386550e+04  2.39900357e+01 -3.87766448e+00 
 5.62341325e+04  2.39888156e+01 -3.99050542e+00 
 5.78761988e+04  2.39875236e+01 -4.10660646e+00 
 5.95662144e+04  2.39861555e+01 -4.22605966e+00 
 6.13055792e+04  2.39847068e+01 -4.34895951e+00 
 6.30957344e+04  2.39831728e+01 -4.47540293e+00 
 6.49381632e+04  2.39815485e+01 -4.60548937e+00 
 6.68343918e+04  2.39798287e+01 -4.73932081e+00 
 6.87859912e+04  2.39780077e+01 -4.87700181e+00 
 7.07945784e+04  2.39760797e+01 -5.01863959e+00 
 7.28618175e+04  2.39740384e+01 -5.16434399e+00 
 7.49894209e+04  2.39718773e+01 -5.31422761e+00 
 7.71791516e+04  2.39695893e+01 -5.46840575e+00 
 7.94328235e+04  2.39671671e+01 -5.62699650e+00 
 8.17523038e+04  2.39646028e+01 -5.79012076e+00 
 8.41395142e+04  2.39618884e+01 -5.95790225e+00 
 8.65964323e+04  2.39590150e+01 -6.13046754e+00 
 8.91250938e+04  2.39559735e+01 -6.30794607e+00 
 9.17275935e+04  2.39527541e+01 -6.49047018e+00 
 9.44060876e+04  2.39493468e+01 -6.67817507e+00 
 9.71627952e+04  2.39457405e+01 -6.87119885e+00 
 1.00000000e+05  2.39419239e+01 -7.06968250e+00 
 1.02920053e+05  2.39378849e+01 -7.27376989e+00 
 1.05925373e+05  2.39336108e+01 -7.48360771e+00 
 1.09018449e+05  2.39290883e+01 -7.69934549e+00 
 1.12201845e+05  2.39243030e+01 -7.92113553e+00 
 1.15478198e+05  2.39192401e+01 -8.14913285e+00 
 1.18850223e+05  2.39138839e+01 -8.38349515e+00 
 1.22320712e+05  2.39082178e+01 -8.62438269e+00 
 1.25892541e+05  2.39022242e+01 -8.87195823e+00 
 1.29568670e+05  2.38958849e+01 -9.12638692e+00 
 1.33352143e+05  2.38891803e+01 -9.38783618e+00 
 1.37246096e+05  2.38820900e+01 -9.65647554e+00 
 1.41253754e+05  2.38745927e+01 -9.93247649e+00 
 1.45378439e+05  2.38666658e+01 -1.02160123e+01 
 1.49623566e+05  2.38582854e+01 -1.05072579e+01 
 1.53992653e+05  2.38494266e+01 -1.08063893e+01 
 1.58489319e+05  2.38400633e+01 -1.11135840e+01 
 1.63117291e+05  2.38301679e+01 -1.14290200e+01 
 1.67880402e+05  2.38197115e+01 -1.17528759e+01 
 1.72782598e+05  2.38086639e+01 -1.20853305e+01 
 1.77827941e+05  2.37969933e+01 -1.24265624e+01 
 1.83020611e+05  2.37846664e+01 -1.27767494e+01 
 1.88364909e+05  2.37716485e+01 -1.31360686e+01 
 1.93865264e+05  2.37579032e+01 -1.35046951e+01 
 1.99526231e+05  2.37433923e+01 -1.38828023e+01 
 2.05352503e+05  2.37280762e+01 -1.42705608e+01 
 2.11348904e+05  2.37119133e+01 -1.46681380e+01 
 2.17520403e+05  2.36948603e+01 -1.50756973e+01 
 2.23872114e+05  2.36768722e+01 -1.54933978e+01 
 2.30409298e+05  2.36579020e+01 -1.59213931e+01 
 2.37137371e+05  2.36379009e+01 -1.63598306e+01 
 2.44061907e+05  2.36168183e+01 -1.68088510e+01 
 2.51188643e+05  2.35946015e+01 -1.72685870e+01 
 2.58523484e+05  2.35711960e+01 -1.77391627e+01 
 2.66072506e+05  2.35465454e+01 -1.82206925e+01 
 2.73841963e+05  2.35205915e+01 -1.87132800e+01 
 2.81838293e+05  2.34932739e+01 -1.92170171e+01 
 2.90068120e+05  2.34645308e+01 -1.97319828e+01 
 2.98538262e+05  2.34342982e+01 -2.02582424e+01 
 3.07255737e+05  2.34025107e+01 -2.07958457e+01 
 3.16227766e+05  2.33691009e+01 -2.13448265e+01 
 3.25461783e+05  2.33340001e+01 -2.19052013e+01 
 3.34965439e+05  2.32971380e+01 -2.24769675e+01 
 3.44746607e+05  2.32584429e+01 -2.30601031e+01 
 3.54813389e+05  2.32178421e+01 -2.36545650e+01 
 3.65174127e+05  2.31752614e+01 -2.42602878e+01 
 3.75837404e+05  2.31306262e+01 -2.48771829e+01 
 3.86812055e+05  2.30838610e+01 -2.55051375e+01 
 3.98107171e+05  2.30348897e+01 -2.61440131e+01 
 4.09732110e+05  2.29836361e+01 -2.67936452e+01 
 4.21696503e+05  2.29300240e+01 -2.74538420e+01 
 4.34010264e+05  2.28739774e+01 -2.81243835e+01 
 4.46683592e+05  2.28154209e+01 -2.88050217e+01 
 4.59726989e+05  2.27542799e+01 -2.94954788e+01 
 4.73151259e+05  2.26904812e+01 -3.01954483e+01 
 4.86967525e+05  2.26239528e+01 -3.09045934e+01 
 5.01187234e+05  2.25546248e+01 -3.16225481e+01 
 5.15822165e+05  2.24824294e+01 -3.23489168e+01 
 5.30884444e+05  2.24073013e+01 -3.30832747e+01 
 5.46386550e+05  2.23291784e+01 -3.38251685e+01 
 5.62341325e+05  2.22480016e+01 -3.45741174e+01 
 5.78761988e+05  2.21637155e+01 -3.53296137e+01 
 5.95662144e+05  2.20762689e+01 -3.60911242e+01 
 6.13055792e+05  2.19856148e+01 -3.68580920e+01 
 6.30957344e+05  2.18917108e+01 -3.76299377e+01 
 6.49381632e+05  2.17945197e+01 -3.84060616e+01 
 6.68343918e+05  2.16940093e+01 -3.91858457e+01 
 6.87859912e+05  2.15901531e+01 -3.99686562e+01 
 7.07945784e+05  2.14829304e+01 -4.07538457e+01 
 7.28618175e+05  2.13723264e+01 -4.15407560e+01 
 7.49894209e+05  2.12583324e+01 -4.23287208e+01 
 7.71791516e+05  2.11409460e+01 -4.31170685e+01 
 7.94328235e+05  2.10201713e+01 -4.39051256e+01 
 8.17523038e+05  2.08960186e+01 -4.46922191e+01 
 8.41395142e+05  2.07685047e+01 -4.54776801e+01 
 8.65964323e+05  2.06376530e+01 -4.62608463e+01 
 8.91250938e+05  2.05034930e+01 -4.70410657e+01 
 9.17275935e+05  2.03660607e+01 -4.78176991e+01 
 9.44060876e+05  2.02253978e+01 -4.85901232e+01 
 9.71627952e+05  2.00815523e+01 -4.93577335e+01 
 1.00000000e+06  1.99345779e+01 -5.01199468e+01 
 1.02920053e+06  1.97845334e+01 -5.08762038e+01 
 1.05925373e+06  1.96314833e+01 -5.16259717e+01 
 1.09018449e+06  1.94754967e+01 -5.23687461e+01 
 1.12201845e+06  1.93166474e+01 -5.31040534e+01 
 1.15478198e+06  1.91550132e+01 -5.38314522e+01 
 1.18850223e+06  1.89906762e+01 -5.45505356e+01 
 1.22320712e+06  1.88237217e+01 -5.52609320e+01 
 1.25892541e+06  1.86542383e+01 -5.59623067e+01 
 1.29568670e+06  1.84823173e+01 -5.66543629e+01 
 1.33352143e+06  1.83080524e+01 -5.73368426e+01 
 1.37246096e+06  1.81315394e+01 -5.80095272e+01 
 1.41253754e+06  1.79528755e+01 -5.86722379e+01 
 1.45378439e+06  1.77721593e+01 -5.93248365e+01 
 1.49623566e+06  1.75894901e+01 -5.99672248e+01 
 1.53992653e+06  1.74049677e+01 -6.05993454e+01 
 1.58489319e+06  1.72186920e+01 -6.12211810e+01 
 1.63117291e+06  1.70307627e+01 -6.18327545e+01 
 1.67880402e+06  1.68412788e+01 -6.24341282e+01 
 1.72782598e+06  1.66503383e+01 -6.30254039e+01 
 1.77827941e+06  1.64580379e+01 -6.36067215e+01 
 1.83020611e+06  1.62644728e+01 -6.41782591e+01 
 1.88364909e+06  1.60697361e+01 -6.47402316e+01 
 1.93865264e+06  1.58739185e+01 -6.52928898e+01 
 1.99526231e+06  1.56771085e+01 -6.58365197e+01 
 2.05352503e+06  1.54793914e+01 -6.63714412e+01 
 2.11348904e+06  1.52808495e+01 -6.68980067e+01 
 2.17520403e+06  1.50815615e+01 -6.74166001e+01 
 2.23872114e+06  1.48816026e+01 -6.79276352e+01 
 2.30409298e+06  1.46810439e+01 -6.84315543e+01 
 2.37137371e+06  1.44799523e+01 -6.89288264e+01 
 2.44061907e+06  1.42783904e+01 -6.94199455e+01 
 2.51188643e+06  1.40764159e+01 -6.99054290e+01 
 2.58523484e+06  1.38740817e+01 -7.03858154e+01 
 2.66072506e+06  1.36714357e+01 -7.08616624e+01 
 2.73841963e+06  1.34685205e+01 -7.13335450e+01 
 2.81838293e+06  1.32653733e+01 -7.18020525e+01 
 2.90068120e+06  1.30620257e+01 -7.22677869e+01 
 2.98538262e+06  1.28585039e+01 -7.27313599e+01 
 3.07255737e+06  1.26548280e+01 -7.31933908e+01 
 3.16227766e+06  1.24510128e+01 -7.36545032e+01 
 3.25461783e+06  1.22470670e+01 -7.41153232e+01 
 3.34965439e+06  1.20429937e+01 -7.45764760e+01 
 3.44746607e+06  1.18387901e+01 -7.50385835e+01 
 3.54813389e+06  1.16344482e+01 -7.55022616e+01 
 3.65174127e+06  1.14299540e+01 -7.59681174e+01 
 3.75837404e+06  1.12252886e+01 -7.64367467e+01 
 3.86812055e+06  1.10204277e+01 -7.69087316e+01 
 3.98107171e+06  1.08153424e+01 -7.73846380e+01 
 4.09732110e+06  1.06099989e+01 -7.78650135e+01 
 4.21696503e+06  1.04043592e+01 -7.83503851e+01 
 4.34010264e+06  1.01983814e+01 -7.88412578e+01 
 4.46683592e+06  9.99202000e+00 -7.93381126e+01 
 4.59726989e+06  9.78522606e+00 -7.98414055e+01 
 4.73151259e+06  9.57794796e+00 -8.03515661e+01 
 4.86967525e+06  9.37013159e+00 -8.08689971e+01 
 5.01187234e+06  9.16172084e+00 -8.13940737e+01 
 5.15822165e+06  8.95265797e+00 -8.19271433e+01 
 5.30884444e+06  8.74288404e+00 -8.24685257e+01 
 5.46386550e+06  8.53233934e+00 -8.30185134e+01 
 5.62341325e+06  8.32096373e+00 -8.35773725e+01 
 5.78761988e+06  8.10869703e+00 -8.41453433e+01 
 5.95662144e+06  7.89547937e+00 -8.47226417e+01 
 6.13055792e+06  7.68125148e+00 -8.53094603e+01 
 6.30957344e+06  7.46595501e+00 -8.59059704e+01 
 6.49381632e+06  7.24953272e+00 -8.65123234e+01 
 6.68343918e+06  7.03192876e+00 -8.71286526e+01 
 6.87859912e+06  6.81308877e+00 -8.77550756e+01 
 7.07945784e+06  6.59296008e+00 -8.83916956e+01 
 7.28618175e+06  6.37149174e+00 -8.90386042e+01 
 7.49894209e+06  6.14863462e+00 -8.96958829e+01 
 7.71791516e+06  5.92434141e+00 -9.03636054e+01 
 7.94328235e+06  5.69856657e+00 -9.10418394e+01 
 8.17523038e+06  5.47126634e+00 -9.17306484e+01 
 8.41395142e+06  5.24239860e+00 -9.24300936e+01 
 8.65964323e+06  5.01192276e+00 -9.31402352e+01 
 8.91250938e+06  4.77979965e+00 -9.38611342e+01 
 9.17275935e+06  4.54599135e+00 -9.45928535e+01 
 9.44060876e+06  4.31046100e+00 -9.53354588e+01 
 9.71627952e+06  4.07317261e+00 -9.60890198e+01 
 1.00000000e+07  3.83409087e+00 -9.68536108e+01 
 1.02920053e+07  3.59318093e+00 -9.76293111e+01 
 1.05925373e+07  3.35040821e+00 -9.84162053e+01 
 1.09018449e+07  3.10573814e+00 -9.92143838e+01 
 1.12201845e+07  2.85913600e+00 -1.00023942e+02 
 1.15478198e+07  2.61056672e+00 -1.00844981e+02 
 1.18850223e+07  2.35999463e+00 -1.01677606e+02 
 1.22320712e+07  2.10738335e+00 -1.02521927e+02 
 1.25892541e+07  1.85269556e+00 -1.03378057e+02 
 1.29568670e+07  1.59589291e+00 -1.04246112e+02 
 1.33352143e+07  1.33693584e+00 -1.05126209e+02 
 1.37246096e+07  1.07578349e+00 -1.06018465e+02 
 1.41253754e+07  8.12393607e-01 -1.06922997e+02 
 1.45378439e+07  5.46722469e-01 -1.07839919e+02 
 1.49623566e+07  2.78724854e-01 -1.08769344e+02 
 1.53992653e+07  8.35401131e-03 -1.09711376e+02 
 1.58489319e+07 -2.64438330e-01 -1.10666115e+02 
 1.63117291e+07 -5.39701927e-01 -1.11633653e+02 
 1.67880402e+07 -8.17487963e-01 -1.12614072e+02 
 1.72782598e+07 -1.09784896e+00 -1.13607443e+02 
 1.77827941e+07 -1.38083868e+00 -1.14613826e+02 
 1.83020611e+07 -1.66651196e+00 -1.15633264e+02 
 1.88364909e+07 -1.95492456e+00 -1.16665788e+02 
 1.93865264e+07 -2.24613297e+00 -1.17711411e+02 
 1.99526231e+07 -2.54019420e+00 -1.18770129e+02 
 2.05352503e+07 -2.83716552e+00 -1.19841917e+02 
 2.11348904e+07 -3.13710422e+00 -1.20926733e+02 
 2.17520403e+07 -3.44006728e+00 -1.22024513e+02 
 2.23872114e+07 -3.74611114e+00 -1.23135171e+02 
 2.30409298e+07 -4.05529131e+00 -1.24258602e+02 
 2.37137371e+07 -4.36766206e+00 -1.25394677e+02 
 2.44061907e+07 -4.68327608e+00 -1.26543243e+02 
 2.51188643e+07 -5.00218411e+00 -1.27704129e+02 
 2.58523484e+07 -5.32443458e+00 -1.28877139e+02 
 2.66072506e+07 -5.65007325e+00 -1.30062057e+02 
 2.73841963e+07 -5.97914283e+00 -1.31258647e+02 
 2.81838293e+07 -6.31168264e+00 -1.32466654e+02 
 2.90068120e+07 -6.64772827e+00 -1.33685803e+02 
 2.98538262e+07 -6.98731118e+00 -1.34915804e+02 
 3.07255737e+07 -7.33045847e+00 -1.36156350e+02 
 3.16227766e+07 -7.67719251e+00 -1.37407124e+02 
 3.25461783e+07 -8.02753068e+00 -1.38667794e+02 
 3.34965439e+07 -8.38148513e+00 -1.39938023e+02 
 3.44746607e+07 -8.73906256e+00 -1.41217464e+02 
 3.54813389e+07 -9.10026402e+00 -1.42505769e+02 
 3.65174127e+07 -9.46508477e+00 -1.43802586e+02 
 3.75837404e+07 -9.83351417e+00 -1.45107566e+02 
 3.86812055e+07 -1.02055356e+01 -1.46420363e+02 
 3.98107171e+07 -1.05811263e+01 -1.47740637e+02 
 4.09732110e+07 -1.09602576e+01 -1.49068061e+02 
 4.21696503e+07 -1.13428950e+01 -1.50402315e+02 
 4.34010264e+07 -1.17289976e+01 -1.51743097e+02 
 4.46683592e+07 -1.21185193e+01 -1.53090121e+02 
 4.59726989e+07 -1.25114078e+01 -1.54443122e+02 
 4.73151259e+07 -1.29076057e+01 -1.55801853e+02 
 4.86967525e+07 -1.33070502e+01 -1.57166095e+02 
 5.01187234e+07 -1.37096734e+01 -1.58535652e+02 
 5.15822165e+07 -1.41154027e+01 -1.59910355e+02 
 5.30884444e+07 -1.45241611e+01 -1.61290066e+02 
 5.46386550e+07 -1.49358670e+01 -1.62674673e+02 
 5.62341325e+07 -1.53504354e+01 -1.64064097e+02 
 5.78761988e+07 -1.57677773e+01 -1.65458289e+02 
 5.95662144e+07 -1.61878007e+01 -1.66857234e+02 
 6.13055792e+07 -1.66104105e+01 -1.68260945e+02 
 6.30957344e+07 -1.70355090e+01 -1.69669469e+02 
 6.49381632e+07 -1.74629961e+01 -1.71082883e+02 
 6.68343918e+07 -1.78927699e+01 -1.72501297e+02 
 6.87859912e+07 -1.83247266e+01 -1.73924848e+02 
 7.07945784e+07 -1.87587613e+01 -1.75353703e+02 
 7.28618175e+07 -1.91947676e+01 -1.76788058e+02 
 7.49894209e+07 -1.96326387e+01 -1.78228132e+02 
 7.71791516e+07 -2.00722669e+01 -1.79674171e+02 
 7.94328235e+07 -2.05135443e+01 -1.81126443e+02 
 8.17523038e+07 -2.09563632e+01 -1.82585238e+02 
 8.41395142e+07 -2.14006156e+01 -1.84050862e+02 
 8.65964323e+07 -2.18461942e+01 -1.85523641e+02 
 8.91250938e+07 -2.22929923e+01 -1.87003913e+02 
 9.17275935e+07 -2.27409040e+01 -1.88492028e+02 
 9.44060876e+07 -2.31898241e+01 -1.89988347e+02 
 9.71627952e+07 -2.36396489e+01 -1.91493235e+02 
 1.00000000e+08 -2.40902761e+01 -1.93007064e+02 
 1.02920053e+08 -2.45416045e+01 -1.94530205e+02 
 1.05925373e+08 -2.49935352e+01 -1.96063029e+02 
 1.09018449e+08 -2.54459706e+01 -1.97605902e+02 
 1.12201845e+08 -2.58988156e+01 -1.99159183e+02 
 1.15478198e+08 -2.63519769e+01 -2.00723221e+02 
 1.18850223e+08 -2.68053641e+01 -2.02298354e+02 
 1.22320712e+08 -2.72588890e+01 -2.03884902e+02 
 1.25892541e+08 -2.77124662e+01 -2.05483166e+02 
 1.29568670e+08 -2.81660134e+01 -2.07093429e+02 
 1.33352143e+08 -2.86194515e+01 -2.08715948e+02 
 1.37246096e+08 -2.90727044e+01 -2.10350952e+02 
 1.41253754e+08 -2.95257001e+01 -2.11998643e+02 
 1.45378439e+08 -2.99783700e+01 -2.13659190e+02 
 1.49623566e+08 -3.04306496e+01 -2.15332728e+02 
 1.53992653e+08 -3.08824786e+01 -2.17019357e+02 
 1.58489319e+08 -3.13338014e+01 -2.18719135e+02 
 1.63117291e+08 -3.17845667e+01 -2.20432083e+02 
 1.67880402e+08 -3.22347284e+01 -2.22158178e+02 
 1.72782598e+08 -3.26842454e+01 -2.23897352e+02 
 1.77827941e+08 -3.31330819e+01 -2.25649494e+02 
 1.83020611e+08 -3.35812078e+01 -2.27414445e+02 
 1.88364909e+08 -3.40285984e+01 -2.29191998e+02 
 1.93865264e+08 -3.44752352e+01 -2.30981899e+02 
 1.99526231e+08 -3.49211056e+01 -2.32783845e+02 
 2.05352503e+08 -3.53662029e+01 -2.34597485e+02 
 2.11348904e+08 -3.58105270e+01 -2.36422417e+02 
 2.17520403e+08 -3.62540838e+01 -2.38258195e+02 
 2.23872114e+08 -3.66968855e+01 -2.40104322e+02 
 2.30409298e+08 -3.71389505e+01 -2.41960257e+02 
 2.37137371e+08 -3.75803035e+01 -2.43825412e+02 
 2.44061907e+08 -3.80209752e+01 -2.45699157e+02 
 2.51188643e+08 -3.84610020e+01 -2.47580819e+02 
 2.58523484e+08 -3.89004261e+01 -2.49469688e+02 
 2.66072506e+08 -3.93392952e+01 -2.51365016e+02 
 2.73841963e+08 -3.97776617e+01 -2.53266019e+02 
 2.81838293e+08 -4.02155831e+01 -2.55171883e+02 
 2.90068120e+08 -4.06531210e+01 -2.57081766e+02 
 2.98538262e+08 -4.10903409e+01 -2.58994800e+02 
 3.07255737e+08 -4.15273116e+01 -2.60910096e+02 
 3.16227766e+08 -4.19641048e+01 -2.62826747e+02 
 3.25461783e+08 -4.24007946e+01 -2.64743831e+02 
 3.34965439e+08 -4.28374565e+01 -2.66660417e+02 
 3.44746607e+08 -4.32741676e+01 -2.68575565e+02 
 3.54813389e+08 -4.37110051e+01 -2.70488334e+02 
 3.65174127e+08 -4.41480464e+01 -2.72397785e+02 
 3.75837404e+08 -4.45853681e+01 -2.74302982e+02 
 3.86812055e+08 -4.50230457e+01 -2.76202999e+02 
 3.98107171e+08 -4.54611528e+01 -2.78096924e+02 
 4.09732110e+08 -4.58997607e+01 -2.79983859e+02 
 4.21696503e+08 -4.63389376e+01 -2.81862930e+02 
 4.34010264e+08 -4.67787488e+01 -2.83733284e+02 
 4.46683592e+08 -4.72192553e+01 -2.85594095e+02 
 4.59726989e+08 -4.76605143e+01 -2.87444569e+02 
 4.73151259e+08 -4.81025784e+01 -2.89283945e+02 
 4.86967525e+08 -4.85454951e+01 -2.91111496e+02 
 5.01187234e+08 -4.89893070e+01 -2.92926535e+02 
 5.15822165e+08 -4.94340515e+01 -2.94728416e+02 
 5.30884444e+08 -4.98797603e+01 -2.96516535e+02 
 5.46386550e+08 -5.03264596e+01 -2.98290332e+02 
 5.62341325e+08 -5.07741701e+01 -3.00049295e+02 
 5.78761988e+08 -5.12229067e+01 -3.01792956e+02 
 5.95662144e+08 -5.16726787e+01 -3.03520899e+02 
 6.13055792e+08 -5.21234898e+01 -3.05232751e+02 
 6.30957344e+08 -5.25753384e+01 -3.06928194e+02 
 6.49381632e+08 -5.30282173e+01 -3.08606955e+02 
 6.68343918e+08 -5.34821142e+01 -3.10268811e+02 
 6.87859912e+08 -5.39370119e+01 -3.11913588e+02 
 7.07945784e+08 -5.43928882e+01 -3.13541159e+02 
 7.28618175e+08 -5.48497162e+01 -3.15151445e+02 
 7.49894209e+08 -5.53074649e+01 -3.16744411e+02 
 7.71791516e+08 -5.57660987e+01 -3.18320068e+02 
 7.94328235e+08 -5.62255784e+01 -3.19878471e+02 
 8.17523038e+08 -5.66858606e+01 -3.21419714e+02 
 8.41395142e+08 -5.71468988e+01 -3.22943933e+02 
 8.65964323e+08 -5.76086429e+01 -3.24451300e+02 
 8.91250938e+08 -5.80710397e+01 -3.25942026e+02 
 9.17275935e+08 -5.85340332e+01 -3.27416352e+02 
 9.44060876e+08 -5.89975645e+01 -3.28874554e+02 
 9.71627952e+08 -5.94615722e+01 -3.30316937e+02 
 1.00000000e+09 -5.99259925e+01 -3.31743832e+02 
