 frequency       av              ph             
 1.00000000e+00 -8.45988555e-03 -8.44054185e-06 
 1.02920053e+00 -8.45988555e-03 -8.68701013e-06 
 1.05925373e+00 -8.45988555e-03 -8.94067540e-06 
 1.09018449e+00 -8.45988555e-03 -9.20174784e-06 
 1.12201845e+00 -8.45988555e-03 -9.47044373e-06 
 1.15478198e+00 -8.45988555e-03 -9.74698567e-06 
 1.18850223e+00 -8.45988555e-03 -1.00316028e-05 
 1.22320712e+00 -8.45988555e-03 -1.03245309e-05 
 1.25892541e+00 -8.45988555e-03 -1.06260126e-05 
 1.29568670e+00 -8.45988555e-03 -1.09362978e-05 
 1.33352143e+00 -8.45988555e-03 -1.12556435e-05 
 1.37246096e+00 -8.45988555e-03 -1.15843142e-05 
 1.41253754e+00 -8.45988555e-03 -1.19225823e-05 
 1.45378439e+00 -8.45988555e-03 -1.22707280e-05 
 1.49623566e+00 -8.45988555e-03 -1.26290397e-05 
 1.53992653e+00 -8.45988555e-03 -1.29978143e-05 
 1.58489319e+00 -8.45988555e-03 -1.33773573e-05 
 1.63117291e+00 -8.45988555e-03 -1.37679832e-05 
 1.67880402e+00 -8.45988555e-03 -1.41700156e-05 
 1.72782598e+00 -8.45988555e-03 -1.45837875e-05 
 1.77827941e+00 -8.45988555e-03 -1.50096418e-05 
 1.83020611e+00 -8.45988555e-03 -1.54479312e-05 
 1.88364909e+00 -8.45988555e-03 -1.58990190e-05 
 1.93865264e+00 -8.45988555e-03 -1.63632787e-05 
 1.99526231e+00 -8.45988555e-03 -1.68410951e-05 
 2.05352503e+00 -8.45988555e-03 -1.73328639e-05 
 2.11348904e+00 -8.45988555e-03 -1.78389927e-05 
 2.17520403e+00 -8.45988555e-03 -1.83599007e-05 
 2.23872114e+00 -8.45988555e-03 -1.88960195e-05 
 2.30409298e+00 -8.45988555e-03 -1.94477932e-05 
 2.37137371e+00 -8.45988555e-03 -2.00156790e-05 
 2.44061907e+00 -8.45988555e-03 -2.06001474e-05 
 2.51188643e+00 -8.45988555e-03 -2.12016826e-05 
 2.58523484e+00 -8.45988555e-03 -2.18207829e-05 
 2.66072506e+00 -8.45988555e-03 -2.24579612e-05 
 2.73841963e+00 -8.45988555e-03 -2.31137455e-05 
 2.81838293e+00 -8.45988555e-03 -2.37886791e-05 
 2.90068120e+00 -8.45988555e-03 -2.44833211e-05 
 2.98538262e+00 -8.45988555e-03 -2.51982469e-05 
 3.07255737e+00 -8.45988555e-03 -2.59340490e-05 
 3.16227766e+00 -8.45988555e-03 -2.66913369e-05 
 3.25461783e+00 -8.45988555e-03 -2.74707381e-05 
 3.34965439e+00 -8.45988555e-03 -2.82728981e-05 
 3.44746607e+00 -8.45988555e-03 -2.90984816e-05 
 3.54813389e+00 -8.45988555e-03 -2.99481726e-05 
 3.65174127e+00 -8.45988555e-03 -3.08226751e-05 
 3.75837404e+00 -8.45988555e-03 -3.17227134e-05 
 3.86812055e+00 -8.45988555e-03 -3.26490334e-05 
 3.98107171e+00 -8.45988555e-03 -3.36024024e-05 
 4.09732110e+00 -8.45988555e-03 -3.45836102e-05 
 4.21696503e+00 -8.45988555e-03 -3.55934699e-05 
 4.34010264e+00 -8.45988555e-03 -3.66328180e-05 
 4.46683592e+00 -8.45988555e-03 -3.77025156e-05 
 4.59726989e+00 -8.45988555e-03 -3.88034489e-05 
 4.73151259e+00 -8.45988555e-03 -3.99365300e-05 
 4.86967525e+00 -8.45988555e-03 -4.11026978e-05 
 5.01187234e+00 -8.45988555e-03 -4.23029182e-05 
 5.15822165e+00 -8.45988555e-03 -4.35381857e-05 
 5.30884444e+00 -8.45988555e-03 -4.48095237e-05 
 5.46386550e+00 -8.45988555e-03 -4.61179854e-05 
 5.62341325e+00 -8.45988555e-03 -4.74646549e-05 
 5.78761988e+00 -8.45988556e-03 -4.88506479e-05 
 5.95662144e+00 -8.45988556e-03 -5.02771125e-05 
 6.13055792e+00 -8.45988556e-03 -5.17452307e-05 
 6.30957344e+00 -8.45988556e-03 -5.32562187e-05 
 6.49381632e+00 -8.45988556e-03 -5.48113284e-05 
 6.68343918e+00 -8.45988556e-03 -5.64118481e-05 
 6.87859912e+00 -8.45988556e-03 -5.80591038e-05 
 7.07945784e+00 -8.45988556e-03 -5.97544602e-05 
 7.28618175e+00 -8.45988556e-03 -6.14993220e-05 
 7.49894209e+00 -8.45988556e-03 -6.32951346e-05 
 7.71791516e+00 -8.45988556e-03 -6.51433859e-05 
 7.94328235e+00 -8.45988556e-03 -6.70456071e-05 
 8.17523038e+00 -8.45988556e-03 -6.90033742e-05 
 8.41395142e+00 -8.45988556e-03 -7.10183091e-05 
 8.65964323e+00 -8.45988556e-03 -7.30920812e-05 
 8.91250938e+00 -8.45988556e-03 -7.52264085e-05 
 9.17275935e+00 -8.45988556e-03 -7.74230592e-05 
 9.44060876e+00 -8.45988556e-03 -7.96838534e-05 
 9.71627952e+00 -8.45988556e-03 -8.20106639e-05 
 1.00000000e+01 -8.45988556e-03 -8.44054185e-05 
 1.02920053e+01 -8.45988556e-03 -8.68701013e-05 
 1.05925373e+01 -8.45988556e-03 -8.94067540e-05 
 1.09018449e+01 -8.45988556e-03 -9.20174784e-05 
 1.12201845e+01 -8.45988556e-03 -9.47044373e-05 
 1.15478198e+01 -8.45988557e-03 -9.74698567e-05 
 1.18850223e+01 -8.45988557e-03 -1.00316028e-04 
 1.22320712e+01 -8.45988557e-03 -1.03245309e-04 
 1.25892541e+01 -8.45988557e-03 -1.06260126e-04 
 1.29568670e+01 -8.45988557e-03 -1.09362978e-04 
 1.33352143e+01 -8.45988557e-03 -1.12556435e-04 
 1.37246096e+01 -8.45988557e-03 -1.15843142e-04 
 1.41253754e+01 -8.45988557e-03 -1.19225823e-04 
 1.45378439e+01 -8.45988557e-03 -1.22707280e-04 
 1.49623566e+01 -8.45988557e-03 -1.26290397e-04 
 1.53992653e+01 -8.45988557e-03 -1.29978143e-04 
 1.58489319e+01 -8.45988558e-03 -1.33773573e-04 
 1.63117291e+01 -8.45988558e-03 -1.37679832e-04 
 1.67880402e+01 -8.45988558e-03 -1.41700156e-04 
 1.72782598e+01 -8.45988558e-03 -1.45837875e-04 
 1.77827941e+01 -8.45988558e-03 -1.50096418e-04 
 1.83020611e+01 -8.45988558e-03 -1.54479312e-04 
 1.88364909e+01 -8.45988559e-03 -1.58990190e-04 
 1.93865264e+01 -8.45988559e-03 -1.63632787e-04 
 1.99526231e+01 -8.45988559e-03 -1.68410951e-04 
 2.05352503e+01 -8.45988559e-03 -1.73328639e-04 
 2.11348904e+01 -8.45988559e-03 -1.78389927e-04 
 2.17520403e+01 -8.45988560e-03 -1.83599007e-04 
 2.23872114e+01 -8.45988560e-03 -1.88960195e-04 
 2.30409298e+01 -8.45988560e-03 -1.94477932e-04 
 2.37137371e+01 -8.45988560e-03 -2.00156790e-04 
 2.44061907e+01 -8.45988561e-03 -2.06001474e-04 
 2.51188643e+01 -8.45988561e-03 -2.12016826e-04 
 2.58523484e+01 -8.45988562e-03 -2.18207829e-04 
 2.66072506e+01 -8.45988562e-03 -2.24579612e-04 
 2.73841963e+01 -8.45988562e-03 -2.31137455e-04 
 2.81838293e+01 -8.45988563e-03 -2.37886791e-04 
 2.90068120e+01 -8.45988563e-03 -2.44833211e-04 
 2.98538262e+01 -8.45988564e-03 -2.51982469e-04 
 3.07255737e+01 -8.45988564e-03 -2.59340490e-04 
 3.16227766e+01 -8.45988565e-03 -2.66913369e-04 
 3.25461783e+01 -8.45988565e-03 -2.74707381e-04 
 3.34965439e+01 -8.45988566e-03 -2.82728981e-04 
 3.44746607e+01 -8.45988566e-03 -2.90984816e-04 
 3.54813389e+01 -8.45988567e-03 -2.99481726e-04 
 3.65174127e+01 -8.45988568e-03 -3.08226751e-04 
 3.75837404e+01 -8.45988569e-03 -3.17227134e-04 
 3.86812055e+01 -8.45988569e-03 -3.26490334e-04 
 3.98107171e+01 -8.45988570e-03 -3.36024024e-04 
 4.09732110e+01 -8.45988571e-03 -3.45836102e-04 
 4.21696503e+01 -8.45988572e-03 -3.55934699e-04 
 4.34010264e+01 -8.45988573e-03 -3.66328180e-04 
 4.46683592e+01 -8.45988574e-03 -3.77025156e-04 
 4.59726989e+01 -8.45988575e-03 -3.88034489e-04 
 4.73151259e+01 -8.45988576e-03 -3.99365300e-04 
 4.86967525e+01 -8.45988577e-03 -4.11026978e-04 
 5.01187234e+01 -8.45988579e-03 -4.23029182e-04 
 5.15822165e+01 -8.45988580e-03 -4.35381857e-04 
 5.30884444e+01 -8.45988582e-03 -4.48095237e-04 
 5.46386550e+01 -8.45988583e-03 -4.61179854e-04 
 5.62341325e+01 -8.45988585e-03 -4.74646549e-04 
 5.78761988e+01 -8.45988587e-03 -4.88506479e-04 
 5.95662144e+01 -8.45988588e-03 -5.02771125e-04 
 6.13055792e+01 -8.45988590e-03 -5.17452307e-04 
 6.30957344e+01 -8.45988592e-03 -5.32562187e-04 
 6.49381632e+01 -8.45988595e-03 -5.48113284e-04 
 6.68343918e+01 -8.45988597e-03 -5.64118481e-04 
 6.87859912e+01 -8.45988600e-03 -5.80591038e-04 
 7.07945784e+01 -8.45988602e-03 -5.97544602e-04 
 7.28618175e+01 -8.45988605e-03 -6.14993220e-04 
 7.49894209e+01 -8.45988608e-03 -6.32951346e-04 
 7.71791516e+01 -8.45988611e-03 -6.51433859e-04 
 7.94328235e+01 -8.45988614e-03 -6.70456071e-04 
 8.17523038e+01 -8.45988618e-03 -6.90033742e-04 
 8.41395142e+01 -8.45988621e-03 -7.10183091e-04 
 8.65964323e+01 -8.45988625e-03 -7.30920811e-04 
 8.91250938e+01 -8.45988630e-03 -7.52264085e-04 
 9.17275935e+01 -8.45988634e-03 -7.74230592e-04 
 9.44060876e+01 -8.45988639e-03 -7.96838534e-04 
 9.71627952e+01 -8.45988644e-03 -8.20106639e-04 
 1.00000000e+02 -8.45988649e-03 -8.44054185e-04 
 1.02920053e+02 -8.45988654e-03 -8.68701012e-04 
 1.05925373e+02 -8.45988660e-03 -8.94067540e-04 
 1.09018449e+02 -8.45988666e-03 -9.20174784e-04 
 1.12201845e+02 -8.45988673e-03 -9.47044372e-04 
 1.15478198e+02 -8.45988680e-03 -9.74698567e-04 
 1.18850223e+02 -8.45988687e-03 -1.00316028e-03 
 1.22320712e+02 -8.45988695e-03 -1.03245309e-03 
 1.25892541e+02 -8.45988704e-03 -1.06260126e-03 
 1.29568670e+02 -8.45988712e-03 -1.09362978e-03 
 1.33352143e+02 -8.45988722e-03 -1.12556435e-03 
 1.37246096e+02 -8.45988731e-03 -1.15843142e-03 
 1.41253754e+02 -8.45988742e-03 -1.19225823e-03 
 1.45378439e+02 -8.45988753e-03 -1.22707279e-03 
 1.49623566e+02 -8.45988765e-03 -1.26290397e-03 
 1.53992653e+02 -8.45988777e-03 -1.29978143e-03 
 1.58489319e+02 -8.45988790e-03 -1.33773573e-03 
 1.63117291e+02 -8.45988804e-03 -1.37679832e-03 
 1.67880402e+02 -8.45988819e-03 -1.41700156e-03 
 1.72782598e+02 -8.45988835e-03 -1.45837875e-03 
 1.77827941e+02 -8.45988851e-03 -1.50096418e-03 
 1.83020611e+02 -8.45988869e-03 -1.54479312e-03 
 1.88364909e+02 -8.45988887e-03 -1.58990190e-03 
 1.93865264e+02 -8.45988907e-03 -1.63632787e-03 
 1.99526231e+02 -8.45988928e-03 -1.68410951e-03 
 2.05352503e+02 -8.45988950e-03 -1.73328639e-03 
 2.11348904e+02 -8.45988973e-03 -1.78389927e-03 
 2.17520403e+02 -8.45988998e-03 -1.83599007e-03 
 2.23872114e+02 -8.45989024e-03 -1.88960195e-03 
 2.30409298e+02 -8.45989052e-03 -1.94477932e-03 
 2.37137371e+02 -8.45989081e-03 -2.00156790e-03 
 2.44061907e+02 -8.45989113e-03 -2.06001474e-03 
 2.51188643e+02 -8.45989146e-03 -2.12016825e-03 
 2.58523484e+02 -8.45989181e-03 -2.18207828e-03 
 2.66072506e+02 -8.45989218e-03 -2.24579612e-03 
 2.73841963e+02 -8.45989257e-03 -2.31137455e-03 
 2.81838293e+02 -8.45989299e-03 -2.37886791e-03 
 2.90068120e+02 -8.45989343e-03 -2.44833210e-03 
 2.98538262e+02 -8.45989389e-03 -2.51982469e-03 
 3.07255737e+02 -8.45989439e-03 -2.59340490e-03 
 3.16227766e+02 -8.45989491e-03 -2.66913369e-03 
 3.25461783e+02 -8.45989547e-03 -2.74707380e-03 
 3.34965439e+02 -8.45989605e-03 -2.82728980e-03 
 3.44746607e+02 -8.45989667e-03 -2.90984816e-03 
 3.54813389e+02 -8.45989733e-03 -2.99481726e-03 
 3.65174127e+02 -8.45989803e-03 -3.08226750e-03 
 3.75837404e+02 -8.45989877e-03 -3.17227133e-03 
 3.86812055e+02 -8.45989955e-03 -3.26490333e-03 
 3.98107171e+02 -8.45990038e-03 -3.36024023e-03 
 4.09732110e+02 -8.45990126e-03 -3.45836101e-03 
 4.21696503e+02 -8.45990219e-03 -3.55934698e-03 
 4.34010264e+02 -8.45990318e-03 -3.66328178e-03 
 4.46683592e+02 -8.45990422e-03 -3.77025154e-03 
 4.59726989e+02 -8.45990533e-03 -3.88034487e-03 
 4.73151259e+02 -8.45990650e-03 -3.99365299e-03 
 4.86967525e+02 -8.45990774e-03 -4.11026976e-03 
 5.01187234e+02 -8.45990906e-03 -4.23029180e-03 
 5.15822165e+02 -8.45991045e-03 -4.35381855e-03 
 5.30884444e+02 -8.45991193e-03 -4.48095235e-03 
 5.46386550e+02 -8.45991349e-03 -4.61179852e-03 
 5.62341325e+02 -8.45991514e-03 -4.74646546e-03 
 5.78761988e+02 -8.45991690e-03 -4.88506476e-03 
 5.95662144e+02 -8.45991876e-03 -5.02771122e-03 
 6.13055792e+02 -8.45992072e-03 -5.17452304e-03 
 6.30957344e+02 -8.45992281e-03 -5.32562184e-03 
 6.49381632e+02 -8.45992501e-03 -5.48113280e-03 
 6.68343918e+02 -8.45992735e-03 -5.64118476e-03 
 6.87859912e+02 -8.45992983e-03 -5.80591033e-03 
 7.07945784e+02 -8.45993245e-03 -5.97544597e-03 
 7.28618175e+02 -8.45993523e-03 -6.14993214e-03 
 7.49894209e+02 -8.45993818e-03 -6.32951340e-03 
 7.71791516e+02 -8.45994130e-03 -6.51433852e-03 
 7.94328235e+02 -8.45994460e-03 -6.70456063e-03 
 8.17523038e+02 -8.45994810e-03 -6.90033733e-03 
 8.41395142e+02 -8.45995180e-03 -7.10183082e-03 
 8.65964323e+02 -8.45995573e-03 -7.30920802e-03 
 8.91250938e+02 -8.45995989e-03 -7.52264074e-03 
 9.17275935e+02 -8.45996429e-03 -7.74230581e-03 
 9.44060876e+02 -8.45996896e-03 -7.96838521e-03 
 9.71627952e+02 -8.45997390e-03 -8.20106625e-03 
 1.00000000e+03 -8.45997913e-03 -8.44054170e-03 
 1.02920053e+03 -8.45998468e-03 -8.68700996e-03 
 1.05925373e+03 -8.45999055e-03 -8.94067522e-03 
 1.09018449e+03 -8.45999677e-03 -9.20174764e-03 
 1.12201845e+03 -8.46000336e-03 -9.47044351e-03 
 1.15478198e+03 -8.46001034e-03 -9.74698544e-03 
 1.18850223e+03 -8.46001774e-03 -1.00316025e-02 
 1.22320712e+03 -8.46002557e-03 -1.03245306e-02 
 1.25892541e+03 -8.46003387e-03 -1.06260123e-02 
 1.29568670e+03 -8.46004266e-03 -1.09362975e-02 
 1.33352143e+03 -8.46005197e-03 -1.12556431e-02 
 1.37246096e+03 -8.46006183e-03 -1.15843138e-02 
 1.41253754e+03 -8.46007227e-03 -1.19225818e-02 
 1.45378439e+03 -8.46008333e-03 -1.22707275e-02 
 1.49623566e+03 -8.46009505e-03 -1.26290392e-02 
 1.53992653e+03 -8.46010747e-03 -1.29978137e-02 
 1.58489319e+03 -8.46012062e-03 -1.33773567e-02 
 1.63117291e+03 -8.46013454e-03 -1.37679825e-02 
 1.67880402e+03 -8.46014930e-03 -1.41700148e-02 
 1.72782598e+03 -8.46016493e-03 -1.45837867e-02 
 1.77827941e+03 -8.46018148e-03 -1.50096409e-02 
 1.83020611e+03 -8.46019902e-03 -1.54479303e-02 
 1.88364909e+03 -8.46021759e-03 -1.58990179e-02 
 1.93865264e+03 -8.46023726e-03 -1.63632776e-02 
 1.99526231e+03 -8.46025810e-03 -1.68410939e-02 
 2.05352503e+03 -8.46028018e-03 -1.73328626e-02 
 2.11348904e+03 -8.46030356e-03 -1.78389912e-02 
 2.17520403e+03 -8.46032833e-03 -1.83598991e-02 
 2.23872114e+03 -8.46035457e-03 -1.88960177e-02 
 2.30409298e+03 -8.46038236e-03 -1.94477913e-02 
 2.37137371e+03 -8.46041180e-03 -2.00156770e-02 
 2.44061907e+03 -8.46044298e-03 -2.06001451e-02 
 2.51188643e+03 -8.46047601e-03 -2.12016801e-02 
 2.58523484e+03 -8.46051099e-03 -2.18207802e-02 
 2.66072506e+03 -8.46054805e-03 -2.24579583e-02 
 2.73841963e+03 -8.46058731e-03 -2.31137424e-02 
 2.81838293e+03 -8.46062889e-03 -2.37886756e-02 
 2.90068120e+03 -8.46067294e-03 -2.44833173e-02 
 2.98538262e+03 -8.46071959e-03 -2.51982428e-02 
 3.07255737e+03 -8.46076901e-03 -2.59340446e-02 
 3.16227766e+03 -8.46082136e-03 -2.66913321e-02 
 3.25461783e+03 -8.46087681e-03 -2.74707327e-02 
 3.34965439e+03 -8.46093555e-03 -2.82728923e-02 
 3.44746607e+03 -8.46099776e-03 -2.90984753e-02 
 3.54813389e+03 -8.46106366e-03 -2.99481657e-02 
 3.65174127e+03 -8.46113347e-03 -3.08226675e-02 
 3.75837404e+03 -8.46120742e-03 -3.17227052e-02 
 3.86812055e+03 -8.46128574e-03 -3.26490244e-02 
 3.98107171e+03 -8.46136871e-03 -3.36023926e-02 
 4.09732110e+03 -8.46145659e-03 -3.45835996e-02 
 4.21696503e+03 -8.46154968e-03 -3.55934583e-02 
 4.34010264e+03 -8.46164828e-03 -3.66328053e-02 
 4.46683592e+03 -8.46175273e-03 -3.77025018e-02 
 4.59726989e+03 -8.46186337e-03 -3.88034339e-02 
 4.73151259e+03 -8.46198056e-03 -3.99365137e-02 
 4.86967525e+03 -8.46210470e-03 -4.11026799e-02 
 5.01187234e+03 -8.46223619e-03 -4.23028988e-02 
 5.15822165e+03 -8.46237548e-03 -4.35381645e-02 
 5.30884444e+03 -8.46252301e-03 -4.48095006e-02 
 5.46386550e+03 -8.46267929e-03 -4.61179602e-02 
 5.62341325e+03 -8.46284483e-03 -4.74646274e-02 
 5.78761988e+03 -8.46302018e-03 -4.88506179e-02 
 5.95662144e+03 -8.46320592e-03 -5.02770799e-02 
 6.13055792e+03 -8.46340266e-03 -5.17451951e-02 
 6.30957344e+03 -8.46361106e-03 -5.32561799e-02 
 6.49381632e+03 -8.46383181e-03 -5.48112861e-02 
 6.68343918e+03 -8.46406564e-03 -5.64118020e-02 
 6.87859912e+03 -8.46431333e-03 -5.80590535e-02 
 7.07945784e+03 -8.46457569e-03 -5.97544054e-02 
 7.28618175e+03 -8.46485359e-03 -6.14992622e-02 
 7.49894209e+03 -8.46514797e-03 -6.32950694e-02 
 7.71791516e+03 -8.46545978e-03 -6.51433149e-02 
 7.94328235e+03 -8.46579008e-03 -6.70455297e-02 
 8.17523038e+03 -8.46613994e-03 -6.90032897e-02 
 8.41395142e+03 -8.46651053e-03 -7.10182170e-02 
 8.65964323e+03 -8.46690309e-03 -7.30919808e-02 
 8.91250938e+03 -8.46731890e-03 -7.52262991e-02 
 9.17275935e+03 -8.46775935e-03 -7.74229400e-02 
 9.44060876e+03 -8.46822590e-03 -7.96837234e-02 
 9.71627952e+03 -8.46872009e-03 -8.20105222e-02 
 1.00000000e+04 -8.46924357e-03 -8.44052640e-02 
 1.02920053e+04 -8.46979806e-03 -8.68699328e-02 
 1.05925373e+04 -8.47038541e-03 -8.94065703e-02 
 1.09018449e+04 -8.47100756e-03 -9.20172781e-02 
 1.12201845e+04 -8.47166657e-03 -9.47042190e-02 
 1.15478198e+04 -8.47236464e-03 -9.74696188e-02 
 1.18850223e+04 -8.47310406e-03 -1.00315768e-01 
 1.22320712e+04 -8.47388730e-03 -1.03245026e-01 
 1.25892541e+04 -8.47471695e-03 -1.06259818e-01 
 1.29568670e+04 -8.47559575e-03 -1.09362642e-01 
 1.33352143e+04 -8.47652663e-03 -1.12556068e-01 
 1.37246096e+04 -8.47751266e-03 -1.15842742e-01 
 1.41253754e+04 -8.47855712e-03 -1.19225387e-01 
 1.45378439e+04 -8.47966347e-03 -1.22706805e-01 
 1.49623566e+04 -8.48083536e-03 -1.26289879e-01 
 1.53992653e+04 -8.48207670e-03 -1.29977579e-01 
 1.58489319e+04 -8.48339158e-03 -1.33772958e-01 
 1.63117291e+04 -8.48478438e-03 -1.37679161e-01 
 1.67880402e+04 -8.48625970e-03 -1.41699425e-01 
 1.72782598e+04 -8.48782243e-03 -1.45837078e-01 
 1.77827941e+04 -8.48947776e-03 -1.50095549e-01 
 1.83020611e+04 -8.49123117e-03 -1.54478365e-01 
 1.88364909e+04 -8.49308847e-03 -1.58989157e-01 
 1.93865264e+04 -8.49505582e-03 -1.63631661e-01 
 1.99526231e+04 -8.49713973e-03 -1.68409723e-01 
 2.05352503e+04 -8.49934711e-03 -1.73327301e-01 
 2.11348904e+04 -8.50168529e-03 -1.78388468e-01 
 2.17520403e+04 -8.50416200e-03 -1.83597416e-01 
 2.23872114e+04 -8.50678545e-03 -1.88958461e-01 
 2.30409298e+04 -8.50956435e-03 -1.94476042e-01 
 2.37137371e+04 -8.51250789e-03 -2.00154729e-01 
 2.44061907e+04 -8.51562583e-03 -2.05999227e-01 
 2.51188643e+04 -8.51892850e-03 -2.12014376e-01 
 2.58523484e+04 -8.52242686e-03 -2.18205159e-01 
 2.66072506e+04 -8.52613249e-03 -2.24576701e-01 
 2.73841963e+04 -8.53005766e-03 -2.31134282e-01 
 2.81838293e+04 -8.53421540e-03 -2.37883331e-01 
 2.90068120e+04 -8.53861946e-03 -2.44829439e-01 
 2.98538262e+04 -8.54328446e-03 -2.51978358e-01 
 3.07255737e+04 -8.54822583e-03 -2.59336008e-01 
 3.16227766e+04 -8.55345997e-03 -2.66908483e-01 
 3.25461783e+04 -8.55900420e-03 -2.74702053e-01 
 3.34965439e+04 -8.56487690e-03 -2.82723173e-01 
 3.44746607e+04 -8.57109753e-03 -2.90978484e-01 
 3.54813389e+04 -8.57768668e-03 -2.99474824e-01 
 3.65174127e+04 -8.58466621e-03 -3.08219225e-01 
 3.75837404e+04 -8.59205921e-03 -3.17218930e-01 
 3.86812055e+04 -8.59989020e-03 -3.26481390e-01 
 3.98107171e+04 -8.60818510e-03 -3.36014273e-01 
 4.09732110e+04 -8.61697139e-03 -3.45825473e-01 
 4.21696503e+04 -8.62627818e-03 -3.55923111e-01 
 4.34010264e+04 -8.63613630e-03 -3.66315547e-01 
 4.46683592e+04 -8.64657839e-03 -3.77011384e-01 
 4.59726989e+04 -8.65763905e-03 -3.88019475e-01 
 4.73151259e+04 -8.66935489e-03 -3.99348933e-01 
 4.86967525e+04 -8.68176472e-03 -4.11009134e-01 
 5.01187234e+04 -8.69490964e-03 -4.23009730e-01 
 5.15822165e+04 -8.70883316e-03 -4.35360651e-01 
 5.30884444e+04 -8.72358140e-03 -4.48072118e-01 
 5.46386550e+04 -8.73920318e-03 -4.61154651e-01 
 5.62341325e+04 -8.75575023e-03 -4.74619073e-01 
 5.78761988e+04 -8.77327731e-03 -4.88476525e-01 
 5.95662144e+04 -8.79184245e-03 -5.02738471e-01 
 6.13055792e+04 -8.81150709e-03 -5.17416708e-01 
 6.30957344e+04 -8.83233632e-03 -5.32523378e-01 
 6.49381632e+04 -8.85439907e-03 -5.48070976e-01 
 6.68343918e+04 -8.87776835e-03 -5.64072358e-01 
 6.87859912e+04 -8.90252148e-03 -5.80540756e-01 
 7.07945784e+04 -8.92874035e-03 -5.97489787e-01 
 7.28618175e+04 -8.95651169e-03 -6.14933462e-01 
 7.49894209e+04 -8.98592736e-03 -6.32886201e-01 
 7.71791516e+04 -9.01708464e-03 -6.51362841e-01 
 7.94328235e+04 -9.05008657e-03 -6.70378650e-01 
 8.17523038e+04 -9.08504225e-03 -6.89949341e-01 
 8.41395142e+04 -9.12206724e-03 -7.10091081e-01 
 8.65964323e+04 -9.16128393e-03 -7.30820507e-01 
 8.91250938e+04 -9.20282190e-03 -7.52154737e-01 
 9.17275935e+04 -9.24681841e-03 -7.74111388e-01 
 9.44060876e+04 -9.29341879e-03 -7.96708583e-01 
 9.71627952e+04 -9.34277697e-03 -8.19964975e-01 
 1.00000000e+05 -9.39505594e-03 -8.43899751e-01 
 1.02920053e+05 -9.45042828e-03 -8.68532658e-01 
 1.05925373e+05 -9.50907676e-03 -8.93884011e-01 
 1.09018449e+05 -9.57119492e-03 -9.19974713e-01 
 1.12201845e+05 -9.63698767e-03 -9.46826269e-01 
 1.15478198e+05 -9.70667200e-03 -9.74460807e-01 
 1.18850223e+05 -9.78047767e-03 -1.00290109e+00 
 1.22320712e+05 -9.85864793e-03 -1.03217054e+00 
 1.25892541e+05 -9.94144036e-03 -1.06229326e+00 
 1.29568670e+05 -1.00291276e-02 -1.09329402e+00 
 1.33352143e+05 -1.01219985e-02 -1.12519833e+00 
 1.37246096e+05 -1.02203586e-02 -1.15803243e+00 
 1.41253754e+05 -1.03245314e-02 -1.19182329e+00 
 1.45378439e+05 -1.04348597e-02 -1.22659867e+00 
 1.49623566e+05 -1.05517059e-02 -1.26238713e+00 
 1.53992653e+05 -1.06754540e-02 -1.29921804e+00 
 1.58489319e+05 -1.08065103e-02 -1.33712159e+00 
 1.63117291e+05 -1.09453048e-02 -1.37612887e+00 
 1.67880402e+05 -1.10922928e-02 -1.41627181e+00 
 1.72782598e+05 -1.12479559e-02 -1.45758329e+00 
 1.77827941e+05 -1.14128041e-02 -1.50009709e+00 
 1.83020611e+05 -1.15873769e-02 -1.54384797e+00 
 1.88364909e+05 -1.17722453e-02 -1.58887165e+00 
 1.93865264e+05 -1.19680134e-02 -1.63520488e+00 
 1.99526231e+05 -1.21753204e-02 -1.68288544e+00 
 2.05352503e+05 -1.23948428e-02 -1.73195216e+00 
 2.11348904e+05 -1.26272959e-02 -1.78244498e+00 
 2.17520403e+05 -1.28734366e-02 -1.83440492e+00 
 2.23872114e+05 -1.31340656e-02 -1.88787420e+00 
 2.30409298e+05 -1.34100295e-02 -1.94289616e+00 
 2.37137371e+05 -1.37022240e-02 -1.99951538e+00 
 2.44061907e+05 -1.40115961e-02 -2.05777765e+00 
 2.51188643e+05 -1.43391470e-02 -2.11773004e+00 
 2.58523484e+05 -1.46859354e-02 -2.17942090e+00 
 2.66072506e+05 -1.50530806e-02 -2.24289991e+00 
 2.73841963e+05 -1.54417654e-02 -2.30821810e+00 
 2.81838293e+05 -1.58532403e-02 -2.37542790e+00 
 2.90068120e+05 -1.62888264e-02 -2.44458314e+00 
 2.98538262e+05 -1.67499197e-02 -2.51573910e+00 
 3.07255737e+05 -1.72379950e-02 -2.58895255e+00 
 3.16227766e+05 -1.77546102e-02 -2.66428176e+00 
 3.25461783e+05 -1.83014104e-02 -2.74178657e+00 
 3.34965439e+05 -1.88801327e-02 -2.82152835e+00 
 3.44746607e+05 -1.94926111e-02 -2.90357012e+00 
 3.54813389e+05 -2.01407813e-02 -2.98797651e+00 
 3.65174127e+05 -2.08266859e-02 -3.07481383e+00 
 3.75837404e+05 -2.15524800e-02 -3.16415008e+00 
 3.86812055e+05 -2.23204367e-02 -3.25605499e+00 
 3.98107171e+05 -2.31329531e-02 -3.35060005e+00 
 4.09732110e+05 -2.39925563e-02 -3.44785854e+00 
 4.21696503e+05 -2.49019096e-02 -3.54790551e+00 
 4.34010264e+05 -2.58638190e-02 -3.65081791e+00 
 4.46683592e+05 -2.68812402e-02 -3.75667449e+00 
 4.59726989e+05 -2.79572852e-02 -3.86555591e+00 
 4.73151259e+05 -2.90952294e-02 -3.97754474e+00 
 4.86967525e+05 -3.02985190e-02 -4.09272546e+00 
 5.01187234e+05 -3.15707784e-02 -4.21118447e+00 
 5.15822165e+05 -3.29158178e-02 -4.33301016e+00 
 5.30884444e+05 -3.43376407e-02 -4.45829286e+00 
 5.46386550e+05 -3.58404519e-02 -4.58712487e+00 
 5.62341325e+05 -3.74286650e-02 -4.71960048e+00 
 5.78761988e+05 -3.91069109e-02 -4.85581595e+00 
 5.95662144e+05 -4.08800448e-02 -4.99586952e+00 
 6.13055792e+05 -4.27531544e-02 -5.13986141e+00 
 6.30957344e+05 -4.47315677e-02 -5.28789379e+00 
 6.49381632e+05 -4.68208597e-02 -5.44007079e+00 
 6.68343918e+05 -4.90268605e-02 -5.59649847e+00 
 6.87859912e+05 -5.13556612e-02 -5.75728478e+00 
 7.07945784e+05 -5.38136209e-02 -5.92253957e+00 
 7.28618175e+05 -5.64073721e-02 -6.09237450e+00 
 7.49894209e+05 -5.91438259e-02 -6.26690307e+00 
 7.71791516e+05 -6.20301765e-02 -6.44624052e+00 
 7.94328235e+05 -6.50739047e-02 -6.63050378e+00 
 8.17523038e+05 -6.82827799e-02 -6.81981146e+00 
 8.41395142e+05 -7.16648615e-02 -7.01428373e+00 
 8.65964323e+05 -7.52284987e-02 -7.21404230e+00 
 8.91250938e+05 -7.89823285e-02 -7.41921030e+00 
 9.17275935e+05 -8.29352721e-02 -7.62991225e+00 
 9.44060876e+05 -8.70965293e-02 -7.84627396e+00 
 9.71627952e+05 -9.14755707e-02 -8.06842241e+00 
 1.00000000e+06 -9.60821273e-02 -8.29648572e+00 
 1.02920053e+06 -1.00926178e-01 -8.53059303e+00 
 1.05925373e+06 -1.06017932e-01 -8.77087439e+00 
 1.09018449e+06 -1.11367813e-01 -9.01746073e+00 
 1.12201845e+06 -1.16986434e-01 -9.27048370e+00 
 1.15478198e+06 -1.22884572e-01 -9.53007565e+00 
 1.18850223e+06 -1.29073136e-01 -9.79636953e+00 
 1.22320712e+06 -1.35563139e-01 -1.00694988e+01 
 1.25892541e+06 -1.42365652e-01 -1.03495975e+01 
 1.29568670e+06 -1.49491766e-01 -1.06368001e+01 
 1.33352143e+06 -1.56952543e-01 -1.09312414e+01 
 1.37246096e+06 -1.64758964e-01 -1.12330567e+01 
 1.41253754e+06 -1.72921871e-01 -1.15423820e+01 
 1.45378439e+06 -1.81451908e-01 -1.18593537e+01 
 1.49623566e+06 -1.90359453e-01 -1.21841089e+01 
 1.53992653e+06 -1.99654548e-01 -1.25167855e+01 
 1.58489319e+06 -2.09346823e-01 -1.28575226e+01 
 1.63117291e+06 -2.19445422e-01 -1.32064607e+01 
 1.67880402e+06 -2.29958915e-01 -1.35637417e+01 
 1.72782598e+06 -2.40895222e-01 -1.39295098e+01 
 1.77827941e+06 -2.52261521e-01 -1.43039116e+01 
 1.83020611e+06 -2.64064165e-01 -1.46870969e+01 
 1.88364909e+06 -2.76308594e-01 -1.50792191e+01 
 1.93865264e+06 -2.88999253e-01 -1.54804363e+01 
 1.99526231e+06 -3.02139508e-01 -1.58909117e+01 
 2.05352503e+06 -3.15731572e-01 -1.63108147e+01 
 2.11348904e+06 -3.29776432e-01 -1.67403222e+01 
 2.17520403e+06 -3.44273787e-01 -1.71796193e+01 
 2.23872114e+06 -3.59221993e-01 -1.76289008e+01 
 2.30409298e+06 -3.74618026e-01 -1.80883725e+01 
 2.37137371e+06 -3.90457452e-01 -1.85582524e+01 
 2.44061907e+06 -4.06734416e-01 -1.90387729e+01 
 2.51188643e+06 -4.23441650e-01 -1.95301816e+01 
 2.58523484e+06 -4.40570498e-01 -2.00327435e+01 
 2.66072506e+06 -4.58110966e-01 -2.05467429e+01 
 2.73841963e+06 -4.76051796e-01 -2.10724849e+01 
 2.81838293e+06 -4.94380561e-01 -2.16102974e+01 
 2.90068120e+06 -5.13083791e-01 -2.21605334e+01 
 2.98538262e+06 -5.32147130e-01 -2.27235722e+01 
 3.07255737e+06 -5.51555514e-01 -2.32998225e+01 
 3.16227766e+06 -5.71293386e-01 -2.38897233e+01 
 3.25461783e+06 -5.91344939e-01 -2.44937464e+01 
 3.34965439e+06 -6.11694393e-01 -2.51123985e+01 
 3.44746607e+06 -6.32326299e-01 -2.57462226e+01 
 3.54813389e+06 -6.53225875e-01 -2.63958000e+01 
 3.65174127e+06 -6.74379379e-01 -2.70617523e+01 
 3.75837404e+06 -6.95774503e-01 -2.77447425e+01 
 3.86812055e+06 -7.17400808e-01 -2.84454771e+01 
 3.98107171e+06 -7.39250181e-01 -2.91647071e+01 
 4.09732110e+06 -7.61317328e-01 -2.99032297e+01 
 4.21696503e+06 -7.83600295e-01 -3.06618891e+01 
 4.34010264e+06 -8.06101021e-01 -3.14415777e+01 
 4.46683592e+06 -8.28825925e-01 -3.22432371e+01 
 4.59726989e+06 -8.51786524e-01 -3.30678587e+01 
 4.73151259e+06 -8.75000084e-01 -3.39164843e+01 
 4.86967525e+06 -8.98490319e-01 -3.47902067e+01 
 5.01187234e+06 -9.22288117e-01 -3.56901698e+01 
 5.15822165e+06 -9.46432323e-01 -3.66175684e+01 
 5.30884444e+06 -9.70970558e-01 -3.75736483e+01 
 5.46386550e+06 -9.95960106e-01 -3.85597059e+01 
 5.62341325e+06 -1.02146884e+00 -3.95770869e+01 
 5.78761988e+06 -1.04757622e+00 -4.06271854e+01 
 5.95662144e+06 -1.07437437e+00 -4.17114424e+01 
 6.13055792e+06 -1.10196921e+00 -4.28313434e+01 
 6.30957344e+06 -1.13048163e+00 -4.39884160e+01 
 6.49381632e+06 -1.16004883e+00 -4.51842257e+01 
 6.68343918e+06 -1.19082565e+00 -4.64203723e+01 
 6.87859912e+06 -1.22298601e+00 -4.76984839e+01 
 7.07945784e+06 -1.25672441e+00 -4.90202106e+01 
 7.28618175e+06 -1.29225750e+00 -5.03872163e+01 
 7.49894209e+06 -1.32982565e+00 -5.18011694e+01 
 7.71791516e+06 -1.36969462e+00 -5.32637308e+01 
 7.94328235e+06 -1.41215711e+00 -5.47765409e+01 
 8.17523038e+06 -1.45753434e+00 -5.63412037e+01 
 8.41395142e+06 -1.50617750e+00 -5.79592684e+01 
 8.65964323e+06 -1.55846903e+00 -5.96322085e+01 
 8.91250938e+06 -1.61482364e+00 -6.13613983e+01 
 9.17275935e+06 -1.67568905e+00 -6.31480856e+01 
 9.44060876e+06 -1.74154626e+00 -6.49933627e+01 
 9.71627952e+06 -1.81290928e+00 -6.68981337e+01 
 1.00000000e+07 -1.89032420e+00 -6.88630799e+01 
 1.02920053e+07 -1.97436751e+00 -7.08886233e+01 
 1.05925373e+07 -2.06564342e+00 -7.29748881e+01 
 1.09018449e+07 -2.16478020e+00 -7.51216628e+01 
 1.12201845e+07 -2.27242543e+00 -7.73283627e+01 
 1.15478198e+07 -2.38923999e+00 -7.95939952e+01 
 1.18850223e+07 -2.51589085e+00 -8.19171286e+01 
 1.22320712e+07 -2.65304276e+00 -8.42958672e+01 
 1.25892541e+07 -2.80134875e+00 -8.67278341e+01 
 1.29568670e+07 -2.96143980e+00 -8.92101639e+01 
 1.33352143e+07 -3.13391395e+00 -9.17395068e+01 
 1.37246096e+07 -3.31932496e+00 -9.43120451e+01 
 1.41253754e+07 -3.51817126e+00 -9.69235243e+01 
 1.45378439e+07 -3.73088532e+00 -9.95692972e+01 
 1.49623566e+07 -3.95782419e+00 -1.02244382e+02 
 1.53992653e+07 -4.19926146e+00 -1.04943533e+02 
 1.58489319e+07 -4.45538118e+00 -1.07661318e+02 
 1.63117291e+07 -4.72627395e+00 -1.10392210e+02 
 1.67880402e+07 -5.01193560e+00 -1.13130673e+02 
 1.72782598e+07 -5.31226824e+00 -1.15871258e+02 
 1.77827941e+07 -5.62708389e+00 -1.18608685e+02 
 1.83020611e+07 -5.95611036e+00 -1.21337931e+02 
 1.88364909e+07 -6.29899907e+00 -1.24054295e+02 
 1.93865264e+07 -6.65533446e+00 -1.26753460e+02 
 1.99526231e+07 -7.02464445e+00 -1.29431539e+02 
 2.05352503e+07 -7.40641164e+00 -1.32085109e+02 
 2.11348904e+07 -7.80008454e+00 -1.34711223e+02 
 2.17520403e+07 -8.20508867e+00 -1.37307423e+02 
 2.23872114e+07 -8.62083700e+00 -1.39871727e+02 
 2.30409298e+07 -9.04673953e+00 -1.42402614e+02 
 2.37137371e+07 -9.48221182e+00 -1.44899002e+02 
 2.44061907e+07 -9.92668235e+00 -1.47360214e+02 
 2.51188643e+07 -1.03795986e+01 -1.49785941e+02 
 2.58523484e+07 -1.08404320e+01 -1.52176208e+02 
 2.66072506e+07 -1.13086816e+01 -1.54531332e+02 
 2.73841963e+07 -1.17838769e+01 -1.56851883e+02 
 2.81838293e+07 -1.22655794e+01 -1.59138647e+02 
 2.90068120e+07 -1.27533835e+01 -1.61392589e+02 
 2.98538262e+07 -1.32469170e+01 -1.63614819e+02 
 3.07255737e+07 -1.37458404e+01 -1.65806562e+02 
 3.16227766e+07 -1.42498460e+01 -1.67969130e+02 
 3.25461783e+07 -1.47586572e+01 -1.70103894e+02 
 3.34965439e+07 -1.52720263e+01 -1.72212265e+02 
 3.44746607e+07 -1.57897335e+01 -1.74295676e+02 
 3.54813389e+07 -1.63115845e+01 -1.76355557e+02 
 3.65174127e+07 -1.68374091e+01 -1.78393332e+02 
 3.75837404e+07 -1.73670589e+01 -1.80410398e+02 
 3.86812055e+07 -1.79004058e+01 -1.82408118e+02 
 3.98107171e+07 -1.84373395e+01 -1.84387813e+02 
 4.09732110e+07 -1.89777663e+01 -1.86350755e+02 
 4.21696503e+07 -1.95216069e+01 -1.88298159e+02 
 4.34010264e+07 -2.00687949e+01 -1.90231184e+02 
 4.46683592e+07 -2.06192747e+01 -1.92150924e+02 
 4.59726989e+07 -2.11730006e+01 -1.94058410e+02 
 4.73151259e+07 -2.17299349e+01 -1.95954606e+02 
 4.86967525e+07 -2.22900464e+01 -1.97840410e+02 
 5.01187234e+07 -2.28533093e+01 -1.99716654e+02 
 5.15822165e+07 -2.34197019e+01 -2.01584102e+02 
 5.30884444e+07 -2.39892053e+01 -2.03443454e+02 
 5.46386550e+07 -2.45618021e+01 -2.05295347e+02 
 5.62341325e+07 -2.51374761e+01 -2.07140353e+02 
 5.78761988e+07 -2.57162104e+01 -2.08978987e+02 
 5.95662144e+07 -2.62979871e+01 -2.10811705e+02 
 6.13055792e+07 -2.68827863e+01 -2.12638906e+02 
 6.30957344e+07 -2.74705853e+01 -2.14460940e+02 
 6.49381632e+07 -2.80613580e+01 -2.16278106e+02 
 6.68343918e+07 -2.86550740e+01 -2.18090656e+02 
 6.87859912e+07 -2.92516986e+01 -2.19898799e+02 
 7.07945784e+07 -2.98511916e+01 -2.21702707e+02 
 7.28618175e+07 -3.04535077e+01 -2.23502510e+02 
 7.49894209e+07 -3.10585953e+01 -2.25298311e+02 
 7.71791516e+07 -3.16663966e+01 -2.27090178e+02 
 7.94328235e+07 -3.22768477e+01 -2.28878154e+02 
 8.17523038e+07 -3.28898778e+01 -2.30662259e+02 
 8.41395142e+07 -3.35054096e+01 -2.32442493e+02 
 8.65964323e+07 -3.41233588e+01 -2.34218834e+02 
 8.91250938e+07 -3.47436348e+01 -2.35991250e+02 
 9.17275935e+07 -3.53661400e+01 -2.37759694e+02 
 9.44060876e+07 -3.59907704e+01 -2.39524107e+02 
 9.71627952e+07 -3.66174158e+01 -2.41284423e+02 
 1.00000000e+08 -3.72459596e+01 -2.43040571e+02 
 1.02920053e+08 -3.78762796e+01 -2.44792471e+02 
 1.05925373e+08 -3.85082479e+01 -2.46540043e+02 
 1.09018449e+08 -3.91417315e+01 -2.48283200e+02 
 1.12201845e+08 -3.97765926e+01 -2.50021856e+02 
 1.15478198e+08 -4.04126889e+01 -2.51755922e+02 
 1.18850223e+08 -4.10498740e+01 -2.53485306e+02 
 1.22320712e+08 -4.16879982e+01 -2.55209916e+02 
 1.25892541e+08 -4.23269087e+01 -2.56929658e+02 
 1.29568670e+08 -4.29664500e+01 -2.58644435e+02 
 1.33352143e+08 -4.36064647e+01 -2.60354148e+02 
 1.37246096e+08 -4.42467936e+01 -2.62058693e+02 
 1.41253754e+08 -4.48872768e+01 -2.63757962e+02 
 1.45378439e+08 -4.55277539e+01 -2.65451843e+02 
 1.49623566e+08 -4.61680642e+01 -2.67140217e+02 
 1.53992653e+08 -4.68080480e+01 -2.68822955e+02 
 1.58489319e+08 -4.74475465e+01 -2.70499925e+02 
 1.63117291e+08 -4.80864028e+01 -2.72170982e+02 
 1.67880402e+08 -4.87244618e+01 -2.73835971e+02 
 1.72782598e+08 -4.93615715e+01 -2.75494728e+02 
 1.77827941e+08 -4.99975830e+01 -2.77147077e+02 
 1.83020611e+08 -5.06323511e+01 -2.78792830e+02 
 1.88364909e+08 -5.12657347e+01 -2.80431787e+02 
 1.93865264e+08 -5.18975976e+01 -2.82063735e+02 
 1.99526231e+08 -5.25278085e+01 -2.83688450e+02 
 2.05352503e+08 -5.31562417e+01 -2.85305696e+02 
 2.11348904e+08 -5.37827775e+01 -2.86915225e+02 
 2.17520403e+08 -5.44073023e+01 -2.88516780e+02 
 2.23872114e+08 -5.50297091e+01 -2.90110092e+02 
 2.30409298e+08 -5.56498978e+01 -2.91694887e+02 
 2.37137371e+08 -5.62677757e+01 -2.93270881e+02 
 2.44061907e+08 -5.68832569e+01 -2.94837786e+02 
 2.51188643e+08 -5.74962636e+01 -2.96395311e+02 
 2.58523484e+08 -5.81067251e+01 -2.97943162e+02 
 2.66072506e+08 -5.87145788e+01 -2.99481046e+02 
 2.73841963e+08 -5.93197696e+01 -3.01008673e+02 
 2.81838293e+08 -5.99222504e+01 -3.02525756e+02 
 2.90068120e+08 -6.05219816e+01 -3.04032018e+02 
 2.98538262e+08 -6.11189311e+01 -3.05527187e+02 
 3.07255737e+08 -6.17130745e+01 -3.07011007e+02 
 3.16227766e+08 -6.23043945e+01 -3.08483231e+02 
 3.25461783e+08 -6.28928810e+01 -3.09943633e+02 
 3.34965439e+08 -6.34785304e+01 -3.11392001e+02 
 3.44746607e+08 -6.40613460e+01 -3.12828144e+02 
 3.54813389e+08 -6.46413369e+01 -3.14251893e+02 
 3.65174127e+08 -6.52185183e+01 -3.15663103e+02 
 3.75837404e+08 -6.57929109e+01 -3.17061653e+02 
 3.86812055e+08 -6.63645402e+01 -3.18447449e+02 
 3.98107171e+08 -6.69334369e+01 -3.19820423e+02 
 4.09732110e+08 -6.74996354e+01 -3.21180537e+02 
 4.21696503e+08 -6.80631745e+01 -3.22527781e+02 
 4.34010264e+08 -6.86240963e+01 -3.23862176e+02 
 4.46683592e+08 -6.91824457e+01 -3.25183771e+02 
 4.59726989e+08 -6.97382706e+01 -3.26492648e+02 
 4.73151259e+08 -7.02916209e+01 -3.27788918e+02 
 4.86967525e+08 -7.08425486e+01 -3.29072720e+02 
 5.01187234e+08 -7.13911068e+01 -3.30344228e+02 
 5.15822165e+08 -7.19373501e+01 -3.31603640e+02 
 5.30884444e+08 -7.24813334e+01 -3.32851186e+02 
 5.46386550e+08 -7.30231125e+01 -3.34087124e+02 
 5.62341325e+08 -7.35627429e+01 -3.35311738e+02 
 5.78761988e+08 -7.41002800e+01 -3.36525341e+02 
 5.95662144e+08 -7.46357788e+01 -3.37728269e+02 
 6.13055792e+08 -7.51692934e+01 -3.38920884e+02 
 6.30957344e+08 -7.57008771e+01 -3.40103570e+02 
 6.49381632e+08 -7.62305819e+01 -3.41276735e+02 
 6.68343918e+08 -7.67584582e+01 -3.42440808e+02 
 6.87859912e+08 -7.72845552e+01 -3.43596236e+02 
 7.07945784e+08 -7.78089199e+01 -3.44743487e+02 
 7.28618175e+08 -7.83315977e+01 -3.45883046e+02 
 7.49894209e+08 -7.88526318e+01 -3.47015412e+02 
 7.71791516e+08 -7.93720633e+01 -3.48141103e+02 
 7.94328235e+08 -7.98899309e+01 -3.49260648e+02 
 8.17523038e+08 -8.04062712e+01 -3.50374590e+02 
 8.41395142e+08 -8.09211181e+01 -3.51483483e+02 
 8.65964323e+08 -8.14345030e+01 -3.52587892e+02 
 8.91250938e+08 -8.19464549e+01 -3.53688390e+02 
 9.17275935e+08 -8.24570002e+01 -3.54785558e+02 
 9.44060876e+08 -8.29661624e+01 -3.55879986e+02 
 9.71627952e+08 -8.34739625e+01 -3.56972268e+02 
 1.00000000e+09 -8.39804188e+01 -3.58063004e+02 
