 frequency       av              ph             
 1.00000000e+00  1.20200511e+01 -2.10389977e-05 
 1.02920053e+00  1.20200511e+01 -2.16533475e-05 
 1.05925373e+00  1.20200511e+01 -2.22856367e-05 
 1.09018449e+00  1.20200511e+01 -2.29363890e-05 
 1.12201845e+00  1.20200511e+01 -2.36061437e-05 
 1.15478198e+00  1.20200511e+01 -2.42954555e-05 
 1.18850223e+00  1.20200511e+01 -2.50048956e-05 
 1.22320712e+00  1.20200511e+01 -2.57350517e-05 
 1.25892541e+00  1.20200511e+01 -2.64865288e-05 
 1.29568670e+00  1.20200511e+01 -2.72599494e-05 
 1.33352143e+00  1.20200511e+01 -2.80559543e-05 
 1.37246096e+00  1.20200511e+01 -2.88752030e-05 
 1.41253754e+00  1.20200511e+01 -2.97183741e-05 
 1.45378439e+00  1.20200511e+01 -3.05861663e-05 
 1.49623566e+00  1.20200511e+01 -3.14792985e-05 
 1.53992653e+00  1.20200511e+01 -3.23985106e-05 
 1.58489319e+00  1.20200511e+01 -3.33445642e-05 
 1.63117291e+00  1.20200511e+01 -3.43182431e-05 
 1.67880402e+00  1.20200511e+01 -3.53203538e-05 
 1.72782598e+00  1.20200511e+01 -3.63517268e-05 
 1.77827941e+00  1.20200511e+01 -3.74132164e-05 
 1.83020611e+00  1.20200511e+01 -3.85057020e-05 
 1.88364909e+00  1.20200511e+01 -3.96300888e-05 
 1.93865264e+00  1.20200511e+01 -4.07873083e-05 
 1.99526231e+00  1.20200511e+01 -4.19783192e-05 
 2.05352503e+00  1.20200511e+01 -4.32041083e-05 
 2.11348904e+00  1.20200511e+01 -4.44656910e-05 
 2.17520403e+00  1.20200511e+01 -4.57641126e-05 
 2.23872114e+00  1.20200511e+01 -4.71004489e-05 
 2.30409298e+00  1.20200511e+01 -4.84758068e-05 
 2.37137371e+00  1.20200511e+01 -4.98913259e-05 
 2.44061907e+00  1.20200511e+01 -5.13481789e-05 
 2.51188643e+00  1.20200511e+01 -5.28475728e-05 
 2.58523484e+00  1.20200511e+01 -5.43907498e-05 
 2.66072506e+00  1.20200511e+01 -5.59789884e-05 
 2.73841963e+00  1.20200511e+01 -5.76136043e-05 
 2.81838293e+00  1.20200511e+01 -5.92959520e-05 
 2.90068120e+00  1.20200511e+01 -6.10274250e-05 
 2.98538262e+00  1.20200511e+01 -6.28094580e-05 
 3.07255737e+00  1.20200511e+01 -6.46435273e-05 
 3.16227766e+00  1.20200511e+01 -6.65311524e-05 
 3.25461783e+00  1.20200511e+01 -6.84738971e-05 
 3.34965439e+00  1.20200511e+01 -7.04733710e-05 
 3.44746607e+00  1.20200511e+01 -7.25312306e-05 
 3.54813389e+00  1.20200511e+01 -7.46491807e-05 
 3.65174127e+00  1.20200511e+01 -7.68289762e-05 
 3.75837404e+00  1.20200511e+01 -7.90724228e-05 
 3.86812055e+00  1.20200511e+01 -8.13813792e-05 
 3.98107171e+00  1.20200511e+01 -8.37577584e-05 
 4.09732110e+00  1.20200511e+01 -8.62035291e-05 
 4.21696503e+00  1.20200511e+01 -8.87207176e-05 
 4.34010264e+00  1.20200511e+01 -9.13114093e-05 
 4.46683592e+00  1.20200511e+01 -9.39777506e-05 
 4.59726989e+00  1.20200511e+01 -9.67219505e-05 
 4.73151259e+00  1.20200511e+01 -9.95462824e-05 
 4.86967525e+00  1.20200511e+01 -1.02453086e-04 
 5.01187234e+00  1.20200511e+01 -1.05444770e-04 
 5.15822165e+00  1.20200511e+01 -1.08523813e-04 
 5.30884444e+00  1.20200511e+01 -1.11692766e-04 
 5.46386550e+00  1.20200511e+01 -1.14954254e-04 
 5.62341325e+00  1.20200511e+01 -1.18310978e-04 
 5.78761988e+00  1.20200511e+01 -1.21765721e-04 
 5.95662144e+00  1.20200511e+01 -1.25321345e-04 
 6.13055792e+00  1.20200511e+01 -1.28980794e-04 
 6.30957344e+00  1.20200511e+01 -1.32747101e-04 
 6.49381632e+00  1.20200511e+01 -1.36623386e-04 
 6.68343918e+00  1.20200511e+01 -1.40612861e-04 
 6.87859912e+00  1.20200511e+01 -1.44718831e-04 
 7.07945784e+00  1.20200511e+01 -1.48944697e-04 
 7.28618175e+00  1.20200511e+01 -1.53293961e-04 
 7.49894209e+00  1.20200511e+01 -1.57770225e-04 
 7.71791516e+00  1.20200511e+01 -1.62377199e-04 
 7.94328235e+00  1.20200511e+01 -1.67118699e-04 
 8.17523038e+00  1.20200511e+01 -1.71998653e-04 
 8.41395142e+00  1.20200511e+01 -1.77021104e-04 
 8.65964323e+00  1.20200511e+01 -1.82190214e-04 
 8.91250938e+00  1.20200511e+01 -1.87510264e-04 
 9.17275935e+00  1.20200511e+01 -1.92985663e-04 
 9.44060876e+00  1.20200511e+01 -1.98620946e-04 
 9.71627952e+00  1.20200511e+01 -2.04420782e-04 
 1.00000000e+01  1.20200511e+01 -2.10389977e-04 
 1.02920053e+01  1.20200511e+01 -2.16533475e-04 
 1.05925373e+01  1.20200511e+01 -2.22856367e-04 
 1.09018449e+01  1.20200511e+01 -2.29363890e-04 
 1.12201845e+01  1.20200511e+01 -2.36061437e-04 
 1.15478198e+01  1.20200511e+01 -2.42954555e-04 
 1.18850223e+01  1.20200511e+01 -2.50048956e-04 
 1.22320712e+01  1.20200511e+01 -2.57350517e-04 
 1.25892541e+01  1.20200511e+01 -2.64865288e-04 
 1.29568670e+01  1.20200511e+01 -2.72599494e-04 
 1.33352143e+01  1.20200511e+01 -2.80559543e-04 
 1.37246096e+01  1.20200511e+01 -2.88752030e-04 
 1.41253754e+01  1.20200511e+01 -2.97183741e-04 
 1.45378439e+01  1.20200511e+01 -3.05861663e-04 
 1.49623566e+01  1.20200511e+01 -3.14792985e-04 
 1.53992653e+01  1.20200511e+01 -3.23985106e-04 
 1.58489319e+01  1.20200511e+01 -3.33445642e-04 
 1.63117291e+01  1.20200511e+01 -3.43182431e-04 
 1.67880402e+01  1.20200511e+01 -3.53203538e-04 
 1.72782598e+01  1.20200511e+01 -3.63517268e-04 
 1.77827941e+01  1.20200511e+01 -3.74132164e-04 
 1.83020611e+01  1.20200511e+01 -3.85057020e-04 
 1.88364909e+01  1.20200511e+01 -3.96300888e-04 
 1.93865264e+01  1.20200511e+01 -4.07873083e-04 
 1.99526231e+01  1.20200511e+01 -4.19783192e-04 
 2.05352503e+01  1.20200511e+01 -4.32041083e-04 
 2.11348904e+01  1.20200511e+01 -4.44656910e-04 
 2.17520403e+01  1.20200511e+01 -4.57641126e-04 
 2.23872114e+01  1.20200511e+01 -4.71004488e-04 
 2.30409298e+01  1.20200511e+01 -4.84758068e-04 
 2.37137371e+01  1.20200511e+01 -4.98913259e-04 
 2.44061907e+01  1.20200511e+01 -5.13481789e-04 
 2.51188643e+01  1.20200511e+01 -5.28475728e-04 
 2.58523484e+01  1.20200511e+01 -5.43907498e-04 
 2.66072506e+01  1.20200511e+01 -5.59789884e-04 
 2.73841963e+01  1.20200511e+01 -5.76136043e-04 
 2.81838293e+01  1.20200511e+01 -5.92959520e-04 
 2.90068120e+01  1.20200511e+01 -6.10274250e-04 
 2.98538262e+01  1.20200511e+01 -6.28094580e-04 
 3.07255737e+01  1.20200511e+01 -6.46435273e-04 
 3.16227766e+01  1.20200511e+01 -6.65311524e-04 
 3.25461783e+01  1.20200511e+01 -6.84738971e-04 
 3.34965439e+01  1.20200511e+01 -7.04733710e-04 
 3.44746607e+01  1.20200511e+01 -7.25312306e-04 
 3.54813389e+01  1.20200511e+01 -7.46491807e-04 
 3.65174127e+01  1.20200511e+01 -7.68289762e-04 
 3.75837404e+01  1.20200511e+01 -7.90724228e-04 
 3.86812055e+01  1.20200511e+01 -8.13813792e-04 
 3.98107171e+01  1.20200511e+01 -8.37577584e-04 
 4.09732110e+01  1.20200511e+01 -8.62035291e-04 
 4.21696503e+01  1.20200511e+01 -8.87207176e-04 
 4.34010264e+01  1.20200511e+01 -9.13114093e-04 
 4.46683592e+01  1.20200511e+01 -9.39777506e-04 
 4.59726989e+01  1.20200511e+01 -9.67219505e-04 
 4.73151259e+01  1.20200511e+01 -9.95462824e-04 
 4.86967525e+01  1.20200511e+01 -1.02453086e-03 
 5.01187234e+01  1.20200511e+01 -1.05444770e-03 
 5.15822165e+01  1.20200511e+01 -1.08523813e-03 
 5.30884444e+01  1.20200511e+01 -1.11692766e-03 
 5.46386550e+01  1.20200511e+01 -1.14954254e-03 
 5.62341325e+01  1.20200511e+01 -1.18310978e-03 
 5.78761988e+01  1.20200511e+01 -1.21765721e-03 
 5.95662144e+01  1.20200511e+01 -1.25321345e-03 
 6.13055792e+01  1.20200511e+01 -1.28980794e-03 
 6.30957344e+01  1.20200511e+01 -1.32747101e-03 
 6.49381632e+01  1.20200511e+01 -1.36623386e-03 
 6.68343918e+01  1.20200511e+01 -1.40612861e-03 
 6.87859912e+01  1.20200511e+01 -1.44718831e-03 
 7.07945784e+01  1.20200511e+01 -1.48944697e-03 
 7.28618175e+01  1.20200511e+01 -1.53293961e-03 
 7.49894209e+01  1.20200511e+01 -1.57770225e-03 
 7.71791516e+01  1.20200511e+01 -1.62377199e-03 
 7.94328235e+01  1.20200511e+01 -1.67118699e-03 
 8.17523038e+01  1.20200511e+01 -1.71998653e-03 
 8.41395142e+01  1.20200511e+01 -1.77021104e-03 
 8.65964323e+01  1.20200511e+01 -1.82190214e-03 
 8.91250938e+01  1.20200511e+01 -1.87510264e-03 
 9.17275935e+01  1.20200511e+01 -1.92985663e-03 
 9.44060876e+01  1.20200511e+01 -1.98620946e-03 
 9.71627952e+01  1.20200511e+01 -2.04420782e-03 
 1.00000000e+02  1.20200511e+01 -2.10389977e-03 
 1.02920053e+02  1.20200511e+01 -2.16533475e-03 
 1.05925373e+02  1.20200511e+01 -2.22856367e-03 
 1.09018449e+02  1.20200511e+01 -2.29363890e-03 
 1.12201845e+02  1.20200511e+01 -2.36061436e-03 
 1.15478198e+02  1.20200511e+01 -2.42954555e-03 
 1.18850223e+02  1.20200511e+01 -2.50048956e-03 
 1.22320712e+02  1.20200511e+01 -2.57350517e-03 
 1.25892541e+02  1.20200511e+01 -2.64865288e-03 
 1.29568670e+02  1.20200511e+01 -2.72599494e-03 
 1.33352143e+02  1.20200511e+01 -2.80559543e-03 
 1.37246096e+02  1.20200511e+01 -2.88752029e-03 
 1.41253754e+02  1.20200511e+01 -2.97183741e-03 
 1.45378439e+02  1.20200511e+01 -3.05861663e-03 
 1.49623566e+02  1.20200511e+01 -3.14792985e-03 
 1.53992653e+02  1.20200511e+01 -3.23985106e-03 
 1.58489319e+02  1.20200511e+01 -3.33445642e-03 
 1.63117291e+02  1.20200511e+01 -3.43182430e-03 
 1.67880402e+02  1.20200511e+01 -3.53203538e-03 
 1.72782598e+02  1.20200511e+01 -3.63517267e-03 
 1.77827941e+02  1.20200511e+01 -3.74132163e-03 
 1.83020611e+02  1.20200511e+01 -3.85057020e-03 
 1.88364909e+02  1.20200511e+01 -3.96300887e-03 
 1.93865264e+02  1.20200511e+01 -4.07873082e-03 
 1.99526231e+02  1.20200511e+01 -4.19783191e-03 
 2.05352503e+02  1.20200511e+01 -4.32041082e-03 
 2.11348904e+02  1.20200511e+01 -4.44656909e-03 
 2.17520403e+02  1.20200511e+01 -4.57641125e-03 
 2.23872114e+02  1.20200511e+01 -4.71004487e-03 
 2.30409298e+02  1.20200511e+01 -4.84758066e-03 
 2.37137371e+02  1.20200511e+01 -4.98913257e-03 
 2.44061907e+02  1.20200511e+01 -5.13481787e-03 
 2.51188643e+02  1.20200511e+01 -5.28475726e-03 
 2.58523484e+02  1.20200511e+01 -5.43907496e-03 
 2.66072506e+02  1.20200511e+01 -5.59789881e-03 
 2.73841963e+02  1.20200511e+01 -5.76136041e-03 
 2.81838293e+02  1.20200511e+01 -5.92959517e-03 
 2.90068120e+02  1.20200511e+01 -6.10274247e-03 
 2.98538262e+02  1.20200511e+01 -6.28094577e-03 
 3.07255737e+02  1.20200511e+01 -6.46435269e-03 
 3.16227766e+02  1.20200511e+01 -6.65311520e-03 
 3.25461783e+02  1.20200511e+01 -6.84738966e-03 
 3.34965439e+02  1.20200511e+01 -7.04733705e-03 
 3.44746607e+02  1.20200511e+01 -7.25312300e-03 
 3.54813389e+02  1.20200511e+01 -7.46491802e-03 
 3.65174127e+02  1.20200511e+01 -7.68289755e-03 
 3.75837404e+02  1.20200511e+01 -7.90724221e-03 
 3.86812055e+02  1.20200510e+01 -8.13813785e-03 
 3.98107171e+02  1.20200510e+01 -8.37577576e-03 
 4.09732110e+02  1.20200510e+01 -8.62035282e-03 
 4.21696503e+02  1.20200510e+01 -8.87207166e-03 
 4.34010264e+02  1.20200510e+01 -9.13114082e-03 
 4.46683592e+02  1.20200510e+01 -9.39777494e-03 
 4.59726989e+02  1.20200510e+01 -9.67219492e-03 
 4.73151259e+02  1.20200510e+01 -9.95462810e-03 
 4.86967525e+02  1.20200510e+01 -1.02453085e-02 
 5.01187234e+02  1.20200510e+01 -1.05444769e-02 
 5.15822165e+02  1.20200510e+01 -1.08523812e-02 
 5.30884444e+02  1.20200510e+01 -1.11692764e-02 
 5.46386550e+02  1.20200510e+01 -1.14954251e-02 
 5.62341325e+02  1.20200509e+01 -1.18310976e-02 
 5.78761988e+02  1.20200509e+01 -1.21765719e-02 
 5.95662144e+02  1.20200509e+01 -1.25321342e-02 
 6.13055792e+02  1.20200509e+01 -1.28980791e-02 
 6.30957344e+02  1.20200509e+01 -1.32747098e-02 
 6.49381632e+02  1.20200509e+01 -1.36623383e-02 
 6.68343918e+02  1.20200509e+01 -1.40612857e-02 
 6.87859912e+02  1.20200508e+01 -1.44718827e-02 
 7.07945784e+02  1.20200508e+01 -1.48944693e-02 
 7.28618175e+02  1.20200508e+01 -1.53293956e-02 
 7.49894209e+02  1.20200508e+01 -1.57770220e-02 
 7.71791516e+02  1.20200508e+01 -1.62377193e-02 
 7.94328235e+02  1.20200507e+01 -1.67118692e-02 
 8.17523038e+02  1.20200507e+01 -1.71998646e-02 
 8.41395142e+02  1.20200507e+01 -1.77021097e-02 
 8.65964323e+02  1.20200507e+01 -1.82190205e-02 
 8.91250938e+02  1.20200506e+01 -1.87510255e-02 
 9.17275935e+02  1.20200506e+01 -1.92985653e-02 
 9.44060876e+02  1.20200506e+01 -1.98620935e-02 
 9.71627952e+02  1.20200505e+01 -2.04420770e-02 
 1.00000000e+03  1.20200505e+01 -2.10389964e-02 
 1.02920053e+03  1.20200505e+01 -2.16533461e-02 
 1.05925373e+03  1.20200504e+01 -2.22856351e-02 
 1.09018449e+03  1.20200504e+01 -2.29363873e-02 
 1.12201845e+03  1.20200503e+01 -2.36061418e-02 
 1.15478198e+03  1.20200503e+01 -2.42954535e-02 
 1.18850223e+03  1.20200502e+01 -2.50048934e-02 
 1.22320712e+03  1.20200502e+01 -2.57350493e-02 
 1.25892541e+03  1.20200501e+01 -2.64865262e-02 
 1.29568670e+03  1.20200501e+01 -2.72599466e-02 
 1.33352143e+03  1.20200500e+01 -2.80559512e-02 
 1.37246096e+03  1.20200499e+01 -2.88751996e-02 
 1.41253754e+03  1.20200499e+01 -2.97183704e-02 
 1.45378439e+03  1.20200498e+01 -3.05861623e-02 
 1.49623566e+03  1.20200497e+01 -3.14792941e-02 
 1.53992653e+03  1.20200496e+01 -3.23985058e-02 
 1.58489319e+03  1.20200495e+01 -3.33445590e-02 
 1.63117291e+03  1.20200494e+01 -3.43182374e-02 
 1.67880402e+03  1.20200493e+01 -3.53203476e-02 
 1.72782598e+03  1.20200492e+01 -3.63517200e-02 
 1.77827941e+03  1.20200491e+01 -3.74132090e-02 
 1.83020611e+03  1.20200490e+01 -3.85056940e-02 
 1.88364909e+03  1.20200489e+01 -3.96300801e-02 
 1.93865264e+03  1.20200488e+01 -4.07872988e-02 
 1.99526231e+03  1.20200486e+01 -4.19783088e-02 
 2.05352503e+03  1.20200485e+01 -4.32040969e-02 
 2.11348904e+03  1.20200483e+01 -4.44656786e-02 
 2.17520403e+03  1.20200481e+01 -4.57640991e-02 
 2.23872114e+03  1.20200480e+01 -4.71004341e-02 
 2.30409298e+03  1.20200478e+01 -4.84757908e-02 
 2.37137371e+03  1.20200476e+01 -4.98913084e-02 
 2.44061907e+03  1.20200474e+01 -5.13481599e-02 
 2.51188643e+03  1.20200471e+01 -5.28475520e-02 
 2.58523484e+03  1.20200469e+01 -5.43907272e-02 
 2.66072506e+03  1.20200466e+01 -5.59789637e-02 
 2.73841963e+03  1.20200464e+01 -5.76135774e-02 
 2.81838293e+03  1.20200461e+01 -5.92959226e-02 
 2.90068120e+03  1.20200458e+01 -6.10273930e-02 
 2.98538262e+03  1.20200455e+01 -6.28094231e-02 
 3.07255737e+03  1.20200451e+01 -6.46434893e-02 
 3.16227766e+03  1.20200448e+01 -6.65311109e-02 
 3.25461783e+03  1.20200444e+01 -6.84738519e-02 
 3.34965439e+03  1.20200440e+01 -7.04733217e-02 
 3.44746607e+03  1.20200436e+01 -7.25311769e-02 
 3.54813389e+03  1.20200431e+01 -7.46491222e-02 
 3.65174127e+03  1.20200427e+01 -7.68289123e-02 
 3.75837404e+03  1.20200422e+01 -7.90723532e-02 
 3.86812055e+03  1.20200416e+01 -8.13813033e-02 
 3.98107171e+03  1.20200411e+01 -8.37576757e-02 
 4.09732110e+03  1.20200405e+01 -8.62034389e-02 
 4.21696503e+03  1.20200398e+01 -8.87206193e-02 
 4.34010264e+03  1.20200392e+01 -9.13113022e-02 
 4.46683592e+03  1.20200385e+01 -9.39776338e-02 
 4.59726989e+03  1.20200377e+01 -9.67218231e-02 
 4.73151259e+03  1.20200369e+01 -9.95461436e-02 
 4.86967525e+03  1.20200361e+01 -1.02452935e-01 
 5.01187234e+03  1.20200352e+01 -1.05444605e-01 
 5.15822165e+03  1.20200342e+01 -1.08523633e-01 
 5.30884444e+03  1.20200332e+01 -1.11692570e-01 
 5.46386550e+03  1.20200322e+01 -1.14954040e-01 
 5.62341325e+03  1.20200310e+01 -1.18310745e-01 
 5.78761988e+03  1.20200298e+01 -1.21765467e-01 
 5.95662144e+03  1.20200286e+01 -1.25321068e-01 
 6.13055792e+03  1.20200272e+01 -1.28980492e-01 
 6.30957344e+03  1.20200258e+01 -1.32746772e-01 
 6.49381632e+03  1.20200243e+01 -1.36623027e-01 
 6.68343918e+03  1.20200227e+01 -1.40612470e-01 
 6.87859912e+03  1.20200210e+01 -1.44718404e-01 
 7.07945784e+03  1.20200193e+01 -1.48944232e-01 
 7.28618175e+03  1.20200174e+01 -1.53293454e-01 
 7.49894209e+03  1.20200154e+01 -1.57769673e-01 
 7.71791516e+03  1.20200133e+01 -1.62376596e-01 
 7.94328235e+03  1.20200110e+01 -1.67118042e-01 
 8.17523038e+03  1.20200086e+01 -1.71997937e-01 
 8.41395142e+03  1.20200061e+01 -1.77020324e-01 
 8.65964323e+03  1.20200034e+01 -1.82189363e-01 
 8.91250938e+03  1.20200006e+01 -1.87509336e-01 
 9.17275935e+03  1.20199976e+01 -1.92984651e-01 
 9.44060876e+03  1.20199945e+01 -1.98619843e-01 
 9.71627952e+03  1.20199911e+01 -2.04419580e-01 
 1.00000000e+04  1.20199875e+01 -2.10388666e-01 
 1.02920053e+04  1.20199838e+01 -2.16532046e-01 
 1.05925373e+04  1.20199798e+01 -2.22854809e-01 
 1.09018449e+04  1.20199756e+01 -2.29362192e-01 
 1.12201845e+04  1.20199711e+01 -2.36059585e-01 
 1.15478198e+04  1.20199663e+01 -2.42952536e-01 
 1.18850223e+04  1.20199613e+01 -2.50046755e-01 
 1.22320712e+04  1.20199560e+01 -2.57348118e-01 
 1.25892541e+04  1.20199503e+01 -2.64862673e-01 
 1.29568670e+04  1.20199444e+01 -2.72596643e-01 
 1.33352143e+04  1.20199380e+01 -2.80556435e-01 
 1.37246096e+04  1.20199313e+01 -2.88748641e-01 
 1.41253754e+04  1.20199242e+01 -2.97180047e-01 
 1.45378439e+04  1.20199167e+01 -3.05857636e-01 
 1.49623566e+04  1.20199088e+01 -3.14788594e-01 
 1.53992653e+04  1.20199003e+01 -3.23980319e-01 
 1.58489319e+04  1.20198914e+01 -3.33440424e-01 
 1.63117291e+04  1.20198819e+01 -3.43176741e-01 
 1.67880402e+04  1.20198719e+01 -3.53197336e-01 
 1.72782598e+04  1.20198613e+01 -3.63510506e-01 
 1.77827941e+04  1.20198500e+01 -3.74124793e-01 
 1.83020611e+04  1.20198381e+01 -3.85048984e-01 
 1.88364909e+04  1.20198255e+01 -3.96292127e-01 
 1.93865264e+04  1.20198121e+01 -4.07863532e-01 
 1.99526231e+04  1.20197980e+01 -4.19772780e-01 
 2.05352503e+04  1.20197830e+01 -4.32029732e-01 
 2.11348904e+04  1.20197671e+01 -4.44644535e-01 
 2.17520403e+04  1.20197502e+01 -4.57627636e-01 
 2.23872114e+04  1.20197324e+01 -4.70989781e-01 
 2.30409298e+04  1.20197135e+01 -4.84742034e-01 
 2.37137371e+04  1.20196935e+01 -4.98895779e-01 
 2.44061907e+04  1.20196723e+01 -5.13462733e-01 
 2.51188643e+04  1.20196499e+01 -5.28454954e-01 
 2.58523484e+04  1.20196261e+01 -5.43884850e-01 
 2.66072506e+04  1.20196009e+01 -5.59765193e-01 
 2.73841963e+04  1.20195742e+01 -5.76109127e-01 
 2.81838293e+04  1.20195460e+01 -5.92930176e-01 
 2.90068120e+04  1.20195161e+01 -6.10242260e-01 
 2.98538262e+04  1.20194844e+01 -6.28059705e-01 
 3.07255737e+04  1.20194508e+01 -6.46397253e-01 
 3.16227766e+04  1.20194152e+01 -6.65270075e-01 
 3.25461783e+04  1.20193775e+01 -6.84693785e-01 
 3.34965439e+04  1.20193376e+01 -7.04684449e-01 
 3.44746607e+04  1.20192954e+01 -7.25258603e-01 
 3.54813389e+04  1.20192506e+01 -7.46433262e-01 
 3.65174127e+04  1.20192031e+01 -7.68225937e-01 
 3.75837404e+04  1.20191529e+01 -7.90654647e-01 
 3.86812055e+04  1.20190997e+01 -8.13737937e-01 
 3.98107171e+04  1.20190433e+01 -8.37494889e-01 
 4.09732110e+04  1.20189836e+01 -8.61945139e-01 
 4.21696503e+04  1.20189204e+01 -8.87108895e-01 
 4.34010264e+04  1.20188534e+01 -9.13006951e-01 
 4.46683592e+04  1.20187824e+01 -9.39660702e-01 
 4.59726989e+04  1.20187073e+01 -9.67092169e-01 
 4.73151259e+04  1.20186277e+01 -9.95324007e-01 
 4.86967525e+04  1.20185433e+01 -1.02437953e+00 
 5.01187234e+04  1.20184540e+01 -1.05428273e+00 
 5.15822165e+04  1.20183594e+01 -1.08505828e+00 
 5.30884444e+04  1.20182592e+01 -1.11673159e+00 
 5.46386550e+04  1.20181531e+01 -1.14932879e+00 
 5.62341325e+04  1.20180406e+01 -1.18287676e+00 
 5.78761988e+04  1.20179215e+01 -1.21740318e+00 
 5.95662144e+04  1.20177954e+01 -1.25293651e+00 
 6.13055792e+04  1.20176618e+01 -1.28950604e+00 
 6.30957344e+04  1.20175203e+01 -1.32714189e+00 
 6.49381632e+04  1.20173704e+01 -1.36587508e+00 
 6.68343918e+04  1.20172116e+01 -1.40573748e+00 
 6.87859912e+04  1.20170434e+01 -1.44676192e+00 
 7.07945784e+04  1.20168653e+01 -1.48898214e+00 
 7.28618175e+04  1.20166767e+01 -1.53243288e+00 
 7.49894209e+04  1.20164768e+01 -1.57714984e+00 
 7.71791516e+04  1.20162652e+01 -1.62316979e+00 
 7.94328235e+04  1.20160410e+01 -1.67053051e+00 
 8.17523038e+04  1.20158035e+01 -1.71927088e+00 
 8.41395142e+04  1.20155520e+01 -1.76943089e+00 
 8.65964323e+04  1.20152857e+01 -1.82105167e+00 
 8.91250938e+04  1.20150035e+01 -1.87417552e+00 
 9.17275935e+04  1.20147047e+01 -1.92884596e+00 
 9.44060876e+04  1.20143882e+01 -1.98510771e+00 
 9.71627952e+04  1.20140530e+01 -2.04300679e+00 
 1.00000000e+05  1.20136980e+01 -2.10259051e+00 
 1.02920053e+05  1.20133220e+01 -2.16390752e+00 
 1.05925373e+05  1.20129237e+01 -2.22700785e+00 
 1.09018449e+05  1.20125020e+01 -2.29194291e+00 
 1.12201845e+05  1.20120552e+01 -2.35876559e+00 
 1.15478198e+05  1.20115821e+01 -2.42753023e+00 
 1.18850223e+05  1.20110811e+01 -2.49829270e+00 
 1.22320712e+05  1.20105504e+01 -2.57111044e+00 
 1.25892541e+05  1.20099884e+01 -2.64604247e+00 
 1.29568670e+05  1.20093933e+01 -2.72314944e+00 
 1.33352143e+05  1.20087630e+01 -2.80249369e+00 
 1.37246096e+05  1.20080955e+01 -2.88413927e+00 
 1.41253754e+05  1.20073886e+01 -2.96815198e+00 
 1.45378439e+05  1.20066400e+01 -3.05459942e+00 
 1.49623566e+05  1.20058472e+01 -3.14355102e+00 
 1.53992653e+05  1.20050077e+01 -3.23507812e+00 
 1.58489319e+05  1.20041187e+01 -3.32925394e+00 
 1.63117291e+05  1.20031774e+01 -3.42615368e+00 
 1.67880402e+05  1.20021806e+01 -3.52585456e+00 
 1.72782598e+05  1.20011251e+01 -3.62843584e+00 
 1.77827941e+05  1.20000075e+01 -3.73397885e+00 
 1.83020611e+05  1.19988241e+01 -3.84256706e+00 
 1.88364909e+05  1.19975711e+01 -3.95428612e+00 
 1.93865264e+05  1.19962444e+01 -4.06922388e+00 
 1.99526231e+05  1.19948398e+01 -4.18747044e+00 
 2.05352503e+05  1.19933527e+01 -4.30911819e+00 
 2.11348904e+05  1.19917783e+01 -4.43426185e+00 
 2.17520403e+05  1.19901115e+01 -4.56299847e+00 
 2.23872114e+05  1.19883470e+01 -4.69542752e+00 
 2.30409298e+05  1.19864791e+01 -4.83165089e+00 
 2.37137371e+05  1.19845018e+01 -4.97177291e+00 
 2.44061907e+05  1.19824088e+01 -5.11590041e+00 
 2.51188643e+05  1.19801934e+01 -5.26414269e+00 
 2.58523484e+05  1.19778486e+01 -5.41661161e+00 
 2.66072506e+05  1.19753668e+01 -5.57342155e+00 
 2.73841963e+05  1.19727403e+01 -5.73468943e+00 
 2.81838293e+05  1.19699607e+01 -5.90053475e+00 
 2.90068120e+05  1.19670193e+01 -6.07107955e+00 
 2.98538262e+05  1.19639068e+01 -6.24644845e+00 
 3.07255737e+05  1.19606134e+01 -6.42676858e+00 
 3.16227766e+05  1.19571290e+01 -6.61216965e+00 
 3.25461783e+05  1.19534425e+01 -6.80278382e+00 
 3.34965439e+05  1.19495427e+01 -6.99874575e+00 
 3.44746607e+05  1.19454175e+01 -7.20019252e+00 
 3.54813389e+05  1.19410541e+01 -7.40726358e+00 
 3.65174127e+05  1.19364393e+01 -7.62010071e+00 
 3.75837404e+05  1.19315589e+01 -7.83884789e+00 
 3.86812055e+05  1.19263982e+01 -8.06365126e+00 
 3.98107171e+05  1.19209416e+01 -8.29465902e+00 
 4.09732110e+05  1.19151727e+01 -8.53202128e+00 
 4.21696503e+05  1.19090744e+01 -8.77588992e+00 
 4.34010264e+05  1.19026286e+01 -9.02641850e+00 
 4.46683592e+05  1.18958162e+01 -9.28376203e+00 
 4.59726989e+05  1.18886175e+01 -9.54807679e+00 
 4.73151259e+05  1.18810115e+01 -9.81952016e+00 
 4.86967525e+05  1.18729763e+01 -1.00982503e+01 
 5.01187234e+05  1.18644891e+01 -1.03844261e+01 
 5.15822165e+05  1.18555257e+01 -1.06782066e+01 
 5.30884444e+05  1.18460612e+01 -1.09797509e+01 
 5.46386550e+05  1.18360692e+01 -1.12892177e+01 
 5.62341325e+05  1.18255224e+01 -1.16067652e+01 
 5.78761988e+05  1.18143921e+01 -1.19325503e+01 
 5.95662144e+05  1.18026485e+01 -1.22667285e+01 
 6.13055792e+05  1.17902605e+01 -1.26094535e+01 
 6.30957344e+05  1.17771958e+01 -1.29608762e+01 
 6.49381632e+05  1.17634207e+01 -1.33211449e+01 
 6.68343918e+05  1.17489002e+01 -1.36904042e+01 
 6.87859912e+05  1.17335981e+01 -1.40687949e+01 
 7.07945784e+05  1.17174769e+01 -1.44564530e+01 
 7.28618175e+05  1.17004977e+01 -1.48535090e+01 
 7.49894209e+05  1.16826204e+01 -1.52600878e+01 
 7.71791516e+05  1.16638035e+01 -1.56763075e+01 
 7.94328235e+05  1.16440043e+01 -1.61022788e+01 
 8.17523038e+05  1.16231790e+01 -1.65381044e+01 
 8.41395142e+05  1.16012825e+01 -1.69838782e+01 
 8.65964323e+05  1.15782687e+01 -1.74396844e+01 
 8.91250938e+05  1.15540903e+01 -1.79055970e+01 
 9.17275935e+05  1.15286993e+01 -1.83816788e+01 
 9.44060876e+05  1.15020464e+01 -1.88679808e+01 
 9.71627952e+05  1.14740820e+01 -1.93645413e+01 
 1.00000000e+06  1.14447557e+01 -1.98713854e+01 
 1.02920053e+06  1.14140163e+01 -2.03885241e+01 
 1.05925373e+06  1.13818127e+01 -2.09159538e+01 
 1.09018449e+06  1.13480933e+01 -2.14536558e+01 
 1.12201845e+06  1.13128065e+01 -2.20015954e+01 
 1.15478198e+06  1.12759010e+01 -2.25597221e+01 
 1.18850223e+06  1.12373258e+01 -2.31279685e+01 
 1.22320712e+06  1.11970305e+01 -2.37062509e+01 
 1.25892541e+06  1.11549654e+01 -2.42944685e+01 
 1.29568670e+06  1.11110821e+01 -2.48925037e+01 
 1.33352143e+06  1.10653333e+01 -2.55002225e+01 
 1.37246096e+06  1.10176733e+01 -2.61174744e+01 
 1.41253754e+06  1.09680583e+01 -2.67440934e+01 
 1.45378439e+06  1.09164465e+01 -2.73798983e+01 
 1.49623566e+06  1.08627986e+01 -2.80246937e+01 
 1.53992653e+06  1.08070777e+01 -2.86782713e+01 
 1.58489319e+06  1.07492497e+01 -2.93404109e+01 
 1.63117291e+06  1.06892839e+01 -3.00108822e+01 
 1.67880402e+06  1.06271525e+01 -3.06894463e+01 
 1.72782598e+06  1.05628314e+01 -3.13758576e+01 
 1.77827941e+06  1.04963002e+01 -3.20698662e+01 
 1.83020611e+06  1.04275421e+01 -3.27712196e+01 
 1.88364909e+06  1.03565444e+01 -3.34796656e+01 
 1.93865264e+06  1.02832983e+01 -3.41949550e+01 
 1.99526231e+06  1.02077990e+01 -3.49168436e+01 
 2.05352503e+06  1.01300457e+01 -3.56450957e+01 
 2.11348904e+06  1.00500417e+01 -3.63794864e+01 
 2.17520403e+06  9.96779398e+00 -3.71198048e+01 
 2.23872114e+06  9.88331323e+00 -3.78658565e+01 
 2.30409298e+06  9.79661368e+00 -3.86174665e+01 
 2.37137371e+06  9.70771277e+00 -3.93744820e+01 
 2.44061907e+06  9.61663089e+00 -4.01367746e+01 
 2.51188643e+06  9.52339100e+00 -4.09042427e+01 
 2.58523484e+06  9.42801825e+00 -4.16768137e+01 
 2.66072506e+06  9.33053955e+00 -4.24544455e+01 
 2.73841963e+06  9.23098312e+00 -4.32371286e+01 
 2.81838293e+06  9.12937794e+00 -4.40248864e+01 
 2.90068120e+06  9.02575330e+00 -4.48177768e+01 
 2.98538262e+06  8.92013818e+00 -4.56158922e+01 
 3.07255737e+06  8.81256079e+00 -4.64193593e+01 
 3.16227766e+06  8.70304793e+00 -4.72283393e+01 
 3.25461783e+06  8.59162452e+00 -4.80430265e+01 
 3.34965439e+06  8.47831302e+00 -4.88636471e+01 
 3.44746607e+06  8.36313296e+00 -4.96904580e+01 
 3.54813389e+06  8.24610043e+00 -5.05237442e+01 
 3.65174127e+06  8.12722766e+00 -5.13638167e+01 
 3.75837404e+06  8.00652260e+00 -5.22110097e+01 
 3.86812055e+06  7.88398859e+00 -5.30656776e+01 
 3.98107171e+06  7.75962408e+00 -5.39281918e+01 
 4.09732110e+06  7.63342237e+00 -5.47989368e+01 
 4.21696503e+06  7.50537146e+00 -5.56783074e+01 
 4.34010264e+06  7.37545393e+00 -5.65667042e+01 
 4.46683592e+06  7.24364692e+00 -5.74645303e+01 
 4.59726989e+06  7.10992216e+00 -5.83721874e+01 
 4.73151259e+06  6.97424603e+00 -5.92900723e+01 
 4.86967525e+06  6.83657978e+00 -6.02185732e+01 
 5.01187234e+06  6.69687967e+00 -6.11580665e+01 
 5.15822165e+06  6.55509732e+00 -6.21089137e+01 
 5.30884444e+06  6.41117995e+00 -6.30714584e+01 
 5.46386550e+06  6.26507082e+00 -6.40460240e+01 
 5.62341325e+06  6.11670958e+00 -6.50329112e+01 
 5.78761988e+06  5.96603270e+00 -6.60323963e+01 
 5.95662144e+06  5.81297396e+00 -6.70447300e+01 
 6.13055792e+06  5.65746487e+00 -6.80701357e+01 
 6.30957344e+06  5.49943519e+00 -6.91088094e+01 
 6.49381632e+06  5.33881333e+00 -7.01609191e+01 
 6.68343918e+06  5.17552687e+00 -7.12266048e+01 
 6.87859912e+06  5.00950299e+00 -7.23059792e+01 
 7.07945784e+06  4.84066886e+00 -7.33991280e+01 
 7.28618175e+06  4.66895207e+00 -7.45061113e+01 
 7.49894209e+06  4.49428096e+00 -7.56269649e+01 
 7.71791516e+06  4.31658496e+00 -7.67617012e+01 
 7.94328235e+06  4.13579484e+00 -7.79103118e+01 
 8.17523038e+06  3.95184300e+00 -7.90727687e+01 
 8.41395142e+06  3.76466361e+00 -8.02490265e+01 
 8.65964323e+06  3.57419276e+00 -8.14390243e+01 
 8.91250938e+06  3.38036861e+00 -8.26426876e+01 
 9.17275935e+06  3.18313139e+00 -8.38599306e+01 
 9.44060876e+06  2.98242346e+00 -8.50906577e+01 
 9.71627952e+06  2.77818929e+00 -8.63347657e+01 
 1.00000000e+07  2.57037537e+00 -8.75921451e+01 
 1.02920053e+07  2.35893018e+00 -8.88626820e+01 
 1.05925373e+07  2.14380404e+00 -9.01462591e+01 
 1.09018449e+07  1.92494902e+00 -9.14427572e+01 
 1.12201845e+07  1.70231875e+00 -9.27520557e+01 
 1.15478198e+07  1.47586833e+00 -9.40740338e+01 
 1.18850223e+07  1.24555409e+00 -9.54085705e+01 
 1.22320712e+07  1.01133351e+00 -9.67555455e+01 
 1.25892541e+07  7.73165020e-01 -9.81148387e+01 
 1.29568670e+07  5.31007864e-01 -9.94863306e+01 
 1.33352143e+07  2.84821977e-01 -1.00869901e+02 
 1.37246096e+07  3.45678600e-02 -1.02265431e+02 
 1.41253754e+07 -2.19793504e-01 -1.03672800e+02 
 1.45378439e+07 -4.78300727e-01 -1.05091883e+02 
 1.49623566e+07 -7.40992057e-01 -1.06522557e+02 
 1.53992653e+07 -1.00790540e+00 -1.07964693e+02 
 1.58489319e+07 -1.27907830e+00 -1.09418158e+02 
 1.63117291e+07 -1.55454793e+00 -1.10882815e+02 
 1.67880402e+07 -1.83435096e+00 -1.12358518e+02 
 1.72782598e+07 -2.11852354e+00 -1.13845118e+02 
 1.77827941e+07 -2.40710113e+00 -1.15342456e+02 
 1.83020611e+07 -2.70011835e+00 -1.16850364e+02 
 1.88364909e+07 -2.99760884e+00 -1.18368666e+02 
 1.93865264e+07 -3.29960505e+00 -1.19897178e+02 
 1.99526231e+07 -3.60613803e+00 -1.21435705e+02 
 2.05352503e+07 -3.91723725e+00 -1.22984041e+02 
 2.11348904e+07 -4.23293029e+00 -1.24541974e+02 
 2.17520403e+07 -4.55324272e+00 -1.26109278e+02 
 2.23872114e+07 -4.87819775e+00 -1.27685724e+02 
 2.30409298e+07 -5.20781610e+00 -1.29271069e+02 
 2.37137371e+07 -5.54211569e+00 -1.30865068e+02 
 2.44061907e+07 -5.88111149e+00 -1.32467467e+02 
 2.51188643e+07 -6.22481532e+00 -1.34078009e+02 
 2.58523484e+07 -6.57323564e+00 -1.35696432e+02 
 2.66072506e+07 -6.92637740e+00 -1.37322474e+02 
 2.73841963e+07 -7.28424198e+00 -1.38955872e+02 
 2.81838293e+07 -7.64682702e+00 -1.40596366e+02 
 2.90068120e+07 -8.01412636e+00 -1.42243699e+02 
 2.98538262e+07 -8.38613008e+00 -1.43897621e+02 
 3.07255737e+07 -8.76282440e+00 -1.45557888e+02 
 3.16227766e+07 -9.14419181e+00 -1.47224267e+02 
 3.25461783e+07 -9.53021107e+00 -1.48896537e+02 
 3.34965439e+07 -9.92085735e+00 -1.50574488e+02 
 3.44746607e+07 -1.03161024e+01 -1.52257929e+02 
 3.54813389e+07 -1.07159146e+01 -1.53946684e+02 
 3.65174127e+07 -1.11202592e+01 -1.55640593e+02 
 3.75837404e+07 -1.15290987e+01 -1.57339520e+02 
 3.86812055e+07 -1.19423929e+01 -1.59043346e+02 
 3.98107171e+07 -1.23600991e+01 -1.60751975e+02 
 4.09732110e+07 -1.27821725e+01 -1.62465333e+02 
 4.21696503e+07 -1.32085667e+01 -1.64183368e+02 
 4.34010264e+07 -1.36392333e+01 -1.65906051e+02 
 4.46683592e+07 -1.40741230e+01 -1.67633374e+02 
 4.59726989e+07 -1.45131854e+01 -1.69365352e+02 
 4.73151259e+07 -1.49563691e+01 -1.71102021e+02 
 4.86967525e+07 -1.54036226e+01 -1.72843438e+02 
 5.01187234e+07 -1.58548940e+01 -1.74589676e+02 
 5.15822165e+07 -1.63101315e+01 -1.76340830e+02 
 5.30884444e+07 -1.67692832e+01 -1.78097009e+02 
 5.46386550e+07 -1.72322979e+01 -1.79858335e+02 
 5.62341325e+07 -1.76991249e+01 -1.81624943e+02 
 5.78761988e+07 -1.81697139e+01 -1.83396979e+02 
 5.95662144e+07 -1.86440156e+01 -1.85174596e+02 
 6.13055792e+07 -1.91219814e+01 -1.86957952e+02 
 6.30957344e+07 -1.96035633e+01 -1.88747207e+02 
 6.49381632e+07 -2.00887145e+01 -1.90542521e+02 
 6.68343918e+07 -2.05773884e+01 -1.92344053e+02 
 6.87859912e+07 -2.10695396e+01 -1.94151954e+02 
 7.07945784e+07 -2.15651228e+01 -1.95966369e+02 
 7.28618175e+07 -2.20640932e+01 -1.97787429e+02 
 7.49894209e+07 -2.25664062e+01 -1.99615254e+02 
 7.71791516e+07 -2.30720172e+01 -2.01449946e+02 
 7.94328235e+07 -2.35808812e+01 -2.03291589e+02 
 8.17523038e+07 -2.40929526e+01 -2.05140245e+02 
 8.41395142e+07 -2.46081852e+01 -2.06995952e+02 
 8.65964323e+07 -2.51265314e+01 -2.08858722e+02 
 8.91250938e+07 -2.56479421e+01 -2.10728540e+02 
 9.17275935e+07 -2.61723664e+01 -2.12605360e+02 
 9.44060876e+07 -2.66997514e+01 -2.14489106e+02 
 9.71627952e+07 -2.72300415e+01 -2.16379667e+02 
 1.00000000e+08 -2.77631784e+01 -2.18276901e+02 
 1.02920053e+08 -2.82991003e+01 -2.20180627e+02 
 1.05925373e+08 -2.88377424e+01 -2.22090632e+02 
 1.09018449e+08 -2.93790358e+01 -2.24006665e+02 
 1.12201845e+08 -2.99229076e+01 -2.25928439e+02 
 1.15478198e+08 -3.04692807e+01 -2.27855629e+02 
 1.18850223e+08 -3.10180735e+01 -2.29787876e+02 
 1.22320712e+08 -3.15691999e+01 -2.31724783e+02 
 1.25892541e+08 -3.21225688e+01 -2.33665922e+02 
 1.29568670e+08 -3.26780846e+01 -2.35610825e+02 
 1.33352143e+08 -3.32356468e+01 -2.37558996e+02 
 1.37246096e+08 -3.37951502e+01 -2.39509905e+02 
 1.41253754e+08 -3.43564847e+01 -2.41462992e+02 
 1.45378439e+08 -3.49195361e+01 -2.43417668e+02 
 1.49623566e+08 -3.54841857e+01 -2.45373318e+02 
 1.53992653e+08 -3.60503109e+01 -2.47329302e+02 
 1.58489319e+08 -3.66177853e+01 -2.49284957e+02 
 1.63117291e+08 -3.71864795e+01 -2.51239599e+02 
 1.67880402e+08 -3.77562608e+01 -2.53192527e+02 
 1.72782598e+08 -3.83269946e+01 -2.55143022e+02 
 1.77827941e+08 -3.88985442e+01 -2.57090352e+02 
 1.83020611e+08 -3.94707715e+01 -2.59033773e+02 
 1.88364909e+08 -4.00435377e+01 -2.60972535e+02 
 1.93865264e+08 -4.06167040e+01 -2.62905877e+02 
 1.99526231e+08 -4.11901319e+01 -2.64833039e+02 
 2.05352503e+08 -4.17636840e+01 -2.66753255e+02 
 2.11348904e+08 -4.23372244e+01 -2.68665764e+02 
 2.17520403e+08 -4.29106199e+01 -2.70569808e+02 
 2.23872114e+08 -4.34837398e+01 -2.72464634e+02 
 2.30409298e+08 -4.40564569e+01 -2.74349499e+02 
 2.37137371e+08 -4.46286480e+01 -2.76223672e+02 
 2.44061907e+08 -4.52001946e+01 -2.78086436e+02 
 2.51188643e+08 -4.57709827e+01 -2.79937090e+02 
 2.58523484e+08 -4.63409040e+01 -2.81774952e+02 
 2.66072506e+08 -4.69098559e+01 -2.83599362e+02 
 2.73841963e+08 -4.74777415e+01 -2.85409683e+02 
 2.81838293e+08 -4.80444707e+01 -2.87205304e+02 
 2.90068120e+08 -4.86099595e+01 -2.88985643e+02 
 2.98538262e+08 -4.91741307e+01 -2.90750146e+02 
 3.07255737e+08 -4.97369139e+01 -2.92498292e+02 
 3.16227766e+08 -5.02982455e+01 -2.94229594e+02 
 3.25461783e+08 -5.08580686e+01 -2.95943600e+02 
 3.34965439e+08 -5.14163329e+01 -2.97639892e+02 
 3.44746607e+08 -5.19729948e+01 -2.99318094e+02 
 3.54813389e+08 -5.25280172e+01 -3.00977865e+02 
 3.65174127e+08 -5.30813690e+01 -3.02618906e+02 
 3.75837404e+08 -5.36330254e+01 -3.04240957e+02 
 3.86812055e+08 -5.41829669e+01 -3.05843798e+02 
 3.98107171e+08 -5.47311798e+01 -3.07427253e+02 
 4.09732110e+08 -5.52776552e+01 -3.08991183e+02 
 4.21696503e+08 -5.58223890e+01 -3.10535493e+02 
 4.34010264e+08 -5.63653816e+01 -3.12060127e+02 
 4.46683592e+08 -5.69066373e+01 -3.13565070e+02 
 4.59726989e+08 -5.74461641e+01 -3.15050346e+02 
 4.73151259e+08 -5.79839732e+01 -3.16516017e+02 
 4.86967525e+08 -5.85200786e+01 -3.17962184e+02 
 5.01187234e+08 -5.90544971e+01 -3.19388984e+02 
 5.15822165e+08 -5.95872473e+01 -3.20796590e+02 
 5.30884444e+08 -6.01183497e+01 -3.22185209e+02 
 5.46386550e+08 -6.06478265e+01 -3.23555079e+02 
 5.62341325e+08 -6.11757006e+01 -3.24906472e+02 
 5.78761988e+08 -6.17019959e+01 -3.26239690e+02 
 5.95662144e+08 -6.22267368e+01 -3.27555062e+02 
 6.13055792e+08 -6.27499478e+01 -3.28852943e+02 
 6.30957344e+08 -6.32716532e+01 -3.30133715e+02 
 6.49381632e+08 -6.37918773e+01 -3.31397783e+02 
 6.68343918e+08 -6.43106436e+01 -3.32645574e+02 
 6.87859912e+08 -6.48279747e+01 -3.33877535e+02 
 7.07945784e+08 -6.53438924e+01 -3.35094133e+02 
 7.28618175e+08 -6.58584172e+01 -3.36295850e+02 
 7.49894209e+08 -6.63715681e+01 -3.37483186e+02 
 7.71791516e+08 -6.68833628e+01 -3.38656653e+02 
 7.94328235e+08 -6.73938170e+01 -3.39816777e+02 
 8.17523038e+08 -6.79029447e+01 -3.40964096e+02 
 8.41395142e+08 -6.84107581e+01 -3.42099155e+02 
 8.65964323e+08 -6.89172670e+01 -3.43222509e+02 
 8.91250938e+08 -6.94224792e+01 -3.44334721e+02 
 9.17275935e+08 -6.99264001e+01 -3.45436359e+02 
 9.44060876e+08 -7.04290328e+01 -3.46527993e+02 
 9.71627952e+08 -7.09303780e+01 -3.47610200e+02 
 1.00000000e+09 -7.14304338e+01 -3.48683556e+02 
