 frequency              onoise_spectrum        inoise_spectrum       
 1.000000000000000e+00  4.910879858720847e-05  3.077695786147893e-06 
 1.019373485938873e+00  4.869725186844638e-05  3.051903756235227e-06 
 1.039122303835169e+00  4.828919496575946e-05  3.026330436462988e-06 
 1.059253725177289e+00  4.788459788710957e-05  3.000973947201024e-06 
 1.079775162327710e+00  4.748343090210990e-05  2.975832425217398e-06 
 1.100694171252210e+00  4.708566453971314e-05  2.950904023533198e-06 
 1.122018454301964e+00  4.669126958590842e-05  2.926186911277959e-06 
 1.143755863049539e+00  4.630021708143854e-05  2.901679273547289e-06 
 1.165914401179832e+00  4.591247831956540e-05  2.877379311262157e-06 
 1.188502227437019e+00  4.552802484379852e-05  2.853285241026836e-06 
 1.211527658628589e+00  4.514682844571522e-05  2.829395294992282e-06 
 1.234999172687586e+00  4.476886116273975e-05  2.805707720716876e-06 
 1.258925411794168e+00  4.439409527598085e-05  2.782220781031023e-06 
 1.283315185557652e+00  4.402250330806355e-05  2.758932753901140e-06 
 1.308177474260195e+00  4.365405802100427e-05  2.735841932296367e-06 
 1.333521432163325e+00  4.328873241408450e-05  2.712946624055663e-06 
 1.359356390878527e+00  4.292649972175055e-05  2.690245151756048e-06 
 1.385691862803129e+00  4.256733341153807e-05  2.667735852582288e-06 
 1.412537544622755e+00  4.221120718200610e-05  2.645417078197880e-06 
 1.439903320881634e+00  4.185809496070305e-05  2.623287194616984e-06 
 1.467799267622071e+00  4.150797090212979e-05  2.601344582077193e-06 
 1.496235656094435e+00  4.116080938573983e-05  2.579587634914220e-06 
 1.525222956539020e+00  4.081658501394877e-05  2.558014761436975e-06 
 1.554771842041175e+00  4.047527261016670e-05  2.536624383804221e-06 
 1.584893192461115e+00  4.013684721684083e-05  2.515414937902087e-06 
 1.615598098439875e+00  3.980128409352704e-05  2.494384873222944e-06 
 1.646897865482870e+00  3.946855871496043e-05  2.473532652744946e-06 
 1.678804018122562e+00  3.913864676916372e-05  2.452856752812977e-06 
 1.711328304161782e+00  3.881152415556377e-05  2.432355663020859e-06 
 1.744482698999256e+00  3.848716698312170e-05  2.412027886094060e-06 
 1.778279410038925e+00  3.816555156847779e-05  2.391871937773716e-06 
 1.812730881184701e+00  3.784665443412700e-05  2.371886346701830e-06 
 1.847849797422293e+00  3.753045230659829e-05  2.352069654307520e-06 
 1.883649089489803e+00  3.721692211465220e-05  2.332420414693987e-06 
 1.920141938638804e+00  3.690604098749777e-05  2.312937194526789e-06 
 1.957341781487663e+00  3.659778625302561e-05  2.293618572922685e-06 
 1.995262314968882e+00  3.629213543605106e-05  2.274463141340465e-06 
 2.033917501372295e+00  3.598906625657553e-05  2.255469503471042e-06 
 2.073321573485958e+00  3.568855662807887e-05  2.236636275130699e-06 
 2.113489039836649e+00  3.539058465579310e-05  2.217962084153490e-06 
 2.154434690031886e+00  3.509512863502698e-05  2.199445570285271e-06 
 2.196173600205439e+00  3.480216704948331e-05  2.181085385079073e-06 
 2.238721138568343e+00  3.451167856960310e-05  2.162880191790687e-06 
 2.282092971067454e+00  3.422364205090777e-05  2.144828665275411e-06 
 2.326305067153629e+00  3.393803653238976e-05  2.126929491886530e-06 
 2.371373705661659e+00  3.365484123487055e-05  2.109181369373109e-06 
 2.417315480804108e+00  3.337403555942285e-05  2.091583006780233e-06 
 2.464147308281285e+00  3.309559908576353e-05  2.074133124349264e-06 
 2.511886431509584e+00  3.281951157069233e-05  2.056830453419184e-06 
 2.560550427970480e+00  3.254575294652852e-05  2.039673736329073e-06 
 2.610157215682541e+00  3.227430331956193e-05  2.022661726321034e-06 
 2.660725059798814e+00  3.200514296852991e-05  2.005793187444422e-06 
 2.712272579332033e+00  3.173825234309197e-05  1.989066894460533e-06 
 2.764818754010113e+00  3.147361206232709e-05  1.972481632748484e-06 
 2.818382931264459e+00  3.121120291324532e-05  1.956036198211517e-06 
 2.872984833353670e+00  3.095100584931060e-05  1.939729397184846e-06 
 2.928644564625242e+00  3.069300198897157e-05  1.923560046343489e-06 
 2.985382618917966e+00  3.043717261421420e-05  1.907526972611390e-06 
 3.043219887107728e+00  3.018349916912523e-05  1.891629013071623e-06 
 3.102177664799508e+00  2.993196325846236e-05  1.875865014876558e-06 
 3.162277660168387e+00  2.968254664624092e-05  1.860233835159537e-06 
 3.223542001952470e+00  2.943523125434502e-05  1.844734340947414e-06 
 3.285993247600662e+00  2.918999916112394e-05  1.829365409073280e-06 
 3.349654391578285e+00  2.894683260002782e-05  1.814125926090116e-06 
 3.414548873833610e+00  2.870571395824037e-05  1.799014788185775e-06 
 3.480700588428419e+00  2.846662577532980e-05  1.784030901098316e-06 
 3.548133892335763e+00  2.822955074191222e-05  1.769173180031819e-06 
 3.616873614408168e+00  2.799447169832198e-05  1.754440549573384e-06 
 3.686945064519584e+00  2.776137163329570e-05  1.739831943610812e-06 
 3.758374042884451e+00  2.753023368267092e-05  1.725346305250903e-06 
 3.831186849557297e+00  2.730104112809769e-05  1.710982586738344e-06 
 3.905410294116390e+00  2.707377739575490e-05  1.696739749375892e-06 
 3.981071705534982e+00  2.684842605507959e-05  1.682616763444254e-06 
 4.058198942243808e+00  2.662497081751576e-05  1.668612608123976e-06 
 4.136820402388517e+00  2.640339553526623e-05  1.654726271416975e-06 
 4.216965034285833e+00  2.618368420005484e-05  1.640956750069107e-06 
 4.298662347082288e+00  2.596582094190328e-05  1.627303049493624e-06 
 4.381942421619448e+00  2.574979002792241e-05  1.613764183695134e-06 
 4.466835921509642e+00  2.553557586110803e-05  1.600339175194262e-06 
 4.553374104426261e+00  2.532316297914553e-05  1.587027054952947e-06 
 4.641588833612791e+00  2.511253605323272e-05  1.573826862300376e-06 
 4.731512589614817e+00  2.490367988691015e-05  1.560737644859693e-06 
 4.823178482239319e+00  2.469657941490099e-05  1.547758458475419e-06 
 4.916620262745656e+00  2.449121970195558e-05  1.534888367141311e-06 
 5.011872336272736e+00  2.428758594172609e-05  1.522126442928926e-06 
 5.108969774506941e+00  2.408566345561787e-05  1.509471765916819e-06 
 5.207948328595478e+00  2.388543769169037e-05  1.496923424120663e-06 
 5.308844442309899e+00  2.368689422353072e-05  1.484480513423387e-06 
 5.411695265464652e+00  2.349001874916713e-05  1.472142137506618e-06 
 5.516538667595595e+00  2.329479708997244e-05  1.459907407781997e-06 
 5.623413251903506e+00  2.310121518958842e-05  1.447775443324119e-06 
 5.732358369467730e+00  2.290925911284952e-05  1.435745370802600e-06 
 5.843414133735193e+00  2.271891504473118e-05  1.423816324416640e-06 
 5.956621435290122e+00  2.253016928928848e-05  1.411987445828069e-06 
 6.072021956909904e+00  2.234300826862501e-05  1.400257884097044e-06 
 6.189658188912625e+00  2.215741852184945e-05  1.388626795616578e-06 
 6.309573444801952e+00  2.197338670406174e-05  1.377093344048835e-06 
 6.431811877215107e+00  2.179089958533133e-05  1.365656700261345e-06 
 6.556418494179809e+00  2.160994404969605e-05  1.354316042264078e-06 
 6.683439175686167e+00  2.143050709416402e-05  1.343070555147043e-06 
 6.812920690579634e+00  2.125257582772842e-05  1.331919431018318e-06 
 6.944910713781234e+00  2.107613747038379e-05  1.320861868942779e-06 
 7.079457843841402e+00  2.090117935216266e-05  1.309897074881220e-06 
 7.216611620833906e+00  2.072768891216937e-05  1.299024261630198e-06 
 7.356422544596438e+00  2.055565369762736e-05  1.288242648762152e-06 
 7.498942093324583e+00  2.038506136293613e-05  1.277551462566468e-06 
 7.644222742526028e+00  2.021589966873533e-05  1.266949935990664e-06 
 7.792317984341968e+00  2.004815648097615e-05  1.256437308582142e-06 
 7.943282347242842e+00  1.988181977000293e-05  1.246012826430733e-06 
 8.097171416105647e+00  1.971687760964068e-05  1.235675742111645e-06 
 8.254041852680212e+00  1.955331817629062e-05  1.225425314628438e-06 
 8.413951416451980e+00  1.939112974804034e-05  1.215260809357621e-06 
 8.576958985908970e+00  1.923030070376850e-05  1.205181497992321e-06 
 8.743124580220766e+00  1.907081952227047e-05  1.195186658487527e-06 
 8.912509381337486e+00  1.891267478138963e-05  1.185275575005501e-06 
 9.085175756516900e+00  1.875585515714168e-05  1.175447537861544e-06 
 9.261187281287969e+00  1.860034942287641e-05  1.165701843470363e-06 
 9.440608762859268e+00  1.844614644841152e-05  1.156037794292840e-06 
 9.623506263980921e+00  1.829323519920104e-05  1.146454698783275e-06 
 9.809947127268810e+00  1.814160473549952e-05  1.136951871337336e-06 
 1.000000000000004e+01  1.799124421153603e-05  1.127528632240055e-06 
 1.019373485938877e+01  1.784214287469534e-05  1.118184307614638e-06 
 1.039122303835173e+01  1.769429006470466e-05  1.108918229371597e-06 
 1.059253725177293e+01  1.754767521283129e-05  1.099729735158148e-06 
 1.079775162327714e+01  1.740228784108410e-05  1.090618168308551e-06 
 1.100694171252214e+01  1.725811756142138e-05  1.081582877794205e-06 
 1.122018454301968e+01  1.711515407497206e-05  1.072623218174907e-06 
 1.143755863049543e+01  1.697338717125525e-05  1.063738549550023e-06 
 1.165914401179836e+01  1.683280672741295e-05  1.054928237510168e-06 
 1.188502227437023e+01  1.669340270744498e-05  1.046191653089659e-06 
 1.211527658628593e+01  1.655516516145542e-05  1.037528172718903e-06 
 1.234999172687590e+01  1.641808422490437e-05  1.028937178177579e-06 
 1.258925411794172e+01  1.628215011786045e-05  1.020418056547988e-06 
 1.283315185557657e+01  1.614735314426806e-05  1.011970200169035e-06 
 1.308177474260200e+01  1.601368369121858e-05  1.003593006590473e-06 
 1.333521432163330e+01  1.588113222822522e-05  9.952858785274417e-07 
 1.359356390878532e+01  1.574968930650837e-05  9.870482238158142e-07 
 1.385691862803134e+01  1.561934555828284e-05  9.788794553674634e-07 
 1.412537544622761e+01  1.549009169605561e-05  9.707789911262422e-07 
 1.439903320881639e+01  1.536191851192553e-05  9.627462540241298e-07 
 1.467799267622076e+01  1.523481687689516e-05  9.547806719380638e-07 
 1.496235656094440e+01  1.510877774018295e-05  9.468816776467854e-07 
 1.525222956539026e+01  1.498379212854393e-05  9.390487087884175e-07 
 1.554771842041181e+01  1.485985114559539e-05  9.312812078181540e-07 
 1.584893192461121e+01  1.473694597115200e-05  9.235786219663095e-07 
 1.615598098439882e+01  1.461506786056074e-05  9.159404031971895e-07 
 1.646897865482876e+01  1.449420814404741e-05  9.083660081676269e-07 
 1.678804018122569e+01  1.437435822606626e-05  9.008548981864532e-07 
 1.711328304161789e+01  1.425550958465398e-05  8.934065391740540e-07 
 1.744482698999263e+01  1.413765377079259e-05  8.860204016223031e-07 
 1.778279410038932e+01  1.402078240777663e-05  8.786959605549660e-07 
 1.812730881184708e+01  1.390488719058512e-05  8.714326954884564e-07 
 1.847849797422300e+01  1.378995988525757e-05  8.642300903925249e-07 
 1.883649089489810e+01  1.367599232828387e-05  8.570876336520968e-07 
 1.920141938638811e+01  1.356297642598627e-05  8.500048180285786e-07 
 1.957341781487670e+01  1.345090415391828e-05  8.429811406221326e-07 
 1.995262314968890e+01  1.333976755626243e-05  8.360161028340540e-07 
 2.033917501372302e+01  1.322955874523508e-05  8.291092103293285e-07 
 2.073321573485966e+01  1.312026990049832e-05  8.222599729998592e-07 
 2.113489039836658e+01  1.301189326857421e-05  8.154679049277187e-07 
 2.154434690031895e+01  1.290442116226576e-05  8.087325243488592e-07 
 2.196173600205448e+01  1.279784596008519e-05  8.020533536172605e-07 
 2.238721138568352e+01  1.269216010567939e-05  7.954299191689699e-07 
 2.282092971067463e+01  1.258735610726871e-05  7.888617514870778e-07 
 2.326305067153639e+01  1.248342653709061e-05  7.823483850663592e-07 
 2.371373705661668e+01  1.238036403083945e-05  7.758893583788662e-07 
 2.417315480804117e+01  1.227816128712255e-05  7.694842138391372e-07 
 2.464147308281295e+01  1.217681106691202e-05  7.631324977703934e-07 
 2.511886431509594e+01  1.207630619300705e-05  7.568337603705326e-07 
 2.560550427970491e+01  1.197663954949608e-05  7.505875556785864e-07 
 2.610157215682552e+01  1.187780408123262e-05  7.443934415415855e-07 
 2.660725059798825e+01  1.177979279330230e-05  7.382509795816116e-07 
 2.712272579332044e+01  1.168259875050575e-05  7.321597351630317e-07 
 2.764818754010124e+01  1.158621507684128e-05  7.261192773602157e-07 
 2.818382931264470e+01  1.149063495499574e-05  7.201291789254977e-07 
 2.872984833353682e+01  1.139585162583136e-05  7.141890162573251e-07 
 2.928644564625254e+01  1.130185838788778e-05  7.082983693686280e-07 
 2.985382618917978e+01  1.120864859688284e-05  7.024568218558920e-07 
 3.043219887107740e+01  1.111621566521547e-05  6.966639608677910e-07 
 3.102177664799520e+01  1.102455306148041e-05  6.909193770749071e-07 
 3.162277660168399e+01  1.093365430997744e-05  6.852226646388554e-07 
 3.223542001952483e+01  1.084351299023581e-05  6.795734211825541e-07 
 3.285993247600675e+01  1.075412273653388e-05  6.739712477600435e-07 
 3.349654391578298e+01  1.066547723742506e-05  6.684157488270561e-07 
 3.414548873833623e+01  1.057757023527539e-05  6.629065322114525e-07 
 3.480700588428433e+01  1.049039552578985e-05  6.574432090842302e-07 
 3.548133892335778e+01  1.040394695756056e-05  6.520253939306983e-07 
 3.616873614408183e+01  1.031821843160505e-05  6.466527045217469e-07 
 3.686945064519600e+01  1.023320390091603e-05  6.413247618856489e-07 
 3.758374042884466e+01  1.014889737001186e-05  6.360411902798347e-07 
 3.831186849557313e+01  1.006529289449455e-05  6.308016171630363e-07 
 3.905410294116406e+01  9.982384580605973e-06  6.256056731678898e-07 
 3.981071705534999e+01  9.900166584792588e-06  6.204529920731868e-07 
 4.058198942243826e+01  9.818633113272647e-06  6.153432107771463e-07 
 4.136820402388535e+01  9.737778421606353e-06  6.102759692702103e-07 
 4.216965034285851e+01  9.657596814273914e-06  6.052509106085801e-07 
 4.298662347082306e+01  9.578082644247303e-06  6.002676808876932e-07 
 4.381942421619467e+01  9.499230312580686e-06  5.953259292161443e-07 
 4.466835921509661e+01  9.421034267987490e-06  5.904253076895733e-07 
 4.553374104426280e+01  9.343489006437756e-06  5.855654713650645e-07 
 4.641588833612811e+01  9.266589070746150e-06  5.807460782355671e-07 
 4.731512589614837e+01  9.190329050169375e-06  5.759667892046458e-07 
 4.823178482239340e+01  9.114703580008395e-06  5.712272680614812e-07 
 4.916620262745678e+01  9.039707341208602e-06  5.665271814557854e-07 
 5.011872336272758e+01  8.965335059971196e-06  5.618661988735460e-07 
 5.108969774506964e+01  8.891581507359792e-06  5.572439926122970e-07 
 5.207948328595500e+01  8.818441498916120e-06  5.526602377570643e-07 
 5.308844442309921e+01  8.745909894278256e-06  5.481146121564375e-07 
 5.411695265464675e+01  8.673981596798581e-06  5.436067963986681e-07 
 5.516538667595619e+01  8.602651553171188e-06  5.391364737882044e-07 
 5.623413251903531e+01  8.531914753056575e-06  5.347033303222451e-07 
 5.732358369467754e+01  8.461766228712331e-06  5.303070546676766e-07 
 5.843414133735218e+01  8.392201054629116e-06  5.259473381381286e-07 
 5.956621435290148e+01  8.323214347165959e-06  5.216238746710300e-07 
 6.072021956909929e+01  8.254801264189297e-06  5.173363608053898e-07 
 6.189658188912651e+01  8.186957004719636e-06  5.130844956591185e-07 
 6.309573444801979e+01  8.119676808574149e-06  5.088679809070855e-07 
 6.431811877215135e+01  8.052955956019475e-06  5.046865207590349e-07 
 6.556418494179837e+01  7.986789767422387e-06  5.005398219379640e-07 
 6.683439175686196e+01  7.921173602905722e-06  4.964275936582655e-07 
 6.812920690579664e+01  7.856102862007156e-06  4.923495476046344e-07 
 6.944910713781265e+01  7.791572983341936e-06  4.883053979106924e-07 
 7.079457843841433e+01  7.727579444265514e-06  4.842948611380161e-07 
 7.216611620833937e+01  7.664117760542696e-06  4.803176562553111e-07 
 7.356422544596469e+01  7.601183486017204e-06  4.763735046176953e-07 
 7.498942093324617e+01  7.538772212283754e-06  4.724621299462782e-07 
 7.644222742526063e+01  7.476879568367390e-06  4.685832583078887e-07 
 7.792317984342003e+01  7.415501220400476e-06  4.647366180949314e-07 
 7.943282347242878e+01  7.354632871304007e-06  4.609219400053318e-07 
 8.097171416105684e+01  7.294270260473847e-06  4.571389570230254e-07 
 8.254041852680250e+01  7.234409163465692e-06  4.533874043980832e-07 
 8.413951416452018e+01  7.175045391688544e-06  4.496670196274736e-07 
 8.576958985909010e+01  7.116174792092693e-06  4.459775424357351e-07 
 8.743124580220807e+01  7.057793246871116e-06  4.423187147559119e-07 
 8.912509381337527e+01  6.999896673150850e-06  4.386902807105934e-07 
 9.085175756516942e+01  6.942481022700678e-06  4.350919865931849e-07 
 9.261187281288011e+01  6.885542281629067e-06  4.315235808493947e-07 
 9.440608762859311e+01  6.829076470092802e-06  4.279848140586493e-07 
 9.623506263980966e+01  6.773079642003281e-06  4.244754389159401e-07 
 9.809947127268855e+01  6.717547884741890e-06  4.209952102136243e-07 
 1.000000000000008e+02  6.662477318868169e-06  4.175438848236459e-07 
 1.019373485938881e+02  6.607864097838872e-06  4.141212216794934e-07 
 1.039122303835178e+02  6.553704407727640e-06  4.107269817587513e-07 
 1.059253725177298e+02  6.499994466942719e-06  4.073609280655999e-07 
 1.079775162327719e+02  6.446730525952487e-06  4.040228256133366e-07 
 1.100694171252219e+02  6.393908867010523e-06  4.007124414073507e-07 
 1.122018454301973e+02  6.341525803885459e-06  3.974295444280261e-07 
 1.143755863049548e+02  6.289577681588885e-06  3.941739056138538e-07 
 1.165914401179842e+02  6.238060876109972e-06  3.909452978446924e-07 
 1.188502227437029e+02  6.186971794151207e-06  3.877434959252379e-07 
 1.211527658628599e+02  6.136306872863908e-06  3.845682765684610e-07 
 1.234999172687595e+02  6.086062579590362e-06  3.814194183794103e-07 
 1.258925411794178e+02  6.036235411604121e-06  3.782967018389919e-07 
 1.283315185557662e+02  5.986821895856477e-06  3.751999092879995e-07 
 1.308177474260206e+02  5.937818588720033e-06  3.721288249111352e-07 
 1.333521432163336e+02  5.889222075740313e-06  3.690832347213767e-07 
 1.359356390878538e+02  5.841028971385635e-06  3.660629265443416e-07 
 1.385691862803140e+02  5.793235918799037e-06  3.630676900027621e-07 
 1.412537544622767e+02  5.745839589556883e-06  3.600973165012064e-07 
 1.439903320881646e+02  5.698836683422689e-06  3.571515992108529e-07 
 1.467799267622083e+02  5.652223928107653e-06  3.542303330543891e-07 
 1.496235656094447e+02  5.605998079034255e-06  3.513333146912030e-07 
 1.525222956539033e+02  5.560155919097587e-06  3.484603425023838e-07 
 1.554771842041188e+02  5.514694258432470e-06  3.456112165761686e-07 
 1.584893192461128e+02  5.469609934180481e-06  3.427857386933796e-07 
 1.615598098439889e+02  5.424899810259506e-06  3.399837123129344e-07 
 1.646897865482883e+02  5.380560777137652e-06  3.372049425576096e-07 
 1.678804018122576e+02  5.336589751603016e-06  3.344492361998421e-07 
 1.711328304161796e+02  5.292983676544517e-06  3.317164016476651e-07 
 1.744482698999270e+02  5.249739520725507e-06  3.290062489308054e-07 
 1.778279410038939e+02  5.206854278564980e-06  3.263185896868275e-07 
 1.812730881184716e+02  5.164324969918846e-06  3.236532371474737e-07 
 1.847849797422308e+02  5.122148639863977e-06  3.210100061250981e-07 
 1.883649089489818e+02  5.080322358483515e-06  3.183887129991970e-07 
 1.920141938638820e+02  5.038843220652195e-06  3.157891757030777e-07 
 1.957341781487679e+02  4.997708345828272e-06  3.132112137106472e-07 
 1.995262314968899e+02  4.956914877842265e-06  3.106546480232775e-07 
 2.033917501372311e+02  4.916459984690387e-06  3.081193011568267e-07 
 2.073321573485975e+02  4.876340858328764e-06  3.056049971288085e-07 
 2.113489039836667e+02  4.836554714469559e-06  3.031115614455073e-07 
 2.154434690031904e+02  4.797098792381151e-06  3.006388210894797e-07 
 2.196173600205457e+02  4.757970354683282e-06  2.981866045068384e-07 
 2.238721138568361e+02  4.719166687153518e-06  2.957547415949252e-07 
 2.282092971067473e+02  4.680685098527984e-06  2.933430636899671e-07 
 2.326305067153649e+02  4.642522920305418e-06  2.909514035548169e-07 
 2.371373705661678e+02  4.604677506556550e-06  2.885795953668455e-07 
 2.417315480804128e+02  4.567146233730270e-06  2.862274747059509e-07 
 2.464147308281306e+02  4.529926500463665e-06  2.838948785426368e-07 
 2.511886431509605e+02  4.493015727395497e-06  2.815816452261726e-07 
 2.560550427970502e+02  4.456411356977229e-06  2.792876144729553e-07 
 2.610157215682563e+02  4.420110853288702e-06  2.770126273548497e-07 
 2.660725059798837e+02  4.384111701855200e-06  2.747565262877440e-07 
 2.712272579332056e+02  4.348411409465447e-06  2.725191550200582e-07 
 2.764818754010136e+02  4.313007503989573e-06  2.703003586215724e-07 
 2.818382931264483e+02  4.277897534201770e-06  2.680999834720324e-07 
 2.872984833353694e+02  4.243079069604239e-06  2.659178772502500e-07 
 2.928644564625267e+02  4.208549700248199e-06  2.637538889229745e-07 
 2.985382618917990e+02  4.174307036562853e-06  2.616078687339519e-07 
 3.043219887107753e+02  4.140348709180275e-06  2.594796681931875e-07 
 3.102177664799533e+02  4.106672368766053e-06  2.573691400661521e-07 
 3.162277660168412e+02  4.073275685848214e-06  2.552761383631622e-07 
 3.223542001952496e+02  4.040156350649613e-06  2.532005183288537e-07 
 3.285993247600689e+02  4.007312072921581e-06  2.511421364317117e-07 
 3.349654391578312e+02  3.974740581777191e-06  2.491008503536964e-07 
 3.414548873833638e+02  3.942439625528522e-06  2.470765189799656e-07 
 3.480700588428447e+02  3.910406971523597e-06  2.450690023887781e-07 
 3.548133892335792e+02  3.878640405985682e-06  2.430781618412299e-07 
 3.616873614408197e+02  3.847137733852836e-06  2.411038597714019e-07 
 3.686945064519614e+02  3.815896778620265e-06  2.391459597763535e-07 
 3.758374042884482e+02  3.784915382182900e-06  2.372043266063049e-07 
 3.831186849557329e+02  3.754191404679753e-06  2.352788261548768e-07 
 3.905410294116422e+02  3.723722724340277e-06  2.333693254494351e-07 
 3.981071705535015e+02  3.693507237330631e-06  2.314756926415010e-07 
 4.058198942243842e+02  3.663542857602083e-06  2.295977969972476e-07 
 4.136820402388552e+02  3.633827516741244e-06  2.277355088880684e-07 
 4.216965034285868e+02  3.604359163820310e-06  2.258886997812317e-07 
 4.298662347082324e+02  3.575135765250476e-06  2.240572422306697e-07 
 4.381942421619485e+02  3.546155304633491e-06  2.222410098677440e-07 
 4.466835921509680e+02  3.517415782618856e-06  2.204398773921651e-07 
 4.553374104426299e+02  3.488915216757261e-06  2.186537205629694e-07 
 4.641588833612830e+02  3.460651641360035e-06  2.168824161895679e-07 
 4.731512589614857e+02  3.432623107356753e-06  2.151258421229022e-07 
 4.823178482239360e+02  3.404827682154778e-06  2.133838772466509e-07 
 4.916620262745698e+02  3.377263449499706e-06  2.116564014684557e-07 
 5.011872336272779e+02  3.349928509339437e-06  2.099432957113473e-07 
 5.108969774506985e+02  3.322820977685129e-06  2.082444419051625e-07 
 5.207948328595522e+02  3.295938986476687e-06  2.065597229780418e-07 
 5.308844442309944e+02  3.269280683448807e-06  2.048890228480042e-07 
 5.411695265464699e+02  3.242844231997466e-06  2.032322264145978e-07 
 5.516538667595644e+02  3.216627811046656e-06  2.015892195506599e-07 
 5.623413251903556e+02  3.190629614919773e-06  1.999598890940661e-07 
 5.732358369467780e+02  3.164847853207542e-06  1.983441228396119e-07 
 5.843414133735243e+02  3.139280750640729e-06  1.967418095309565e-07 
 5.956621435290174e+02  3.113926546961972e-06  1.951528388526105e-07 
 6.072021956909956e+02  3.088783496799046e-06  1.935771014220315e-07 
 6.189658188912678e+02  3.063849869540519e-06  1.920144887817428e-07 
 6.309573444802006e+02  3.039123949209341e-06  1.904648933915380e-07 
 6.431811877215163e+02  3.014604034341917e-06  1.889282086207739e-07 
 6.556418494179866e+02  2.990288437864524e-06  1.874043287407089e-07 
 6.683439175686225e+02  2.966175486971685e-06  1.858931489168944e-07 
 6.812920690579693e+02  2.942263523007396e-06  1.843945652016471e-07 
 6.944910713781295e+02  2.918550901344736e-06  1.829084745266014e-07 
 7.079457843841464e+02  2.895035991268457e-06  1.814347746952996e-07 
 7.216611620833969e+02  2.871717175857609e-06  1.799733643758274e-07 
 7.356422544596502e+02  2.848592851869037e-06  1.785241430935854e-07 
 7.498942093324649e+02  2.825661429623403e-06  1.770870112240308e-07 
 7.644222742526096e+02  2.802921332889524e-06  1.756618699855705e-07 
 7.792317984342036e+02  2.780370998772459e-06  1.742486214324258e-07 
 7.943282347242912e+02  2.758008877600405e-06  1.728471684476207e-07 
 8.097171416105718e+02  2.735833432814087e-06  1.714574147360231e-07 
 8.254041852680285e+02  2.713843140855768e-06  1.700792648174018e-07 
 8.413951416452054e+02  2.692036491060226e-06  1.687126240196148e-07 
 8.576958985909047e+02  2.670411985546676e-06  1.673573984717739e-07 
 8.743124580220845e+02  2.648968139110620e-06  1.660134950975292e-07 
 8.912509381337566e+02  2.627703479117011e-06  1.646808216083652e-07 
 9.085175756516981e+02  2.606616545395089e-06  1.633592864970440e-07 
 9.261187281288051e+02  2.585705890134157e-06  1.620487990309359e-07 
 9.440608762859353e+02  2.564970077777542e-06  1.607492692455969e-07 
 9.623506263981008e+02  2.544407684921496e-06  1.594606079382585e-07 
 9.809947127268898e+02  2.524017300212503e-06  1.581827266614403e-07 
 1.000000000000013e+03  2.503797524245257e-06  1.569155377166185e-07 
 1.019373485938886e+03  2.483746969462438e-06  1.556589541478977e-07 
 1.039122303835182e+03  2.463864260056152e-06  1.544128897357974e-07 
 1.059253725177302e+03  2.444148031867208e-06  1.531772589910581e-07 
 1.079775162327723e+03  2.424596932288584e-06  1.519519771484742e-07 
 1.100694171252224e+03  2.405209620167426e-06  1.507369601608557e-07 
 1.122018454301978e+03  2.385984765710026e-06  1.495321246929658e-07 
 1.143755863049553e+03  2.366921050384249e-06  1.483373881155175e-07 
 1.165914401179847e+03  2.348017166825829e-06  1.471526684993043e-07 
 1.188502227437034e+03  2.329271818745555e-06  1.459778846092397e-07 
 1.211527658628604e+03  2.310683720833814e-06  1.448129558985737e-07 
 1.234999172687601e+03  2.292251598669890e-06  1.436578025030832e-07 
 1.258925411794184e+03  2.273974188629321e-06  1.425123452353522e-07 
 1.283315185557668e+03  2.255850237794084e-06  1.413765055790534e-07 
 1.308177474260211e+03  2.237878503861910e-06  1.402502056833358e-07 
 1.333521432163342e+03  2.220057755055616e-06  1.391333683571969e-07 
 1.359356390878544e+03  2.202386770037563e-06  1.380259170639958e-07 
 1.385691862803146e+03  2.184864337818466e-06  1.369277759158510e-07 
 1.412537544622773e+03  2.167489257672407e-06  1.358388696682634e-07 
 1.439903320881652e+03  2.150260339049542e-06  1.347591237146905e-07 
 1.467799267622089e+03  2.133176401490190e-06  1.336884640811378e-07 
 1.496235656094454e+03  2.116236274540305e-06  1.326268174208873e-07 
 1.525222956539040e+03  2.099438797666819e-06  1.315741110091849e-07 
 1.554771842041195e+03  2.082782820173626e-06  1.305302727380084e-07 
 1.584893192461135e+03  2.066267201119795e-06  1.294952311108822e-07 
 1.615598098439896e+03  2.049890809235912e-06  1.284689152377273e-07 
 1.646897865482891e+03  2.033652522843187e-06  1.274512548297448e-07 
 1.678804018122584e+03  2.017551229771970e-06  1.264421801943485e-07 
 1.711328304161804e+03  2.001585827282315e-06  1.254416222301615e-07 
 1.744482698999278e+03  1.985755221983634e-06  1.244495124219991e-07 
 1.778279410038948e+03  1.970058329755704e-06  1.234657828359381e-07 
 1.812730881184724e+03  1.954494075670391e-06  1.224903661144310e-07 
 1.847849797422317e+03  1.939061393914002e-06  1.215231954714108e-07 
 1.883649089489827e+03  1.923759227709942e-06  1.205642046874905e-07 
 1.920141938638829e+03  1.908586529242458e-06  1.196133281051676e-07 
 1.957341781487688e+03  1.893542259580448e-06  1.186705006240737e-07 
 1.995262314968908e+03  1.878625388602436e-06  1.177356576962812e-07 
 2.033917501372321e+03  1.863834894921528e-06  1.168087353216031e-07 
 2.073321573485985e+03  1.849169765811816e-06  1.158896700429899e-07 
 2.113489039836677e+03  1.834628997134322e-06  1.149783989419233e-07 
 2.154434690031915e+03  1.820211593264020e-06  1.140748596338306e-07 
 2.196173600205468e+03  1.805916567018203e-06  1.131789902636139e-07 
 2.238721138568372e+03  1.791742939583944e-06  1.122907295011087e-07 
 2.282092971067484e+03  1.777689740446951e-06  1.114100165366533e-07 
 2.326305067153660e+03  1.763756007320934e-06  1.105367910766843e-07 
 2.371373705661690e+03  1.749940786077632e-06  1.096709933393323e-07 
 2.417315480804139e+03  1.736243130677298e-06  1.088125640500879e-07 
 2.464147308281318e+03  1.722662103098929e-06  1.079614444374690e-07 
 2.511886431509617e+03  1.709196773272612e-06  1.071175762287754e-07 
 2.560550427970514e+03  1.695846219010675e-06  1.062809016457978e-07 
 2.610157215682575e+03  1.682609525941121e-06  1.054513634006361e-07 
 2.660725059798849e+03  1.669485787439591e-06  1.046289046915129e-07 
 2.712272579332068e+03  1.656474104563812e-06  1.038134691986043e-07 
 2.764818754010148e+03  1.643573585986907e-06  1.030050010799494e-07 
 2.818382931264496e+03  1.630783347932481e-06  1.022034449673381e-07 
 2.872984833353707e+03  1.618102514109321e-06  1.014087459622801e-07 
 2.928644564625281e+03  1.605530215646580e-06  1.006208496319776e-07 
 2.985382618918004e+03  1.593065591030250e-06  9.983970200530451e-08 
 3.043219887107768e+03  1.580707786039635e-06  9.906524956888780e-08 
 3.102177664799548e+03  1.568455953683634e-06  9.829743926313621e-08 
 3.162277660168427e+03  1.556309254138726e-06  9.753621847835867e-08 
 3.223542001952512e+03  1.544266854686314e-06  9.678153505087668e-08 
 3.285993247600705e+03  1.532327929651521e-06  9.603333725919645e-08 
 3.349654391578328e+03  1.520491660341500e-06  9.529157382016931e-08 
 3.414548873833654e+03  1.508757234984253e-06  9.455619388522641e-08 
 3.480700588428464e+03  1.497123848669429e-06  9.382714703659102e-08 
 3.548133892335809e+03  1.485590703286352e-06  9.310438328358035e-08 
 3.616873614408215e+03  1.474157007466665e-06  9.238785305886826e-08 
 3.686945064519632e+03  1.462821976523461e-06  9.167750721481934e-08 
 3.758374042884499e+03  1.451584832393291e-06  9.097329701984101e-08 
 3.831186849557347e+03  1.440444803577811e-06  9.027517415474904e-08 
 3.905410294116440e+03  1.429401125085589e-06  8.958309070917611e-08 
 3.981071705535034e+03  1.418453038374368e-06  8.889699917799298e-08 
 4.058198942243861e+03  1.407599791294741e-06  8.821685245775550e-08 
 4.136820402388571e+03  1.396840638032402e-06  8.754260384319297e-08 
 4.216965034285888e+03  1.386174839052101e-06  8.687420702370583e-08 
 4.298662347082343e+03  1.375601661041921e-06  8.621161607987873e-08 
 4.381942421619505e+03  1.365120376857305e-06  8.555478548005607e-08 
 4.466835921509701e+03  1.354730265465325e-06  8.490367007689105e-08 
 4.553374104426321e+03  1.344430611890600e-06  8.425822510396556e-08 
 4.641588833612851e+03  1.334220707160331e-06  8.361840617239003e-08 
 4.731512589614878e+03  1.324099848249772e-06  8.298416926746811e-08 
 4.823178482239382e+03  1.314067338028473e-06  8.235547074535285e-08 
 4.916620262745721e+03  1.304122485206721e-06  8.173226732974575e-08 
 5.011872336272801e+03  1.294264604282637e-06  8.111451610859936e-08 
 5.108969774507008e+03  1.284493015488899e-06  8.050217453085225e-08 
 5.207948328595546e+03  1.274807044739721e-06  7.989520040320241e-08 
 5.308844442309967e+03  1.265206023579584e-06  7.929355188686231e-08 
 5.411695265464722e+03  1.255689289130413e-06  7.869718749437660e-08 
 5.516538667595667e+03  1.246256184040137e-06  7.810606608643135e-08 
 5.623413251903579e+03  1.236906056431478e-06  7.752014686870432e-08 
 5.732358369467805e+03  1.227638259850945e-06  7.693938938871199e-08 
 5.843414133735268e+03  1.218452153217340e-06  7.636375353271681e-08 
 5.956621435290199e+03  1.209347100772211e-06  7.579319952260218e-08 
 6.072021956909982e+03  1.200322472029241e-06  7.522768791281466e-08 
 6.189658188912704e+03  1.191377641723780e-06  7.466717958729461e-08 
 6.309573444802033e+03  1.182511989764041e-06  7.411163575644654e-08 
 6.431811877215190e+03  1.173724901180938e-06  7.356101795410814e-08 
 6.556418494179894e+03  1.165015766079807e-06  7.301528803455615e-08 
 6.683439175686253e+03  1.156383979590075e-06  7.247440816953349e-08 
 6.812920690579723e+03  1.147828941818315e-06  7.193834084526567e-08 
 6.944910713781324e+03  1.139350057798445e-06  7.140704885953224e-08 
 7.079457843841494e+03  1.130946737444401e-06  7.088049531873539e-08 
 7.216611620834000e+03  1.122618395501668e-06  7.035864363498818e-08 
 7.356422544596533e+03  1.114364451500190e-06  6.984145752322444e-08 
 7.498942093324681e+03  1.106184329706244e-06  6.932890099832819e-08 
 7.644222742526128e+03  1.098077459075236e-06  6.882093837227940e-08 
 7.792317984342069e+03  1.090043273205462e-06  6.831753425130173e-08 
 7.943282347242946e+03  1.082081210290067e-06  6.781865353305851e-08 
 8.097171416105754e+03  1.074190713071314e-06  6.732426140383346e-08 
 8.254041852680322e+03  1.066371228794083e-06  6.683432333574976e-08 
 8.413951416452092e+03  1.058622209159021e-06  6.634880508399624e-08 
 8.576958985909085e+03  1.050943110277165e-06  6.586767268407231e-08 
 8.743124580220883e+03  1.043333392623628e-06  6.539089244904742e-08 
 8.912509381337606e+03  1.035792520992217e-06  6.491843096683865e-08 
 9.085175756517023e+03  1.028319964450032e-06  6.445025509750248e-08 
 9.261187281288094e+03  1.020915196291479e-06  6.398633197054908e-08 
 9.440608762859396e+03  1.013577693993988e-06  6.352662898225647e-08 
 9.623506263981051e+03  1.006306939172334e-06  6.307111379302252e-08 
 9.809947127268942e+03  9.991024175341617e-07  6.261975432470951e-08 
 1.000000000000017e+04  9.919636188351935e-07  6.217251875802012e-08 
 1.019373485938890e+04  9.848900368344333e-07  6.172937552988904e-08 
 1.039122303835187e+04  9.778811692502781e-07  6.129029333087205e-08 
 1.059253725177307e+04  9.709365177158952e-07  6.085524110257393e-08 
 1.079775162327729e+04  9.640555877348853e-07  6.042418803507540e-08 
 1.100694171252229e+04  9.572378886379513e-07  5.999710356437911e-08 
 1.122018454301983e+04  9.504829335381663e-07  5.957395736987237e-08 
 1.143755863049558e+04  9.437902392878423e-07  5.915471937180523e-08 
 1.165914401179852e+04  9.371593264344065e-07  5.873935972877828e-08 
 1.188502227437039e+04  9.305897191774439e-07  5.832784883525119e-08 
 1.211527658628610e+04  9.240809453243807e-07  5.792015731906536e-08 
 1.234999172687607e+04  9.176325362479481e-07  5.751625603897165e-08 
 1.258925411794190e+04  9.112440268422933e-07  5.711611608219171e-08 
 1.283315185557674e+04  9.049149554799843e-07  5.671970876197495e-08 
 1.308177474260217e+04  8.986448639693050e-07  5.632700561517974e-08 
 1.333521432163348e+04  8.924332975101485e-07  5.593797839987320e-08 
 1.359356390878550e+04  8.862798046523928e-07  5.555259909292803e-08 
 1.385691862803152e+04  8.801839372518709e-07  5.517083988766790e-08 
 1.412537544622780e+04  8.741452504277597e-07  5.479267319146902e-08 
 1.439903320881659e+04  8.681633025204690e-07  5.441807162345519e-08 
 1.467799267622096e+04  8.622376550475851e-07  5.404700801214483e-08 
 1.496235656094461e+04  8.563678726624095e-07  5.367945539313262e-08 
 1.525222956539047e+04  8.505535231101139e-07  5.331538700679565e-08 
 1.554771842041202e+04  8.447941771862644e-07  5.295477629601090e-08 
 1.584893192461143e+04  8.390894086924123e-07  5.259759690384025e-08 
 1.615598098439904e+04  8.334387943952308e-07  5.224382267134488e-08 
 1.646897865482899e+04  8.278419139826844e-07  5.189342763529712e-08 
 1.678804018122592e+04  8.222983500216415e-07  5.154638602596206e-08 
 1.711328304161813e+04  8.168076879155149e-07  5.120267226489057e-08 
 1.744482698999287e+04  8.113695158605802e-07  5.086226096272587e-08 
 1.778279410038956e+04  8.059834248042198e-07  5.052512691701981e-08 
 1.812730881184733e+04  8.006490084017048e-07  5.019124511007069e-08 
 1.847849797422326e+04  7.953658629731238e-07  4.986059070678027e-08 
 1.883649089489836e+04  7.901335874607665e-07  4.953313905251773e-08 
 1.920141938638838e+04  7.849517833858627e-07  4.920886567100578e-08 
 1.957341781487698e+04  7.798200548059943e-07  4.888774626222170e-08 
 1.995262314968918e+04  7.747380082711879e-07  4.856975670031912e-08 
 2.033917501372331e+04  7.697052527811193e-07  4.825487303155782e-08 
 2.073321573485995e+04  7.647213997420325e-07  4.794307147225783e-08 
 2.113489039836688e+04  7.597860629225473e-07  4.763432840677383e-08 
 2.154434690031925e+04  7.548988584100109e-07  4.732862038546306e-08 
 2.196173600205479e+04  7.500594045677883e-07  4.702592412271293e-08 
 2.238721138568383e+04  7.452673219898798e-07  4.672621649495341e-08 
 2.282092971067495e+04  7.405222334579729e-07  4.642947453868871e-08 
 2.326305067153671e+04  7.358237638973135e-07  4.613567544862841e-08 
 2.371373705661701e+04  7.311715403285721e-07  4.584479657552336e-08 
 2.417315480804151e+04  7.265651918292018e-07  4.555681542458081e-08 
 2.464147308281330e+04  7.220043494840274e-07  4.527170965341152e-08 
 2.511886431509629e+04  7.174886463416897e-07  4.498945707016579e-08 
 2.560550427970526e+04  7.130177173684153e-07  4.471003563170675e-08 
 2.610157215682588e+04  7.085911994029962e-07  4.443342344178577e-08 
 2.660725059798862e+04  7.042087311097035e-07  4.415959874920010e-08 
 2.712272579332082e+04  6.998699529330867e-07  4.388853994606015e-08 
 2.764818754010162e+04  6.955745070503042e-07  4.362022556598366e-08 
 2.818382931264510e+04  6.913220373243512e-07  4.335463428236010e-08 
 2.872984833353721e+04  6.871121892564955e-07  4.309174490662613e-08 
 2.928644564625295e+04  6.829446099382560e-07  4.283153638654153e-08 
 2.985382618918019e+04  6.788189480032124e-07  4.257398780454031e-08 
 3.043219887107782e+04  6.747348535781936e-07  4.231907837603904e-08 
 3.102177664799563e+04  6.706919782335191e-07  4.206678744781198e-08 
 3.162277660168443e+04  6.666899749335575e-07  4.181709449636702e-08 
 3.223542001952527e+04  6.627284979863230e-07  4.156997912635457e-08 
 3.285993247600720e+04  6.588072029923906e-07  4.132542106899909e-08 
 3.349654391578344e+04  6.549257467930371e-07  4.108340018051345e-08 
 3.414548873833670e+04  6.510837874184517e-07  4.084389644063472e-08 
 3.480700588428481e+04  6.472809840348030e-07  4.060688995109549e-08 
 3.548133892335826e+04  6.435169968895949e-07  4.037236093408315e-08 
 3.616873614408232e+04  6.397914872590927e-07  4.014028973089696e-08 
 3.686945064519650e+04  6.361041173910545e-07  3.991065680043333e-08 
 3.758374042884518e+04  6.324545504509244e-07  3.968344271783089e-08 
 3.831186849557365e+04  6.288424504625039e-07  3.945862817300622e-08 
 3.905410294116459e+04  6.252674822518001e-07  3.923619396941591e-08 
 3.981071705535053e+04  6.217293113881413e-07  3.901612102266210e-08 
 4.058198942243881e+04  6.182276041226461e-07  3.879839035911584e-08 
 4.136820402388591e+04  6.147620273297377e-07  3.858298311480100e-08 
 4.216965034285909e+04  6.113322484428914e-07  3.836988053397525e-08 
 4.298662347082365e+04  6.079379353927719e-07  3.815906396801074e-08 
 4.381942421619527e+04  6.045787565421587e-07  3.795051487414851e-08 
 4.466835921509723e+04  6.012543806200822e-07  3.774421481432564e-08 
 4.553374104426344e+04  5.979644766549165e-07  3.754014545402935e-08 
 4.641588833612874e+04  5.947087139050633e-07  3.733828856115245e-08 
 4.731512589614902e+04  5.914867617897814e-07  3.713862600494342e-08 
 4.823178482239406e+04  5.882982898164942e-07  3.694113975488419e-08 
 4.916620262745745e+04  5.851429675081496e-07  3.674581187967754e-08 
 5.011872336272826e+04  5.820204643272941e-07  3.655262454623846e-08 
 5.108969774507033e+04  5.789304495999638e-07  3.636156001869961e-08 
 5.207948328595571e+04  5.758725924359812e-07  3.617260065743184e-08 
 5.308844442309994e+04  5.728465616477278e-07  3.598572891806644e-08 
 5.411695265464750e+04  5.698520256689069e-07  3.580092735074300e-08 
 5.516538667595695e+04  5.668886524676530e-07  3.561817859907957e-08 
 5.623413251903608e+04  5.639561094597252e-07  3.543746539937921e-08 
 5.732358369467833e+04  5.610540634185054e-07  3.525877057980061e-08 
 5.843414133735298e+04  5.581821803826730e-07  3.508207705957106e-08 
 5.956621435290229e+04  5.553401255610770e-07  3.490736784818963e-08 
 6.072021956910013e+04  5.525275632355710e-07  3.473462604475932e-08 
 6.189658188912735e+04  5.497441566582253e-07  3.456383483708352e-08 
 6.309573444802065e+04  5.469895679507074e-07  3.439497750124045e-08 
 6.431811877215223e+04  5.442634579958729e-07  3.422803740073256e-08 
 6.556418494179926e+04  5.415654863282687e-07  3.406299798594191e-08 
 6.683439175686287e+04  5.388953110195923e-07  3.389984279347626e-08 
 6.812920690579756e+04  5.362525885636540e-07  3.373855544560064e-08 
 6.944910713781358e+04  5.336369737541982e-07  3.357911964974565e-08 
 7.079457843841528e+04  5.310481195603193e-07  3.342151919782026e-08 
 7.216611620834035e+04  5.284856769982954e-07  3.326573796587812e-08 
 7.356422544596568e+04  5.259492949997218e-07  3.311175991357152e-08 
 7.498942093324717e+04  5.234386202727136e-07  3.295956908372212e-08 
 7.644222742526165e+04  5.209532971610985e-07  3.280914960188206e-08 
 7.792317984342107e+04  5.184929674972567e-07  3.266048567589984e-08 
 7.943282347242984e+04  5.160572704514821e-07  3.251356159562019e-08 
 8.097171416105793e+04  5.136458423746255e-07  3.236836173248402e-08 
 8.254041852680361e+04  5.112583166369300e-07  3.222487053924233e-08 
 8.413951416452132e+04  5.088943234587690e-07  3.208307254955167e-08 
 8.576958985909125e+04  5.065534897394873e-07  3.194295237783182e-08 
 8.743124580220925e+04  5.042354388766237e-07  3.180449471894935e-08 
 8.912509381337647e+04  5.019397905807649e-07  3.166768434799933e-08 
 9.085175756517064e+04  4.996661606819007e-07  3.153250611997865e-08 
 9.261187281288135e+04  4.974141609332432e-07  3.139894496982512e-08 
 9.440608762859438e+04  4.951833988035230e-07  3.126698591210415e-08 
 9.623506263981095e+04  4.929734772628811e-07  3.113661404076998e-08 
 9.809947127268986e+04  4.907839945650429e-07  3.100781452935463e-08 
 1.000000000000022e+05  4.886145440149752e-07  3.088057263044133e-08 
 1.019373485938895e+05  4.864647137354781e-07  3.075487367592564e-08 
 1.039122303835192e+05  4.843340864208603e-07  3.063070307682392e-08 
 1.059253725177312e+05  4.822222390840602e-07  3.050804632321759e-08 
 1.079775162327733e+05  4.801287427923601e-07  3.038688898418811e-08 
 1.100694171252234e+05  4.780531623983995e-07  3.026721670791254e-08 
 1.122018454301988e+05  4.759950562553856e-07  3.014901522151580e-08 
 1.143755863049563e+05  4.739539759300149e-07  3.003227033123382e-08 
 1.165914401179858e+05  4.719294658981057e-07  2.991696792237302e-08 
 1.188502227437045e+05  4.699210632358371e-07  2.980309395941654e-08 
 1.211527658628615e+05  4.679282972959452e-07  2.969063448601272e-08 
 1.234999172687612e+05  4.659506893755739e-07  2.957957562514499e-08 
 1.258925411794195e+05  4.639877523715473e-07  2.946990357911625e-08 
 1.283315185557680e+05  4.620389904264623e-07  2.936160462983809e-08 
 1.308177474260223e+05  4.601038985589538e-07  2.925466513866931e-08 
 1.333521432163354e+05  4.581819622877689e-07  2.914907154683638e-08 
 1.359356390878556e+05  4.562726572395096e-07  2.904481037543991e-08 
 1.385691862803159e+05  4.543754487447730e-07  2.894186822558201e-08 
 1.412537544622786e+05  4.524897914246854e-07  2.884023177860988e-08 
 1.439903320881665e+05  4.506151287608487e-07  2.873988779621563e-08 
 1.467799267622102e+05  4.487508926570099e-07  2.864082312068802e-08 
 1.496235656094467e+05  4.468965029851834e-07  2.854302467506502e-08 
 1.525222956539053e+05  4.450513671206053e-07  2.844647946326810e-08 
 1.554771842041208e+05  4.432148794654759e-07  2.835117457046117e-08 
 1.584893192461149e+05  4.413864209587918e-07  2.825709716315954e-08 
 1.615598098439910e+05  4.395653585747382e-07  2.816423448944619e-08 
 1.646897865482905e+05  4.377510448104191e-07  2.807257387920547e-08 
 1.678804018122598e+05  4.359428171628531e-07  2.798210274440503e-08 
 1.711328304161819e+05  4.341399975949212e-07  2.789280857927646e-08 
 1.744482698999293e+05  4.323418919916995e-07  2.780467896054070e-08 
 1.778279410038963e+05  4.305477896086313e-07  2.771770154766392e-08 
 1.812730881184740e+05  4.287569625126339e-07  2.763186408321263e-08 
 1.847849797422333e+05  4.269686650154281e-07  2.754715439288498e-08 
 1.883649089489843e+05  4.251821331033677e-07  2.746356038591393e-08 
 1.920141938638845e+05  4.233965838621787e-07  2.738107005527253e-08 
 1.957341781487705e+05  4.216112149056644e-07  2.729967147796077e-08 
 1.995262314968925e+05  4.198252037978670e-07  2.721935281520117e-08 
 2.033917501372338e+05  4.180377074851763e-07  2.714010231278860e-08 
 2.073321573486003e+05  4.162478617313784e-07  2.706190830113364e-08 
 2.113489039836695e+05  4.144547805659467e-07  2.698475919577843e-08 
 2.154434690031933e+05  4.126575557406949e-07  2.690864349750495e-08 
 2.196173600205487e+05  4.108552562106338e-07  2.683354979259372e-08 
 2.238721138568391e+05  4.090469276306224e-07  2.675946675308788e-08 
 2.282092971067503e+05  4.072315918843516e-07  2.668638313701984e-08 
 2.326305067153680e+05  4.054082466445941e-07  2.661428778874636e-08 
 2.371373705661710e+05  4.035758649715002e-07  2.654316963906604e-08 
 2.417315480804160e+05  4.017333949597197e-07  2.647301770550982e-08 
 2.464147308281339e+05  3.998797594389797e-07  2.640382109267889e-08 
 2.511886431509639e+05  3.980138557337488e-07  2.633556899226780e-08 
 2.560550427970536e+05  3.961345555015341e-07  2.626825068357905e-08 
 2.610157215682598e+05  3.942407046441377e-07  2.620185553342579e-08 
 2.660725059798872e+05  3.923311233176133e-07  2.613637299667891e-08 
 2.712272579332092e+05  3.904046060435778e-07  2.607179261626478e-08 
 2.764818754010173e+05  3.884599219377477e-07  2.600810402354687e-08 
 2.818382931264520e+05  3.864958150656834e-07  2.594529693834114e-08 
 2.872984833353732e+05  3.845110049495454e-07  2.588336116940211e-08 
 2.928644564625305e+05  3.825041872278410e-07  2.582228661443397e-08 
 2.985382618918030e+05  3.804740344955660e-07  2.576206326032689e-08 
 3.043219887107793e+05  3.784191973366087e-07  2.570268118348143e-08 
 3.102177664799574e+05  3.763383055652001e-07  2.564413054986401e-08 
 3.162277660168454e+05  3.742299697041668e-07  2.558640161533168e-08 
 3.223542001952539e+05  3.720927827049875e-07  2.552948472572956e-08 
 3.285993247600733e+05  3.699253219438739e-07  2.547337031719184e-08 
 3.349654391578356e+05  3.677261515038201e-07  2.541804891629918e-08 
 3.414548873833683e+05  3.654938247714371e-07  2.536351114028701e-08 
 3.480700588428493e+05  3.632268873607956e-07  2.530974769713522e-08 
 3.548133892335839e+05  3.609238803947537e-07  2.525674938596632e-08 
 3.616873614408245e+05  3.585833441526115e-07  2.520450709710233e-08 
 3.686945064519664e+05  3.562038221119366e-07  2.515301181235371e-08 
 3.758374042884532e+05  3.537838653956252e-07  2.510225460504043e-08 
 3.831186849557380e+05  3.513220376442069e-07  2.505222664050548e-08 
 3.905410294116474e+05  3.488169203224552e-07  2.500291917599341e-08 
 3.981071705535068e+05  3.462671184759940e-07  2.495432356112109e-08 
 4.058198942243896e+05  3.436712669367379e-07  2.490643123794693e-08 
 4.136820402388607e+05  3.410280369874878e-07  2.485923374121872e-08 
 4.216965034285925e+05  3.383361434784895e-07  2.481272269867340e-08 
 4.298662347082381e+05  3.355943523911855e-07  2.476688983118328e-08 
 4.381942421619543e+05  3.328014888278333e-07  2.472172695304311e-08 
 4.466835921509740e+05  3.299564454182194e-07  2.467722597224054e-08 
 4.553374104426361e+05  3.270581911012405e-07  2.463337889078028e-08 
 4.641588833612892e+05  3.241057802505077e-07  2.459017780472575e-08 
 4.731512589614920e+05  3.210983621012451e-07  2.454761490485615e-08 
 4.823178482239424e+05  3.180351904098983e-07  2.450568247668120e-08 
 4.916620262745764e+05  3.149156332980704e-07  2.446437290091555e-08 
 5.011872336272846e+05  3.117391831892914e-07  2.442367865377595e-08 
 5.108969774507053e+05  3.085054667643528e-07  2.438359230740208e-08 
 5.207948328595592e+05  3.052142548313315e-07  2.434410653012525e-08 
 5.308844442310014e+05  3.018654720144458e-07  2.430521408708855e-08 
 5.411695265464770e+05  2.984592061384771e-07  2.426690784052294e-08 
 5.516538667595716e+05  2.949957171956425e-07  2.422918075026099e-08 
 5.623413251903630e+05  2.914754457641121e-07  2.419202587426309e-08 
 5.732358369467856e+05  2.878990207446750e-07  2.415543636915774e-08 
 5.843414133735321e+05  2.842672662870746e-07  2.411940549084456e-08 
 5.956621435290253e+05  2.805812077612514e-07  2.408392659502340e-08 
 6.072021956910037e+05  2.768420766476176e-07  2.404899313793245e-08 
 6.189658188912760e+05  2.730513142175774e-07  2.401459867708006e-08 
 6.309573444802091e+05  2.692105738792040e-07  2.398073687184723e-08 
 6.431811877215249e+05  2.653217220796108e-07  2.394740148447561e-08 
 6.556418494179953e+05  2.613868376698430e-07  2.391458638084624e-08 
 6.683439175686314e+05  2.574082096487519e-07  2.388228553137179e-08 
 6.812920690579783e+05  2.533883332255492e-07  2.385049301208662e-08 
 6.944910713781386e+05  2.493299041639707e-07  2.381920300558967e-08 
 7.079457843841556e+05  2.452358113872068e-07  2.378840980221619e-08 
 7.216611620834064e+05  2.411091278642163e-07  2.375810780131899e-08 
 7.356422544596598e+05  2.369530997986326e-07  2.372829151242384e-08 
 7.498942093324747e+05  2.327711341998607e-07  2.369895555671950e-08 
 7.644222742526196e+05  2.285667849175831e-07  2.367009466841816e-08 
 7.792317984342139e+05  2.243437372570047e-07  2.364170369646539e-08 
 7.943282347243016e+05  2.201057913225026e-07  2.361377760609886e-08 
 8.097171416105825e+05  2.158568442438982e-07  2.358631148067261e-08 
 8.254041852680393e+05  2.116008714806002e-07  2.355930052347299e-08 
 8.413951416452165e+05  2.073419073888744e-07  2.353274005994458e-08 
 8.576958985909160e+05  2.030840252781798e-07  2.350662553961211e-08 
 8.743124580220960e+05  1.988313171667266e-07  2.348095253851153e-08 
 8.912509381337684e+05  1.945878734642258e-07  2.345571676155755e-08 
 9.085175756517102e+05  1.903577628026295e-07  2.343091404517044e-08 
 9.261187281288174e+05  1.861450122390557e-07  2.340654036000589e-08 
 9.440608762859477e+05  1.819535880296260e-07  2.338259181385716e-08 
 9.623506263981134e+05  1.777873771846803e-07  2.335906465469493e-08 
 9.809947127269027e+05  1.736501699688400e-07  2.333595527413459e-08 
 1.000000000000026e+06  1.695456435226555e-07  2.331326021062512e-08 
 1.019373485938899e+06  1.654773467325787e-07  2.329097615332494e-08 
 1.039122303835196e+06  1.614486864732269e-07  2.326909994594930e-08 
 1.059253725177316e+06  1.574629153086887e-07  2.324762859083968e-08 
 1.079775162327738e+06  1.535231207218219e-07  2.322655925324267e-08 
 1.100694171252238e+06  1.496322159135441e-07  2.320588926608164e-08 
 1.122018454301993e+06  1.457929321888219e-07  2.318561613455880e-08 
 1.143755863049568e+06  1.420078129289687e-07  2.316573754136436e-08 
 1.165914401179862e+06  1.382792091175873e-07  2.314625135204756e-08 
 1.188502227437050e+06  1.346092763834294e-07  2.312715562062073e-08 
 1.211527658628620e+06  1.309999734945839e-07  2.310844859547408e-08 
 1.234999172687617e+06  1.274530622274038e-07  2.309012872562960e-08 
 1.258925411794200e+06  1.239701085241409e-07  2.307219466732338e-08 
 1.283315185557685e+06  1.205524848417626e-07  2.305464529076319e-08 
 1.308177474260229e+06  1.172013735859221e-07  2.303747968743011e-08 
 1.333521432163359e+06  1.139177715226720e-07  2.302069717753138e-08 
 1.359356390878562e+06  1.107024950566651e-07  2.300429731789326e-08 
 1.385691862803164e+06  1.075561862586208e-07  2.298827991022213e-08 
 1.412537544622792e+06  1.044793195398132e-07  2.297264500965362e-08 
 1.439903320881672e+06  1.014722088586568e-07  2.295739293368570e-08 
 1.467799267622109e+06  9.853501535631708e-08  2.294252427164150e-08 
 1.496235656094474e+06  9.566775532690332e-08  2.292803989419982e-08 
 1.525222956539060e+06  9.287030842360203e-08  2.291394096376621e-08 
 1.554771842041215e+06  9.014242602168777e-08  2.290022894459219e-08 
 1.584893192461156e+06  8.748373965147213e-08  2.288690561410880e-08 
 1.615598098439918e+06  8.489376943936143e-08  2.287397307382100e-08 
 1.646897865482913e+06  8.237193248400485e-08  2.286143376129461e-08 
 1.678804018122606e+06  7.991755111850878e-08  2.284929046207805e-08 
 1.711328304161827e+06  7.752986100447901e-08  2.283754632228048e-08 
 1.744482698999302e+06  7.520801901909997e-08  2.282620486139908e-08 
 1.778279410038971e+06  7.295111089766564e-08  2.281526998571664e-08 
 1.812730881184748e+06  7.075815860347997e-08  2.280474600186402e-08 
 1.847849797422342e+06  6.862812740167813e-08  2.279463763100560e-08 
 1.883649089489852e+06  6.655993261805110e-08  2.278495002325739e-08 
 1.920141938638854e+06  6.455244607135125e-08  2.277568877255186e-08 
 1.957341781487714e+06  6.260450216871998e-08  2.276685993185615e-08 
 1.995262314968935e+06  6.071490366016507e-08  2.275847002879870e-08 
 2.033917501372348e+06  5.888242705077185e-08  2.275052608158588e-08 
 2.073321573486012e+06  5.710582767203042e-08  2.274303561537295e-08 
 2.113489039836705e+06  5.538384441669926e-08  2.273600667892600e-08 
 2.154434690031943e+06  5.371520414318232e-08  2.272944786155797e-08 
 2.196173600205497e+06  5.209862575861317e-08  2.272336831060625e-08 
 2.238721138568402e+06  5.053282398867431e-08  2.271777774901949e-08 
 2.282092971067514e+06  4.901651284801023e-08  2.271268649344968e-08 
 2.326305067153691e+06  4.754840881961392e-08  2.270810547246195e-08 
 2.371373705661722e+06  4.612723375875252e-08  2.270404624534401e-08 
 2.417315480804171e+06  4.475171753241123e-08  2.270052102100674e-08 
 2.464147308281350e+06  4.342060040949034e-08  2.269754267729174e-08 
 2.511886431509650e+06  4.213263521329786e-08  2.269512478067057e-08 
 2.560550427970548e+06  4.088658925156616e-08  2.269328160615810e-08 
 2.610157215682610e+06  3.968124603615609e-08  2.269202815770617e-08 
 2.660725059798884e+06  3.851540680581321e-08  2.269138018887717e-08 
 2.712272579332104e+06  3.738789186580930e-08  2.269135422394153e-08 
 2.764818754010185e+06  3.629754175489362e-08  2.269196757939580e-08 
 2.818382931264533e+06  3.524321825393097e-08  2.269323838584304e-08 
 2.872984833353746e+06  3.422380524564597e-08  2.269518561045280e-08 
 2.928644564625319e+06  3.323820943786710e-08  2.269782907988062e-08 
 2.985382618918044e+06  3.228536096095139e-08  2.270118950360637e-08 
 3.043219887107808e+06  3.136421384766033e-08  2.270528849815603e-08 
 3.102177664799589e+06  3.047374640751223e-08  2.271014861163847e-08 
 3.162277660168469e+06  2.961296150219559e-08  2.271579334923904e-08 
 3.223542001952555e+06  2.878088673241156e-08  2.272224719929824e-08 
 3.285993247600748e+06  2.797657454255379e-08  2.272953566034765e-08 
 3.349654391578372e+06  2.719910225161951e-08  2.273768526896377e-08 
 3.414548873833699e+06  2.644757201689366e-08  2.274672362859149e-08 
 3.480700588428510e+06  2.572111073698952e-08  2.275667943950685e-08 
 3.548133892335856e+06  2.501886990030725e-08  2.276758252973418e-08 
 3.616873614408263e+06  2.434002538418800e-08  2.277946388746943e-08 
 3.686945064519682e+06  2.368377721076688e-08  2.279235569442410e-08 
 3.758374042884550e+06  2.304934926322398e-08  2.280629136097855e-08 
 3.831186849557398e+06  2.243598896794708e-08  2.282130556249141e-08 
 3.905410294116493e+06  2.184296694599799e-08  2.283743427737940e-08 
 3.981071705535088e+06  2.126957663795460e-08  2.285471482689226e-08 
 4.058198942243916e+06  2.071513390583405e-08  2.287318591648227e-08 
 4.136820402388627e+06  2.017897661478032e-08  2.289288767925697e-08 
 4.216965034285945e+06  1.966046419779594e-08  2.291386172141065e-08 
 4.298662347082402e+06  1.915897720651017e-08  2.293615116949235e-08 
 4.381942421619564e+06  1.867391684985679e-08  2.295980072004103e-08 
 4.466835921509761e+06  1.820470452318957e-08  2.298485669155382e-08 
 4.553374104426382e+06  1.775078133016015e-08  2.301136707857682e-08 
 4.641588833612914e+06  1.731160759891546e-08  2.303938160843118e-08 
 4.731512589614943e+06  1.688666239446058e-08  2.306895180038959e-08 
 4.823178482239448e+06  1.647544302861863e-08  2.310013102760258e-08 
 4.916620262745787e+06  1.607746456960851e-08  2.313297458147635e-08 
 5.011872336272870e+06  1.569225935138228e-08  2.316753973927064e-08 
 5.108969774507078e+06  1.531937648521121e-08  2.320388583416399e-08 
 5.207948328595617e+06  1.495838137357278e-08  2.324207432855295e-08 
 5.308844442310040e+06  1.460885522786681e-08  2.328216889031202e-08 
 5.411695265464797e+06  1.427039459045138e-08  2.332423547218855e-08 
 5.516538667595743e+06  1.394261086214878e-08  2.336834239438770e-08 
 5.623413251903657e+06  1.362512983547018e-08  2.341456043050843e-08 
 5.732358369467883e+06  1.331759123463707e-08  2.346296289674083e-08 
 5.843414133735349e+06  1.301964826245526e-08  2.351362574456781e-08 
 5.956621435290282e+06  1.273096715492177e-08  2.356662765699066e-08 
 6.072021956910066e+06  1.245122674375957e-08  2.362205014827580e-08 
 6.189658188912790e+06  1.218011802728872e-08  2.367997766749974e-08 
 6.309573444802121e+06  1.191734374998327e-08  2.374049770564664e-08 
 6.431811877215280e+06  1.166261799084928e-08  2.380370090678341e-08 
 6.556418494179985e+06  1.141566576104057e-08  2.386968118290505e-08 
 6.683439175686347e+06  1.117622261073349e-08  2.393853583298982e-08 
 6.812920690579819e+06  1.094403424530867e-08  2.401036566602815e-08 
 6.944910713781422e+06  1.071885615136027e-08  2.408527512820553e-08 
 7.079457843841594e+06  1.050045323196957e-08  2.416337243455243e-08 
 7.216611620834101e+06  1.028859945184598e-08  2.424476970480471e-08 
 7.356422544596637e+06  1.008307749213530e-08  2.432958310368233e-08 
 7.498942093324786e+06  9.883678414704079e-09  2.441793298606739e-08 
 7.644222742526235e+06  9.690201336231536e-09  2.450994404661258e-08 
 7.792317984342178e+06  9.502453111758070e-09  2.460574547417345e-08 
 7.943282347243057e+06  9.320248027709480e-09  2.470547111152678e-08 
 8.097171416105866e+06  9.143407504351520e-09  2.480925961967038e-08 
 8.254041852680436e+06  8.971759807526361e-09  2.491725464777836e-08 
 8.413951416452209e+06  8.805139769545933e-09  2.502960500819661e-08 
 8.576958985909205e+06  8.643388519084325e-09  2.514646485719482e-08 
 8.743124580221005e+06  8.486353219986956e-09  2.526799388111183e-08 
 8.912509381337730e+06  8.333886818823811e-09  2.539435748851914e-08 
 9.085175756517148e+06  8.185847800990462e-09  2.552572700810414e-08 
 9.261187281288220e+06  8.042099955186685e-09  2.566227989293649e-08 
 9.440608762859525e+06  7.902512146126330e-09  2.580419993089771e-08 
 9.623506263981184e+06  7.766958095326020e-09  2.595167746146897e-08 
 9.809947127269078e+06  7.635316169718483e-09  2.610490959929770e-08 
 1.000000000000031e+07  7.507469177892916e-09  2.626410046458621e-08 
 1.019373485938904e+07  7.383304173927725e-09  2.642946142024068e-08 
 1.039122303835201e+07  7.262712268365391e-09  2.660121131650488e-08 
 1.059253725177322e+07  7.145588446420701e-09  2.677957674267295e-08 
 1.079775162327743e+07  7.031831392981774e-09  2.696479228637256e-08 
 1.100694171252244e+07  6.921343324375053e-09  2.715710080085830e-08 
 1.122018454301998e+07  6.814029826678780e-09  2.735675367950350e-08 
 1.143755863049574e+07  6.709799700291800e-09  2.756401113915097e-08 
 1.165914401179868e+07  6.608564810755653e-09  2.777914251093276e-08 
 1.188502227437056e+07  6.510239945424750e-09  2.800242654011752e-08 
 1.211527658628627e+07  6.414742676022515e-09  2.823415169384902e-08 
 1.234999172687624e+07  6.321993226796506e-09  2.847461647788352e-08 
 1.258925411794207e+07  6.231914348037296e-09  2.872412976218847e-08 
 1.283315185557692e+07  6.144431194939881e-09  2.898301111518535e-08 
 1.308177474260235e+07  6.059471211562813e-09  2.925159114711604e-08 
 1.333521432163366e+07  5.976964019708172e-09  2.953021186237066e-08 
 1.359356390878569e+07  5.896841312596793e-09  2.981922702118963e-08 
 1.385691862803171e+07  5.819036753223408e-09  3.011900251008664e-08 
 1.412537544622799e+07  5.743485877132508e-09  3.042991672201449e-08 
 1.439903320881679e+07  5.670125999614972e-09  3.075236094520369e-08 
 1.467799267622116e+07  5.598896127072186e-09  3.108673976149959e-08 
 1.496235656094481e+07  5.529736872518659e-09  3.143347145326362e-08 
 1.525222956539068e+07  5.462590374963088e-09  3.179298841994979e-08 
 1.554771842041223e+07  5.397400222679429e-09  3.216573760284267e-08 
 1.584893192461164e+07  5.334111380183193e-09  3.255218091882363e-08 
 1.615598098439926e+07  5.272670118788168e-09  3.295279570236442e-08 
 1.646897865482921e+07  5.213023950676172e-09  3.336807515595475e-08 
 1.678804018122614e+07  5.155121566319659e-09  3.379852880825610e-08 
 1.711328304161836e+07  5.098912775223707e-09  3.424468297997727e-08 
 1.744482698999310e+07  5.044348449821575e-09  3.470708125693811e-08 
 1.778279410038980e+07  4.991380472469659e-09  3.518628497019648e-08 
 1.812730881184757e+07  4.939961685452497e-09  3.568287368218881e-08 
 1.847849797422351e+07  4.890045843867097e-09  3.619744567939831e-08 
 1.883649089489862e+07  4.841587571358933e-09  3.673061847016391e-08 
 1.920141938638864e+07  4.794542318589029e-09  3.728302928743662e-08 
 1.957341781487724e+07  4.748866324363426e-09  3.785533559617254e-08 
 1.995262314968945e+07  4.704516579326432e-09  3.844821560475069e-08 
 2.033917501372358e+07  4.661450792203940e-09  3.906236877893579e-08 
 2.073321573486023e+07  4.619627358432726e-09  3.969851635946351e-08 
 2.113489039836716e+07  4.579005331168223e-09  4.035740188115862e-08 
 2.154434690031954e+07  4.539544394575236e-09  4.103979169404388e-08 
 2.196173600205508e+07  4.501204839340088e-09  4.174647548481231e-08 
 2.238721138568413e+07  4.463947540312397e-09  4.247826679942122e-08 
 2.282092971067526e+07  4.427733936228544e-09  4.323600356524539e-08 
 2.326305067153703e+07  4.392526011437714e-09  4.402054861276457e-08 
 2.371373705661734e+07  4.358286279557472e-09  4.483279019667375e-08 
 2.417315480804184e+07  4.324977768998598e-09  4.567364251538921e-08 
 2.464147308281364e+07  4.292564010278492e-09  4.654404622952374e-08 
 2.511886431509664e+07  4.261009025059505e-09  4.744496897864067e-08 
 2.560550427970562e+07  4.230277316845324e-09  4.837740589664605e-08 
 2.610157215682624e+07  4.200333863251399e-09  4.934238012591310e-08 
 2.660725059798899e+07  4.171144109801487e-09  5.034094333033446e-08 
 2.712272579332119e+07  4.142673965156639e-09  5.137417620801063e-08 
 2.764818754010200e+07  4.114889797723102e-09  5.244318900420507e-08 
 2.818382931264548e+07  4.087758433568653e-09  5.354912202534650e-08 
 2.872984833353761e+07  4.061247155562779e-09  5.469314615609204e-08 
 2.928644564625335e+07  4.035323703705581e-09  5.587646337879959e-08 
 2.985382618918060e+07  4.009956276532332e-09  5.710030730099222e-08 
 3.043219887107825e+07  3.985113533575014e-09  5.836594368826053e-08 
 3.102177664799606e+07  3.960764598791139e-09  5.967467100857252e-08 
 3.162277660168486e+07  3.936879064900058e-09  6.102782098936251e-08 
 3.223542001952572e+07  3.913426998571324e-09  6.242675919061054e-08 
 3.285993247600766e+07  3.890378946415899e-09  6.387288559728915e-08 
 3.349654391578390e+07  3.867705941704570e-09  6.536763523622250e-08 
 3.414548873833718e+07  3.845379511784075e-09  6.691247882066957e-08 
 3.480700588428529e+07  3.823371686131183e-09  6.850892342760123e-08 
 3.548133892335875e+07  3.801655004997824e-09  7.015851321388373e-08 
 3.616873614408282e+07  3.780202528607738e-09  7.186283017660902e-08 
 3.686945064519701e+07  3.758987846865431e-09  7.362349496386038e-08 
 3.758374042884570e+07  3.737985089535550e-09  7.544216774331178e-08 
 3.831186849557418e+07  3.717168936863443e-09  7.732054913521972e-08 
 3.905410294116513e+07  3.696514630601981e-09  7.926038121832171e-08 
 3.981071705535109e+07  3.675997985410713e-09  8.126344861759719e-08 
 4.058198942243937e+07  3.655595400608053e-09  8.333157968041282e-08 
 4.136820402388649e+07  3.635283872237324e-09  8.546664775383456e-08 
 4.216965034285967e+07  3.615041005430365e-09  8.767057256965368e-08 
 4.298662347082424e+07  3.594845027034471e-09  8.994532174933999e-08 
 4.381942421619587e+07  3.574674798475915e-09  9.229291243995655e-08 
 4.466835921509784e+07  3.554509828837970e-09  9.471541308920661e-08 
 4.553374104426406e+07  3.534330288114136e-09  9.721494537481277e-08 
 4.641588833612939e+07  3.514117020607595e-09  9.979368629740301e-08 
 4.731512589614968e+07  3.493851558442568e-09  1.024538704493105e-07 
 4.823178482239473e+07  3.473516135144064e-09  1.051977924721084e-07 
 4.916620262745813e+07  3.453093699242265e-09  1.080278097144195e-07 
 5.011872336272896e+07  3.432567927854042e-09  1.109463451025834e-07 
 5.108969774507105e+07  3.411923240183302e-09  1.139558902377159e-07 
 5.207948328595644e+07  3.391144810883133e-09  1.170590087287118e-07 
 5.308844442310068e+07  3.370218583208148e-09  1.202583397777844e-07 
 5.411695265464825e+07  3.349131281888771e-09  1.235566020259724e-07 
 5.516538667595772e+07  3.327870425640871e-09  1.269565976750787e-07 
 5.623413251903687e+07  3.306424339231429e-09  1.304612168935331e-07 
 5.732358369467914e+07  3.284782165000091e-09  1.340734425217350e-07 
 5.843414133735380e+07  3.262933873743643e-09  1.377963550839486e-07 
 5.956621435290314e+07  3.240870274853846e-09  1.416331381203572e-07 
 6.072021956910098e+07  3.218583025603708e-09  1.455870838468869e-07 
 6.189658188912823e+07  3.196064639462399e-09  1.496615991552047e-07 
 6.309573444802155e+07  3.173308493328589e-09  1.538602119584531e-07 
 6.431811877215314e+07  3.150308833555564e-09  1.581865778939236e-07 
 6.556418494180020e+07  3.127060780651936e-09  1.626444873894157e-07 
 6.683439175686382e+07  3.103560332535089e-09  1.672378730997336e-07 
 6.812920690579854e+07  3.079804366218029e-09  1.719708177207587e-07 
 6.944910713781458e+07  3.055790637813891e-09  1.768475621871736e-07 
 7.079457843841630e+07  3.031517780744192e-09  1.818725142575680e-07 
 7.216611620834139e+07  3.006985302046906e-09  1.870502574930166e-07 
 7.356422544596675e+07  2.982193576683501e-09  1.923855606324021e-07 
 7.498942093324825e+07  2.957143839757834e-09  1.978833873670679e-07 
 7.644222742526275e+07  2.931838176564328e-09  2.035489065199361e-07 
 7.792317984342219e+07  2.906279510405064e-09  2.093875026274365e-07 
 7.943282347243099e+07  2.880471588115974e-09  2.154047869302865e-07 
 8.097171416105910e+07  2.854418963270667e-09  2.216066087700025e-07 
 8.254041852680480e+07  2.828126977034926e-09  2.279990673962255e-07 
 8.413951416452253e+07  2.801601736672776e-09  2.345885241806501e-07 
 8.576958985909249e+07  2.774850091713146e-09  2.413816152415676e-07 
 8.743124580221051e+07  2.747879607812607e-09  2.483852644755021e-07 
 8.912509381337777e+07  2.720698538365204e-09  2.556066969976540e-07 
 9.085175756517196e+07  2.693315793929434e-09  2.630534529880732e-07 
 9.261187281288269e+07  2.665740909563844e-09  2.707334019438261e-07 
 9.440608762859575e+07  2.637984010179295e-09  2.786547573354759e-07 
 9.623506263981235e+07  2.610055774036954e-09  2.868260916651895e-07 
 9.809947127269129e+07  2.581967394535542e-09  2.952563519264265e-07 
 1.000000000000036e+08  2.553730540451152e-09  3.039548754618654e-07 
 1.019373485938910e+08  2.525357314805657e-09  3.129314062183680e-07 
 1.039122303835207e+08  2.496860212554487e-09  3.221961113961882e-07 
 1.059253725177327e+08  2.468252077297213e-09  3.317595984906463e-07 
 1.079775162327749e+08  2.439546057222795e-09  3.416329327242076e-07 
 1.100694171252250e+08  2.410755560511284e-09  3.518276548649091e-07 
 1.122018454302004e+08  2.381894210418295e-09  3.623557994311535e-07 
 1.143755863049580e+08  2.352975800272815e-09  3.732299132777023e-07 
 1.165914401179874e+08  2.324014248620813e-09  3.844630745624383e-07 
 1.188502227437062e+08  2.295023554745237e-09  3.960689120879578e-07 
 1.211527658628633e+08  2.266017754789990e-09  4.080616250194031e-07 
 1.234999172687630e+08  2.237010878710634e-09  4.204560029715515e-07 
 1.258925411794214e+08  2.208016908266553e-09  4.332674464639510e-07 
 1.283315185557698e+08  2.179049736258862e-09  4.465119877408305e-07 
 1.308177474260242e+08  2.150123127207506e-09  4.602063119518457e-07 
 1.333521432163373e+08  2.121250679648098e-09  4.743677786909946e-07 
 1.359356390878576e+08  2.092445790212134e-09  4.890144438888924e-07 
 1.385691862803179e+08  2.063721619640014e-09  5.041650820563751e-07 
 1.412537544622807e+08  2.035091060857494e-09  5.198392088730310e-07 
 1.439903320881687e+08  2.006566709228189e-09  5.360571041201780e-07 
 1.467799267622124e+08  1.978160835075660e-09  5.528398349502588e-07 
 1.496235656094489e+08  1.949885358549544e-09  5.702092794902237e-07 
 1.525222956539075e+08  1.921751826889475e-09  5.881881507748427e-07 
 1.554771842041231e+08  1.893771394122879e-09  6.068000210015288e-07 
 1.584893192461172e+08  1.865954803210790e-09  6.260693461054871e-07 
 1.615598098439934e+08  1.838312370640211e-09  6.460214906455883e-07 
 1.646897865482930e+08  1.810853973440745e-09  6.666827529972816e-07 
 1.678804018122623e+08  1.783589038588167e-09  6.880803908414510e-07 
 1.711328304161845e+08  1.756526534739979e-09  7.102426469466612e-07 
 1.744482698999319e+08  1.729674966234790e-09  7.331987752307707e-07 
 1.778279410038989e+08  1.703042369272564e-09  7.569790670936497e-07 
 1.812730881184767e+08  1.676636310181216e-09  7.816148780118453e-07 
 1.847849797422360e+08  1.650463885665171e-09  8.071386543766238e-07 
 1.883649089489871e+08  1.624531724921116e-09  8.335839605677783e-07 
 1.920141938638874e+08  1.598845993500388e-09  8.609855062392451e-07 
 1.957341781487734e+08  1.573412398790114e-09  8.893791738036490e-07 
 1.995262314968955e+08  1.548236196982585e-09  9.188020460886371e-07 
 2.033917501372368e+08  1.523322201397621e-09  9.492924341449492e-07 
 2.073321573486033e+08  1.498674792023566e-09  9.808899051737340e-07 
 2.113489039836726e+08  1.474297926140596e-09  1.013635310544938e-06 
 2.154434690031965e+08  1.450195149892963e-09  1.047570813868070e-06 
 2.196173600205519e+08  1.426369610678310e-09  1.082739919077295e-06 
 2.238721138568424e+08  1.402824070226216e-09  1.119187498483400e-06 
 2.282092971067536e+08  1.379560918242659e-09  1.156959820743906e-06 
 2.326305067153714e+08  1.356582186502505e-09  1.196104578693194e-06 
 2.371373705661745e+08  1.333889563277716e-09  1.236670916973869e-06 
 2.417315480804195e+08  1.311484407996647e-09  1.278709459394311e-06 
 2.464147308281375e+08  1.289367766035398e-09  1.322272335945010e-06 
 2.511886431509675e+08  1.267540383551271e-09  1.367413209385108e-06 
 2.560550427970573e+08  1.246002722274747e-09  1.414187301310627e-06 
 2.610157215682636e+08  1.224754974184585e-09  1.462651417608994e-06 
 2.660725059798911e+08  1.203797075998747e-09  1.512863973192143e-06 
 2.712272579332131e+08  1.183128723420818e-09  1.564885015896275e-06 
 2.764818754010212e+08  1.162749385089758e-09  1.618776249427843e-06 
 2.818382931264561e+08  1.142658316187688e-09  1.674601055224519e-06 
 2.872984833353774e+08  1.122854571667640e-09  1.732424513096985e-06 
 2.928644564625348e+08  1.103337019069396e-09  1.792313420507320e-06 
 2.985382618918073e+08  1.084104350898676e-09  1.854336310328847e-06 
 3.043219887107838e+08  1.065155096549524e-09  1.918563466934811e-06 
 3.102177664799619e+08  1.046487633756325e-09  1.985066940444792e-06 
 3.162277660168500e+08  1.028100199565843e-09  2.053920558965057e-06 
 3.223542001952586e+08  1.009990900824786e-09  2.125199938641539e-06 
 3.285993247600780e+08  9.921577241819911e-10  2.198982491350924e-06 
 3.349654391578405e+08  9.745985456080828e-10  2.275347429843981e-06 
 3.414548873833733e+08  9.573111394384184e-10  2.354375770159651e-06 
 3.480700588428544e+08  9.402931869478735e-10  2.436150331122549e-06 
 3.548133892335891e+08  9.235422844681469e-10  2.520755730743807e-06 
 3.616873614408299e+08  9.070559510604278e-10  2.608278379339242e-06 
 3.686945064519718e+08  8.908316357573402e-10  2.698806469192448e-06 
 3.758374042884587e+08  8.748667243897990e-10  2.792429960586766e-06 
 3.831186849557436e+08  8.591585460147502e-10  2.889240564047539e-06 
 3.905410294116532e+08  8.437043789609074e-10  2.989331718637073e-06 
 3.981071705535128e+08  8.285014565095585e-10  3.092798566164966e-06 
 4.058198942243956e+08  8.135469722279657e-10  3.199737921183624e-06 
 4.136820402388668e+08  7.988380849727293e-10  3.310248236661376e-06 
 4.216965034285987e+08  7.843719235803327e-10  3.424429565239978e-06 
 4.298662347082445e+08  7.701455912617735e-10  3.542383516010780e-06 
 4.381942421619608e+08  7.561561697178343e-10  3.664213206759372e-06 
 4.466835921509806e+08  7.424007229908782e-10  3.790023211664171e-06 
 4.553374104426428e+08  7.288763010686655e-10  3.919919504455312e-06 
 4.641588833612961e+08  7.155799432548534e-10  4.054009397078975e-06 
 4.731512589614991e+08  7.025086813203736e-10  4.192401473938336e-06 
 4.823178482239497e+08  6.896595424489601e-10  4.335205521821850e-06 
 4.916620262745838e+08  6.770295519896037e-10  4.482532455669716e-06 
 5.011872336272921e+08  6.646157360278030e-10  4.634494240362445e-06 
 5.108969774507130e+08  6.524151237869777e-10  4.791203808759493e-06 
 5.207948328595670e+08  6.404247498704903e-10  4.952774976260443e-06 
 5.308844442310094e+08  6.286416563542531e-10  5.119322352197025e-06 
 5.411695265464852e+08  6.170628947391198e-10  5.290961248418177e-06 
 5.516538667595799e+08  6.056855277716889e-10  5.467807585460059e-06 
 5.623413251903714e+08  5.945066311415783e-10  5.649977796749191e-06 
 5.732358369467942e+08  5.835232950625830e-10  5.837588731320500e-06 
 5.843414133735409e+08  5.727326257447152e-10  6.030757555576687e-06 
 5.956621435290343e+08  5.621317467635590e-10  6.229601654652271e-06 
 6.072021956910129e+08  5.517178003329474e-10  6.434238533983050e-06 
 6.189658188912854e+08  5.414879484864795e-10  6.644785721716409e-06 
 6.309573444802186e+08  5.314393741731515e-10  6.861360672622996e-06 
 6.431811877215347e+08  5.215692822718010e-10  7.084080674203941e-06 
 6.556418494180053e+08  5.118749005289234e-10  7.313062755696534e-06 
 6.683439175686417e+08  5.023534804239824e-10  7.548423600711229e-06 
 6.812920690579889e+08  4.930022979661212e-10  7.790279464232405e-06 
 6.944910713781494e+08  4.838186544259033e-10  8.038746094716348e-06 
 7.079457843841667e+08  4.747998770054718e-10  8.293938662033426e-06 
 7.216611620834177e+08  4.659433194503105e-10  8.555971691967096e-06 
 7.356422544596714e+08  4.572463626055984e-10  8.824959007989463e-06 
 7.498942093324865e+08  4.487064149199570e-10  9.101013680989975e-06 
 7.644222742526315e+08  4.403209128992475e-10  9.384247987609223e-06 
 7.792317984342260e+08  4.320873215129124e-10  9.674773377795111e-06 
 7.943282347243141e+08  4.240031345552200e-10  9.972700452139779e-06 
 8.097171416105952e+08  4.160658749636699e-10  1.027813894951912e-05 
 8.254041852680523e+08  4.082730950966651e-10  1.059119774547804e-05 
 8.413951416452297e+08  4.006223769725078e-10  1.091198486174972e-05 
 8.576958985909294e+08  3.931113324716150e-10  1.124060748722733e-05 
 8.743124580221096e+08  3.857376035038304e-10  1.157717201062322e-05 
 8.912509381337823e+08  3.784988621425654e-10  1.192178406497133e-05 
 9.085175756517242e+08  3.713928107274818e-10  1.227454858404434e-05 
 9.261187281288317e+08  3.644171819373133e-10  1.263556987068450e-05 
 9.440608762859625e+08  3.575697388343856e-10  1.300495167693234e-05 
 9.623506263981285e+08  3.508482748823238e-10  1.338279729577949e-05 
 9.809947127269181e+08  3.442506139383733e-10  1.376920966426132e-05 
 1.000000000000042e+09  3.377746102217072e-10  1.416429147754128e-05 
