 frequency       av              ph             
 1.00000000e+00  2.38356226e+01 -7.96828476e-05 
 1.02920053e+00  2.38356226e+01 -8.20096288e-05 
 1.05925373e+00  2.38356226e+01 -8.44043532e-05 
 1.09018449e+00  2.38356226e+01 -8.68690048e-05 
 1.12201845e+00  2.38356226e+01 -8.94056255e-05 
 1.15478198e+00  2.38356226e+01 -9.20163169e-05 
 1.18850223e+00  2.38356226e+01 -9.47032419e-05 
 1.22320712e+00  2.38356226e+01 -9.74686265e-05 
 1.25892541e+00  2.38356226e+01 -1.00314762e-04 
 1.29568670e+00  2.38356226e+01 -1.03244006e-04 
 1.33352143e+00  2.38356226e+01 -1.06258785e-04 
 1.37246096e+00  2.38356226e+01 -1.09361598e-04 
 1.41253754e+00  2.38356226e+01 -1.12555014e-04 
 1.45378439e+00  2.38356226e+01 -1.15841680e-04 
 1.49623566e+00  2.38356226e+01 -1.19224318e-04 
 1.53992653e+00  2.38356226e+01 -1.22705731e-04 
 1.58489319e+00  2.38356226e+01 -1.26288803e-04 
 1.63117291e+00  2.38356226e+01 -1.29976502e-04 
 1.67880402e+00  2.38356226e+01 -1.33771885e-04 
 1.72782598e+00  2.38356226e+01 -1.37678094e-04 
 1.77827941e+00  2.38356226e+01 -1.41698367e-04 
 1.83020611e+00  2.38356226e+01 -1.45836034e-04 
 1.88364909e+00  2.38356226e+01 -1.50094523e-04 
 1.93865264e+00  2.38356226e+01 -1.54477363e-04 
 1.99526231e+00  2.38356226e+01 -1.58988183e-04 
 2.05352503e+00  2.38356226e+01 -1.63630722e-04 
 2.11348904e+00  2.38356226e+01 -1.68408825e-04 
 2.17520403e+00  2.38356226e+01 -1.73326452e-04 
 2.23872114e+00  2.38356226e+01 -1.78387675e-04 
 2.30409298e+00  2.38356226e+01 -1.83596690e-04 
 2.37137371e+00  2.38356226e+01 -1.88957810e-04 
 2.44061907e+00  2.38356226e+01 -1.94475477e-04 
 2.51188643e+00  2.38356226e+01 -2.00154264e-04 
 2.58523484e+00  2.38356226e+01 -2.05998874e-04 
 2.66072506e+00  2.38356226e+01 -2.12014150e-04 
 2.73841963e+00  2.38356226e+01 -2.18205074e-04 
 2.81838293e+00  2.38356226e+01 -2.24576778e-04 
 2.90068120e+00  2.38356226e+01 -2.31134538e-04 
 2.98538262e+00  2.38356226e+01 -2.37883788e-04 
 3.07255737e+00  2.38356226e+01 -2.44830120e-04 
 3.16227766e+00  2.38356226e+01 -2.51979289e-04 
 3.25461783e+00  2.38356226e+01 -2.59337217e-04 
 3.34965439e+00  2.38356226e+01 -2.66910001e-04 
 3.44746607e+00  2.38356226e+01 -2.74703913e-04 
 3.54813389e+00  2.38356226e+01 -2.82725412e-04 
 3.65174127e+00  2.38356226e+01 -2.90981143e-04 
 3.75837404e+00  2.38356226e+01 -2.99477946e-04 
 3.86812055e+00  2.38356226e+01 -3.08222860e-04 
 3.98107171e+00  2.38356226e+01 -3.17223130e-04 
 4.09732110e+00  2.38356226e+01 -3.26486213e-04 
 4.21696503e+00  2.38356226e+01 -3.36019782e-04 
 4.34010264e+00  2.38356226e+01 -3.45831737e-04 
 4.46683592e+00  2.38356226e+01 -3.55930206e-04 
 4.59726989e+00  2.38356226e+01 -3.66323556e-04 
 4.73151259e+00  2.38356226e+01 -3.77020397e-04 
 4.86967525e+00  2.38356226e+01 -3.88029591e-04 
 5.01187234e+00  2.38356226e+01 -3.99360260e-04 
 5.15822165e+00  2.38356226e+01 -4.11021790e-04 
 5.30884444e+00  2.38356226e+01 -4.23023843e-04 
 5.46386550e+00  2.38356226e+01 -4.35376362e-04 
 5.62341325e+00  2.38356226e+01 -4.48089581e-04 
 5.78761988e+00  2.38356226e+01 -4.61174033e-04 
 5.95662144e+00  2.38356226e+01 -4.74640558e-04 
 6.13055792e+00  2.38356226e+01 -4.88500313e-04 
 6.30957344e+00  2.38356226e+01 -5.02764779e-04 
 6.49381632e+00  2.38356226e+01 -5.17445776e-04 
 6.68343918e+00  2.38356226e+01 -5.32555466e-04 
 6.87859912e+00  2.38356226e+01 -5.48106366e-04 
 7.07945784e+00  2.38356226e+01 -5.64111361e-04 
 7.28618175e+00  2.38356226e+01 -5.80583710e-04 
 7.49894209e+00  2.38356226e+01 -5.97537060e-04 
 7.71791516e+00  2.38356226e+01 -6.14985457e-04 
 7.94328235e+00  2.38356226e+01 -6.32943357e-04 
 8.17523038e+00  2.38356226e+01 -6.51425637e-04 
 8.41395142e+00  2.38356226e+01 -6.70447609e-04 
 8.65964323e+00  2.38356226e+01 -6.90025032e-04 
 8.91250938e+00  2.38356226e+01 -7.10174127e-04 
 9.17275935e+00  2.38356226e+01 -7.30911586e-04 
 9.44060876e+00  2.38356226e+01 -7.52254590e-04 
 9.71627952e+00  2.38356226e+01 -7.74220820e-04 
 1.00000000e+01  2.38356226e+01 -7.96828476e-04 
 1.02920053e+01  2.38356226e+01 -8.20096288e-04 
 1.05925373e+01  2.38356226e+01 -8.44043532e-04 
 1.09018449e+01  2.38356226e+01 -8.68690048e-04 
 1.12201845e+01  2.38356226e+01 -8.94056255e-04 
 1.15478198e+01  2.38356226e+01 -9.20163169e-04 
 1.18850223e+01  2.38356226e+01 -9.47032419e-04 
 1.22320712e+01  2.38356226e+01 -9.74686265e-04 
 1.25892541e+01  2.38356226e+01 -1.00314762e-03 
 1.29568670e+01  2.38356226e+01 -1.03244006e-03 
 1.33352143e+01  2.38356226e+01 -1.06258785e-03 
 1.37246096e+01  2.38356226e+01 -1.09361598e-03 
 1.41253754e+01  2.38356226e+01 -1.12555014e-03 
 1.45378439e+01  2.38356226e+01 -1.15841680e-03 
 1.49623566e+01  2.38356226e+01 -1.19224318e-03 
 1.53992653e+01  2.38356226e+01 -1.22705731e-03 
 1.58489319e+01  2.38356226e+01 -1.26288803e-03 
 1.63117291e+01  2.38356226e+01 -1.29976502e-03 
 1.67880402e+01  2.38356226e+01 -1.33771885e-03 
 1.72782598e+01  2.38356226e+01 -1.37678094e-03 
 1.77827941e+01  2.38356226e+01 -1.41698367e-03 
 1.83020611e+01  2.38356226e+01 -1.45836034e-03 
 1.88364909e+01  2.38356226e+01 -1.50094523e-03 
 1.93865264e+01  2.38356226e+01 -1.54477363e-03 
 1.99526231e+01  2.38356226e+01 -1.58988183e-03 
 2.05352503e+01  2.38356226e+01 -1.63630722e-03 
 2.11348904e+01  2.38356226e+01 -1.68408825e-03 
 2.17520403e+01  2.38356226e+01 -1.73326452e-03 
 2.23872114e+01  2.38356226e+01 -1.78387675e-03 
 2.30409298e+01  2.38356226e+01 -1.83596690e-03 
 2.37137371e+01  2.38356226e+01 -1.88957810e-03 
 2.44061907e+01  2.38356226e+01 -1.94475477e-03 
 2.51188643e+01  2.38356226e+01 -2.00154264e-03 
 2.58523484e+01  2.38356226e+01 -2.05998874e-03 
 2.66072506e+01  2.38356226e+01 -2.12014149e-03 
 2.73841963e+01  2.38356226e+01 -2.18205074e-03 
 2.81838293e+01  2.38356226e+01 -2.24576778e-03 
 2.90068120e+01  2.38356226e+01 -2.31134538e-03 
 2.98538262e+01  2.38356226e+01 -2.37883788e-03 
 3.07255737e+01  2.38356226e+01 -2.44830120e-03 
 3.16227766e+01  2.38356226e+01 -2.51979289e-03 
 3.25461783e+01  2.38356226e+01 -2.59337217e-03 
 3.34965439e+01  2.38356226e+01 -2.66910000e-03 
 3.44746607e+01  2.38356226e+01 -2.74703913e-03 
 3.54813389e+01  2.38356226e+01 -2.82725412e-03 
 3.65174127e+01  2.38356226e+01 -2.90981143e-03 
 3.75837404e+01  2.38356226e+01 -2.99477946e-03 
 3.86812055e+01  2.38356226e+01 -3.08222860e-03 
 3.98107171e+01  2.38356226e+01 -3.17223130e-03 
 4.09732110e+01  2.38356226e+01 -3.26486213e-03 
 4.21696503e+01  2.38356226e+01 -3.36019782e-03 
 4.34010264e+01  2.38356226e+01 -3.45831737e-03 
 4.46683592e+01  2.38356226e+01 -3.55930206e-03 
 4.59726989e+01  2.38356226e+01 -3.66323555e-03 
 4.73151259e+01  2.38356226e+01 -3.77020396e-03 
 4.86967525e+01  2.38356226e+01 -3.88029591e-03 
 5.01187234e+01  2.38356226e+01 -3.99360259e-03 
 5.15822165e+01  2.38356226e+01 -4.11021789e-03 
 5.30884444e+01  2.38356226e+01 -4.23023842e-03 
 5.46386550e+01  2.38356226e+01 -4.35376361e-03 
 5.62341325e+01  2.38356226e+01 -4.48089581e-03 
 5.78761988e+01  2.38356226e+01 -4.61174033e-03 
 5.95662144e+01  2.38356226e+01 -4.74640558e-03 
 6.13055792e+01  2.38356226e+01 -4.88500312e-03 
 6.30957344e+01  2.38356226e+01 -5.02764779e-03 
 6.49381632e+01  2.38356226e+01 -5.17445775e-03 
 6.68343918e+01  2.38356226e+01 -5.32555464e-03 
 6.87859912e+01  2.38356226e+01 -5.48106365e-03 
 7.07945784e+01  2.38356226e+01 -5.64111360e-03 
 7.28618175e+01  2.38356226e+01 -5.80583709e-03 
 7.49894209e+01  2.38356226e+01 -5.97537059e-03 
 7.71791516e+01  2.38356226e+01 -6.14985456e-03 
 7.94328235e+01  2.38356226e+01 -6.32943355e-03 
 8.17523038e+01  2.38356226e+01 -6.51425635e-03 
 8.41395142e+01  2.38356226e+01 -6.70447607e-03 
 8.65964323e+01  2.38356226e+01 -6.90025030e-03 
 8.91250938e+01  2.38356226e+01 -7.10174125e-03 
 9.17275935e+01  2.38356226e+01 -7.30911583e-03 
 9.44060876e+01  2.38356226e+01 -7.52254587e-03 
 9.71627952e+01  2.38356226e+01 -7.74220817e-03 
 1.00000000e+02  2.38356226e+01 -7.96828473e-03 
 1.02920053e+02  2.38356226e+01 -8.20096284e-03 
 1.05925373e+02  2.38356226e+01 -8.44043528e-03 
 1.09018449e+02  2.38356226e+01 -8.68690044e-03 
 1.12201845e+02  2.38356226e+01 -8.94056251e-03 
 1.15478198e+02  2.38356226e+01 -9.20163164e-03 
 1.18850223e+02  2.38356225e+01 -9.47032413e-03 
 1.22320712e+02  2.38356225e+01 -9.74686259e-03 
 1.25892541e+02  2.38356225e+01 -1.00314761e-02 
 1.29568670e+02  2.38356225e+01 -1.03244005e-02 
 1.33352143e+02  2.38356225e+01 -1.06258784e-02 
 1.37246096e+02  2.38356225e+01 -1.09361597e-02 
 1.41253754e+02  2.38356225e+01 -1.12555013e-02 
 1.45378439e+02  2.38356225e+01 -1.15841679e-02 
 1.49623566e+02  2.38356225e+01 -1.19224317e-02 
 1.53992653e+02  2.38356225e+01 -1.22705729e-02 
 1.58489319e+02  2.38356225e+01 -1.26288801e-02 
 1.63117291e+02  2.38356225e+01 -1.29976501e-02 
 1.67880402e+02  2.38356225e+01 -1.33771883e-02 
 1.72782598e+02  2.38356224e+01 -1.37678093e-02 
 1.77827941e+02  2.38356224e+01 -1.41698365e-02 
 1.83020611e+02  2.38356224e+01 -1.45836032e-02 
 1.88364909e+02  2.38356224e+01 -1.50094521e-02 
 1.93865264e+02  2.38356224e+01 -1.54477360e-02 
 1.99526231e+02  2.38356224e+01 -1.58988180e-02 
 2.05352503e+02  2.38356224e+01 -1.63630719e-02 
 2.11348904e+02  2.38356223e+01 -1.68408822e-02 
 2.17520403e+02  2.38356223e+01 -1.73326448e-02 
 2.23872114e+02  2.38356223e+01 -1.78387672e-02 
 2.30409298e+02  2.38356223e+01 -1.83596685e-02 
 2.37137371e+02  2.38356223e+01 -1.88957805e-02 
 2.44061907e+02  2.38356222e+01 -1.94475472e-02 
 2.51188643e+02  2.38356222e+01 -2.00154258e-02 
 2.58523484e+02  2.38356222e+01 -2.05998868e-02 
 2.66072506e+02  2.38356222e+01 -2.12014143e-02 
 2.73841963e+02  2.38356221e+01 -2.18205067e-02 
 2.81838293e+02  2.38356221e+01 -2.24576770e-02 
 2.90068120e+02  2.38356221e+01 -2.31134530e-02 
 2.98538262e+02  2.38356220e+01 -2.37883779e-02 
 3.07255737e+02  2.38356220e+01 -2.44830110e-02 
 3.16227766e+02  2.38356220e+01 -2.51979278e-02 
 3.25461783e+02  2.38356219e+01 -2.59337205e-02 
 3.34965439e+02  2.38356219e+01 -2.66909988e-02 
 3.44746607e+02  2.38356218e+01 -2.74703899e-02 
 3.54813389e+02  2.38356218e+01 -2.82725397e-02 
 3.65174127e+02  2.38356217e+01 -2.90981127e-02 
 3.75837404e+02  2.38356217e+01 -2.99477928e-02 
 3.86812055e+02  2.38356216e+01 -3.08222840e-02 
 3.98107171e+02  2.38356216e+01 -3.17223109e-02 
 4.09732110e+02  2.38356215e+01 -3.26486189e-02 
 4.21696503e+02  2.38356214e+01 -3.36019757e-02 
 4.34010264e+02  2.38356214e+01 -3.45831709e-02 
 4.46683592e+02  2.38356213e+01 -3.55930176e-02 
 4.59726989e+02  2.38356212e+01 -3.66323523e-02 
 4.73151259e+02  2.38356211e+01 -3.77020361e-02 
 4.86967525e+02  2.38356210e+01 -3.88029552e-02 
 5.01187234e+02  2.38356210e+01 -3.99360217e-02 
 5.15822165e+02  2.38356209e+01 -4.11021743e-02 
 5.30884444e+02  2.38356207e+01 -4.23023792e-02 
 5.46386550e+02  2.38356206e+01 -4.35376306e-02 
 5.62341325e+02  2.38356205e+01 -4.48089521e-02 
 5.78761988e+02  2.38356204e+01 -4.61173967e-02 
 5.95662144e+02  2.38356203e+01 -4.74640486e-02 
 6.13055792e+02  2.38356201e+01 -4.88500234e-02 
 6.30957344e+02  2.38356200e+01 -5.02764694e-02 
 6.49381632e+02  2.38356198e+01 -5.17445682e-02 
 6.68343918e+02  2.38356196e+01 -5.32555363e-02 
 6.87859912e+02  2.38356195e+01 -5.48106255e-02 
 7.07945784e+02  2.38356193e+01 -5.64111239e-02 
 7.28618175e+02  2.38356191e+01 -5.80583578e-02 
 7.49894209e+02  2.38356189e+01 -5.97536916e-02 
 7.71791516e+02  2.38356186e+01 -6.14985300e-02 
 7.94328235e+02  2.38356184e+01 -6.32943186e-02 
 8.17523038e+02  2.38356181e+01 -6.51425450e-02 
 8.41395142e+02  2.38356179e+01 -6.70447405e-02 
 8.65964323e+02  2.38356176e+01 -6.90024810e-02 
 8.91250938e+02  2.38356173e+01 -7.10173885e-02 
 9.17275935e+02  2.38356170e+01 -7.30911322e-02 
 9.44060876e+02  2.38356166e+01 -7.52254302e-02 
 9.71627952e+02  2.38356163e+01 -7.74220507e-02 
 1.00000000e+03  2.38356159e+01 -7.96828134e-02 
 1.02920053e+03  2.38356155e+01 -8.20095915e-02 
 1.05925373e+03  2.38356151e+01 -8.44043125e-02 
 1.09018449e+03  2.38356146e+01 -8.68689605e-02 
 1.12201845e+03  2.38356142e+01 -8.94055772e-02 
 1.15478198e+03  2.38356137e+01 -9.20162643e-02 
 1.18850223e+03  2.38356131e+01 -9.47031845e-02 
 1.22320712e+03  2.38356126e+01 -9.74685639e-02 
 1.25892541e+03  2.38356120e+01 -1.00314694e-01 
 1.29568670e+03  2.38356113e+01 -1.03243931e-01 
 1.33352143e+03  2.38356107e+01 -1.06258704e-01 
 1.37246096e+03  2.38356100e+01 -1.09361509e-01 
 1.41253754e+03  2.38356092e+01 -1.12554918e-01 
 1.45378439e+03  2.38356084e+01 -1.15841575e-01 
 1.49623566e+03  2.38356076e+01 -1.19224203e-01 
 1.53992653e+03  2.38356067e+01 -1.22705606e-01 
 1.58489319e+03  2.38356057e+01 -1.26288667e-01 
 1.63117291e+03  2.38356047e+01 -1.29976354e-01 
 1.67880402e+03  2.38356037e+01 -1.33771723e-01 
 1.72782598e+03  2.38356026e+01 -1.37677918e-01 
 1.77827941e+03  2.38356014e+01 -1.41698175e-01 
 1.83020611e+03  2.38356001e+01 -1.45835825e-01 
 1.88364909e+03  2.38355988e+01 -1.50094295e-01 
 1.93865264e+03  2.38355974e+01 -1.54477113e-01 
 1.99526231e+03  2.38355959e+01 -1.58987911e-01 
 2.05352503e+03  2.38355943e+01 -1.63630426e-01 
 2.11348904e+03  2.38355926e+01 -1.68408502e-01 
 2.17520403e+03  2.38355908e+01 -1.73326100e-01 
 2.23872114e+03  2.38355889e+01 -1.78387292e-01 
 2.30409298e+03  2.38355869e+01 -1.83596271e-01 
 2.37137371e+03  2.38355848e+01 -1.88957354e-01 
 2.44061907e+03  2.38355826e+01 -1.94474980e-01 
 2.51188643e+03  2.38355802e+01 -2.00153722e-01 
 2.58523484e+03  2.38355777e+01 -2.05998283e-01 
 2.66072506e+03  2.38355750e+01 -2.12013505e-01 
 2.73841963e+03  2.38355722e+01 -2.18204372e-01 
 2.81838293e+03  2.38355692e+01 -2.24576012e-01 
 2.90068120e+03  2.38355660e+01 -2.31133703e-01 
 2.98538262e+03  2.38355627e+01 -2.37882878e-01 
 3.07255737e+03  2.38355591e+01 -2.44829128e-01 
 3.16227766e+03  2.38355554e+01 -2.51978208e-01 
 3.25461783e+03  2.38355514e+01 -2.59336038e-01 
 3.34965439e+03  2.38355472e+01 -2.66908715e-01 
 3.44746607e+03  2.38355427e+01 -2.74702512e-01 
 3.54813389e+03  2.38355380e+01 -2.82723885e-01 
 3.65174127e+03  2.38355329e+01 -2.90979478e-01 
 3.75837404e+03  2.38355276e+01 -2.99476131e-01 
 3.86812055e+03  2.38355220e+01 -3.08220881e-01 
 3.98107171e+03  2.38355160e+01 -3.17220972e-01 
 4.09732110e+03  2.38355097e+01 -3.26483861e-01 
 4.21696503e+03  2.38355030e+01 -3.36017218e-01 
 4.34010264e+03  2.38354959e+01 -3.45828941e-01 
 4.46683592e+03  2.38354884e+01 -3.55927158e-01 
 4.59726989e+03  2.38354805e+01 -3.66320233e-01 
 4.73151259e+03  2.38354720e+01 -3.77016775e-01 
 4.86967525e+03  2.38354631e+01 -3.88025642e-01 
 5.01187234e+03  2.38354537e+01 -3.99355955e-01 
 5.15822165e+03  2.38354437e+01 -4.11017097e-01 
 5.30884444e+03  2.38354331e+01 -4.23018726e-01 
 5.46386550e+03  2.38354218e+01 -4.35370784e-01 
 5.62341325e+03  2.38354099e+01 -4.48083500e-01 
 5.78761988e+03  2.38353973e+01 -4.61167404e-01 
 5.95662144e+03  2.38353840e+01 -4.74633331e-01 
 6.13055792e+03  2.38353698e+01 -4.88492434e-01 
 6.30957344e+03  2.38353548e+01 -5.02756190e-01 
 6.49381632e+03  2.38353390e+01 -5.17436412e-01 
 6.68343918e+03  2.38353222e+01 -5.32545257e-01 
 6.87859912e+03  2.38353044e+01 -5.48095237e-01 
 7.07945784e+03  2.38352855e+01 -5.64099228e-01 
 7.28618175e+03  2.38352655e+01 -5.80570483e-01 
 7.49894209e+03  2.38352444e+01 -5.97522640e-01 
 7.71791516e+03  2.38352220e+01 -6.14969737e-01 
 7.94328235e+03  2.38351982e+01 -6.32926219e-01 
 8.17523038e+03  2.38351731e+01 -6.51406953e-01 
 8.41395142e+03  2.38351464e+01 -6.70427240e-01 
 8.65964323e+03  2.38351182e+01 -6.90002827e-01 
 8.91250938e+03  2.38350883e+01 -7.10149919e-01 
 9.17275935e+03  2.38350567e+01 -7.30885195e-01 
 9.44060876e+03  2.38350231e+01 -7.52225819e-01 
 9.71627952e+03  2.38349876e+01 -7.74189455e-01 
 1.00000000e+04  2.38349500e+01 -7.96794283e-01 
 1.02920053e+04  2.38349101e+01 -8.20059011e-01 
 1.05925373e+04  2.38348679e+01 -8.44002893e-01 
 1.09018449e+04  2.38348232e+01 -8.68645744e-01 
 1.12201845e+04  2.38347758e+01 -8.94007956e-01 
 1.15478198e+04  2.38347257e+01 -9.20110515e-01 
 1.18850223e+04  2.38346725e+01 -9.46975016e-01 
 1.22320712e+04  2.38346162e+01 -9.74623686e-01 
 1.25892541e+04  2.38345566e+01 -1.00307940e+00 
 1.29568670e+04  2.38344935e+01 -1.03236568e+00 
 1.33352143e+04  2.38344266e+01 -1.06250677e+00 
 1.37246096e+04  2.38343557e+01 -1.09352758e+00 
 1.41253754e+04  2.38342806e+01 -1.12545378e+00 
 1.45378439e+04  2.38342011e+01 -1.15831174e+00 
 1.49623566e+04  2.38341169e+01 -1.19212865e+00 
 1.53992653e+04  2.38340277e+01 -1.22693246e+00 
 1.58489319e+04  2.38339332e+01 -1.26275192e+00 
 1.63117291e+04  2.38338331e+01 -1.29961664e+00 
 1.67880402e+04  2.38337271e+01 -1.33755708e+00 
 1.72782598e+04  2.38336148e+01 -1.37660459e+00 
 1.77827941e+04  2.38334959e+01 -1.41679142e+00 
 1.83020611e+04  2.38333699e+01 -1.45815076e+00 
 1.88364909e+04  2.38332364e+01 -1.50071675e+00 
 1.93865264e+04  2.38330951e+01 -1.54452454e+00 
 1.99526231e+04  2.38329453e+01 -1.58961029e+00 
 2.05352503e+04  2.38327868e+01 -1.63601119e+00 
 2.11348904e+04  2.38326188e+01 -1.68376554e+00 
 2.17520403e+04  2.38324408e+01 -1.73291270e+00 
 2.23872114e+04  2.38322524e+01 -1.78349322e+00 
 2.30409298e+04  2.38320527e+01 -1.83554879e+00 
 2.37137371e+04  2.38318413e+01 -1.88912229e+00 
 2.44061907e+04  2.38316173e+01 -1.94425788e+00 
 2.51188643e+04  2.38313801e+01 -2.00100095e+00 
 2.58523484e+04  2.38311288e+01 -2.05939821e+00 
 2.66072506e+04  2.38308627e+01 -2.11949774e+00 
 2.73841963e+04  2.38305808e+01 -2.18134895e+00 
 2.81838293e+04  2.38302822e+01 -2.24500272e+00 
 2.90068120e+04  2.38299659e+01 -2.31051137e+00 
 2.98538262e+04  2.38296309e+01 -2.37792869e+00 
 3.07255737e+04  2.38292761e+01 -2.44731006e+00 
 3.16227766e+04  2.38289003e+01 -2.51871241e+00 
 3.25461783e+04  2.38285023e+01 -2.59219431e+00 
 3.34965439e+04  2.38280807e+01 -2.66781599e+00 
 3.44746607e+04  2.38276342e+01 -2.74563940e+00 
 3.54813389e+04  2.38271613e+01 -2.82572825e+00 
 3.65174127e+04  2.38266604e+01 -2.90814805e+00 
 3.75837404e+04  2.38261298e+01 -2.99296619e+00 
 3.86812055e+04  2.38255679e+01 -3.08025194e+00 
 3.98107171e+04  2.38249728e+01 -3.17007654e+00 
 4.09732110e+04  2.38243425e+01 -3.26251323e+00 
 4.21696503e+04  2.38236749e+01 -3.35763730e+00 
 4.34010264e+04  2.38229678e+01 -3.45552618e+00 
 4.46683592e+04  2.38222190e+01 -3.55625944e+00 
 4.59726989e+04  2.38214260e+01 -3.65991887e+00 
 4.73151259e+04  2.38205860e+01 -3.76658855e+00 
 4.86967525e+04  2.38196965e+01 -3.87635489e+00 
 5.01187234e+04  2.38187544e+01 -3.98930667e+00 
 5.15822165e+04  2.38177567e+01 -4.10553513e+00 
 5.30884444e+04  2.38167002e+01 -4.22513403e+00 
 5.46386550e+04  2.38155812e+01 -4.34819967e+00 
 5.62341325e+04  2.38143962e+01 -4.47483100e+00 
 5.78761988e+04  2.38131414e+01 -4.60512961e+00 
 5.95662144e+04  2.38118125e+01 -4.73919989e+00 
 6.13055792e+04  2.38104053e+01 -4.87714899e+00 
 6.30957344e+04  2.38089151e+01 -5.01908695e+00 
 6.49381632e+04  2.38073371e+01 -5.16512673e+00 
 6.68343918e+04  2.38056662e+01 -5.31538426e+00 
 6.87859912e+04  2.38038969e+01 -5.46997854e+00 
 7.07945784e+04  2.38020234e+01 -5.62903165e+00 
 7.28618175e+04  2.38000398e+01 -5.79266884e+00 
 7.49894209e+04  2.37979394e+01 -5.96101859e+00 
 7.71791516e+04  2.37957156e+01 -6.13421264e+00 
 7.94328235e+04  2.37933611e+01 -6.31238606e+00 
 8.17523038e+04  2.37908683e+01 -6.49567731e+00 
 8.41395142e+04  2.37882292e+01 -6.68422825e+00 
 8.65964323e+04  2.37854352e+01 -6.87818426e+00 
 8.91250938e+04  2.37824774e+01 -7.07769421e+00 
 9.17275935e+04  2.37793464e+01 -7.28291052e+00 
 9.44060876e+04  2.37760319e+01 -7.49398924e+00 
 9.71627952e+04  2.37725235e+01 -7.71109001e+00 
 1.00000000e+05  2.37688099e+01 -7.93437616e+00 
 1.02920053e+05  2.37648794e+01 -8.16401466e+00 
 1.05925373e+05  2.37607194e+01 -8.40017617e+00 
 1.09018449e+05  2.37563167e+01 -8.64303507e+00 
 1.12201845e+05  2.37516574e+01 -8.89276941e+00 
 1.15478198e+05  2.37467269e+01 -9.14956091e+00 
 1.18850223e+05  2.37415095e+01 -9.41359498e+00 
 1.22320712e+05  2.37359891e+01 -9.68506062e+00 
 1.25892541e+05  2.37301483e+01 -9.96415047e+00 
 1.29568670e+05  2.37239690e+01 -1.02510606e+01 
 1.33352143e+05  2.37174319e+01 -1.05459907e+01 
 1.37246096e+05  2.37105170e+01 -1.08491437e+01 
 1.41253754e+05  2.37032029e+01 -1.11607259e+01 
 1.45378439e+05  2.36954673e+01 -1.14809466e+01 
 1.49623566e+05  2.36872865e+01 -1.18100183e+01 
 1.53992653e+05  2.36786357e+01 -1.21481561e+01 
 1.58489319e+05  2.36694889e+01 -1.24955782e+01 
 1.63117291e+05  2.36598186e+01 -1.28525048e+01 
 1.67880402e+05  2.36495960e+01 -1.32191586e+01 
 1.72782598e+05  2.36387907e+01 -1.35957641e+01 
 1.77827941e+05  2.36273709e+01 -1.39825477e+01 
 1.83020611e+05  2.36153031e+01 -1.43797369e+01 
 1.88364909e+05  2.36025525e+01 -1.47875604e+01 
 1.93865264e+05  2.35890821e+01 -1.52062473e+01 
 1.99526231e+05  2.35748536e+01 -1.56360271e+01 
 2.05352503e+05  2.35598265e+01 -1.60771288e+01 
 2.11348904e+05  2.35439587e+01 -1.65297808e+01 
 2.17520403e+05  2.35272060e+01 -1.69942100e+01 
 2.23872114e+05  2.35095224e+01 -1.74706413e+01 
 2.30409298e+05  2.34908597e+01 -1.79592972e+01 
 2.37137371e+05  2.34711677e+01 -1.84603969e+01 
 2.44061907e+05  2.34503939e+01 -1.89741553e+01 
 2.51188643e+05  2.34284838e+01 -1.95007828e+01 
 2.58523484e+05  2.34053806e+01 -2.00404840e+01 
 2.66072506e+05  2.33810254e+01 -2.05934572e+01 
 2.73841963e+05  2.33553568e+01 -2.11598930e+01 
 2.81838293e+05  2.33283113e+01 -2.17399735e+01 
 2.90068120e+05  2.32998231e+01 -2.23338717e+01 
 2.98538262e+05  2.32698239e+01 -2.29417498e+01 
 3.07255737e+05  2.32382434e+01 -2.35637583e+01 
 3.16227766e+05  2.32050088e+01 -2.42000351e+01 
 3.25461783e+05  2.31700452e+01 -2.48507039e+01 
 3.34965439e+05  2.31332756e+01 -2.55158733e+01 
 3.44746607e+05  2.30946207e+01 -2.61956355e+01 
 3.54813389e+05  2.30539993e+01 -2.68900647e+01 
 3.65174127e+05  2.30113282e+01 -2.75992166e+01 
 3.75837404e+05  2.29665223e+01 -2.83231262e+01 
 3.86812055e+05  2.29194950e+01 -2.90618073e+01 
 3.98107171e+05  2.28701579e+01 -2.98152507e+01 
 4.09732110e+05  2.28184213e+01 -3.05834236e+01 
 4.21696503e+05  2.27641942e+01 -3.13662678e+01 
 4.34010264e+05  2.27073848e+01 -3.21636990e+01 
 4.46683592e+05  2.26479002e+01 -3.29756057e+01 
 4.59726989e+05  2.25856472e+01 -3.38018483e+01 
 4.73151259e+05  2.25205320e+01 -3.46422581e+01 
 4.86967525e+05  2.24524610e+01 -3.54966365e+01 
 5.01187234e+05  2.23813406e+01 -3.63647548e+01 
 5.15822165e+05  2.23070780e+01 -3.72463532e+01 
 5.30884444e+05  2.22295809e+01 -3.81411411e+01 
 5.46386550e+05  2.21487583e+01 -3.90487963e+01 
 5.62341325e+05  2.20645208e+01 -3.99689655e+01 
 5.78761988e+05  2.19767806e+01 -4.09012641e+01 
 5.95662144e+05  2.18854520e+01 -4.18452771e+01 
 6.13055792e+05  2.17904519e+01 -4.28005592e+01 
 6.30957344e+05  2.16916998e+01 -4.37666357e+01 
 6.49381632e+05  2.15891182e+01 -4.47430035e+01 
 6.68343918e+05  2.14826332e+01 -4.57291324e+01 
 6.87859912e+05  2.13721744e+01 -4.67244660e+01 
 7.07945784e+05  2.12576752e+01 -4.77284235e+01 
 7.28618175e+05  2.11390733e+01 -4.87404010e+01 
 7.49894209e+05  2.10163107e+01 -4.97597738e+01 
 7.71791516e+05  2.08893339e+01 -5.07858975e+01 
 7.94328235e+05  2.07580941e+01 -5.18181105e+01 
 8.17523038e+05  2.06225474e+01 -5.28557360e+01 
 8.41395142e+05  2.04826549e+01 -5.38980836e+01 
 8.65964323e+05  2.03383825e+01 -5.49444519e+01 
 8.91250938e+05  2.01897015e+01 -5.59941302e+01 
 9.17275935e+05  2.00365879e+01 -5.70464006e+01 
 9.44060876e+05  1.98790229e+01 -5.81005402e+01 
 9.71627952e+05  1.97169929e+01 -5.91558225e+01 
 1.00000000e+06  1.95504889e+01 -6.02115197e+01 
 1.02920053e+06  1.93795070e+01 -6.12669040e+01 
 1.05925373e+06  1.92040479e+01 -6.23212492e+01 
 1.09018449e+06  1.90241171e+01 -6.33738323e+01 
 1.12201845e+06  1.88397244e+01 -6.44239341e+01 
 1.15478198e+06  1.86508840e+01 -6.54708409e+01 
 1.18850223e+06  1.84576145e+01 -6.65138450e+01 
 1.22320712e+06  1.82599383e+01 -6.75522456e+01 
 1.25892541e+06  1.80578819e+01 -6.85853492e+01 
 1.29568670e+06  1.78514756e+01 -6.96124702e+01 
 1.33352143e+06  1.76407534e+01 -7.06329310e+01 
 1.37246096e+06  1.74257530e+01 -7.16460624e+01 
 1.41253754e+06  1.72065154e+01 -7.26512036e+01 
 1.45378439e+06  1.69830853e+01 -7.36477021e+01 
 1.49623566e+06  1.67555107e+01 -7.46349143e+01 
 1.53992653e+06  1.65238432e+01 -7.56122046e+01 
 1.58489319e+06  1.62881374e+01 -7.65789464e+01 
 1.63117291e+06  1.60484520e+01 -7.75345213e+01 
 1.67880402e+06  1.58048485e+01 -7.84783200e+01 
 1.72782598e+06  1.55573925e+01 -7.94097422e+01 
 1.77827941e+06  1.53061529e+01 -8.03281970e+01 
 1.83020611e+06  1.50512026e+01 -8.12331033e+01 
 1.88364909e+06  1.47926181e+01 -8.21238910e+01 
 1.93865264e+06  1.45304800e+01 -8.30000015e+01 
 1.99526231e+06  1.42648728e+01 -8.38608888e+01 
 2.05352503e+06  1.39958852e+01 -8.47060211e+01 
 2.11348904e+06  1.37236102e+01 -8.55348817e+01 
 2.17520403e+06  1.34481451e+01 -8.63469715e+01 
 2.23872114e+06  1.31695914e+01 -8.71418101e+01 
 2.30409298e+06  1.28880551e+01 -8.79189386e+01 
 2.37137371e+06  1.26036468e+01 -8.86779210e+01 
 2.44061907e+06  1.23164810e+01 -8.94183474e+01 
 2.51188643e+06  1.20266769e+01 -9.01398359e+01 
 2.58523484e+06  1.17343575e+01 -9.08420353e+01 
 2.66072506e+06  1.14396502e+01 -9.15246277e+01 
 2.73841963e+06  1.11426859e+01 -9.21873312e+01 
 2.81838293e+06  1.08435991e+01 -9.28299022e+01 
 2.90068120e+06  1.05425277e+01 -9.34521381e+01 
 2.98538262e+06  1.02396124e+01 -9.40538794e+01 
 3.07255737e+06  9.93499631e+00 -9.46350121e+01 
 3.16227766e+06  9.62882477e+00 -9.51954697e+01 
 3.25461783e+06  9.32124470e+00 -9.57352347e+01 
 3.34965439e+06  9.01240408e+00 -9.62543401e+01 
 3.44746607e+06  8.70245150e+00 -9.67528710e+01 
 3.54813389e+06  8.39153553e+00 -9.72309647e+01 
 3.65174127e+06  8.07980416e+00 -9.76888118e+01 
 3.75837404e+06  7.76740425e+00 -9.81266558e+01 
 3.86812055e+06  7.45448087e+00 -9.85447933e+01 
 3.98107171e+06  7.14117676e+00 -9.89435729e+01 
 4.09732110e+06  6.82763170e+00 -9.93233944e+01 
 4.21696503e+06  6.51398201e+00 -9.96847074e+01 
 4.34010264e+06  6.20035991e+00 -1.00028009e+02 
 4.46683592e+06  5.88689310e+00 -1.00353843e+02 
 4.59726989e+06  5.57370421e+00 -1.00662796e+02 
 4.73151259e+06  5.26091039e+00 -1.00955495e+02 
 4.86967525e+06  4.94862291e+00 -1.01232605e+02 
 5.01187234e+06  4.63694677e+00 -1.01494825e+02 
 5.15822165e+06  4.32598049e+00 -1.01742887e+02 
 5.30884444e+06  4.01581575e+00 -1.01977549e+02 
 5.46386550e+06  3.70653730e+00 -1.02199593e+02 
 5.62341325e+06  3.39822275e+00 -1.02409822e+02 
 5.78761988e+06  3.09094253e+00 -1.02609058e+02 
 5.95662144e+06  2.78475984e+00 -1.02798131e+02 
 6.13055792e+06  2.47973065e+00 -1.02977887e+02 
 6.30957344e+06  2.17590384e+00 -1.03149174e+02 
 6.49381632e+06  1.87332122e+00 -1.03312845e+02 
 6.68343918e+06  1.57201775e+00 -1.03469751e+02 
 6.87859912e+06  1.27202172e+00 -1.03620744e+02 
 7.07945784e+06  9.73354984e-01 -1.03766667e+02 
 7.28618175e+06  6.76033178e-01 -1.03908355e+02 
 7.49894209e+06  3.80066050e-01 -1.04046633e+02 
 7.71791516e+06  8.54577376e-02 -1.04182315e+02 
 7.94328235e+06 -2.07792913e-01 -1.04316199e+02 
 8.17523038e+06 -4.99692016e-01 -1.04449068e+02 
 8.41395142e+06 -7.90250312e-01 -1.04581687e+02 
 8.65964323e+06 -1.07948283e+00 -1.04714804e+02 
 8.91250938e+06 -1.36740854e+00 -1.04849149e+02 
 9.17275935e+06 -1.65405003e+00 -1.04985429e+02 
 9.44060876e+06 -1.93943319e+00 -1.05124336e+02 
 9.71627952e+06 -2.22358685e+00 -1.05266538e+02 
 1.00000000e+07 -2.50654253e+00 -1.05412685e+02 
 1.02920053e+07 -2.78833410e+00 -1.05563406e+02 
 1.05925373e+07 -3.06899752e+00 -1.05719311e+02 
 1.09018449e+07 -3.34857059e+00 -1.05880990e+02 
 1.12201845e+07 -3.62709268e+00 -1.06049016e+02 
 1.15478198e+07 -3.90460451e+00 -1.06223943e+02 
 1.18850223e+07 -4.18114796e+00 -1.06406307e+02 
 1.22320712e+07 -4.45676587e+00 -1.06596629e+02 
 1.25892541e+07 -4.73150183e+00 -1.06795413e+02 
 1.29568670e+07 -5.00540011e+00 -1.07003150e+02 
 1.33352143e+07 -5.27850542e+00 -1.07220314e+02 
 1.37246096e+07 -5.55086288e+00 -1.07447371e+02 
 1.41253754e+07 -5.82251786e+00 -1.07684771e+02 
 1.45378439e+07 -6.09351592e+00 -1.07932954e+02 
 1.49623566e+07 -6.36390271e+00 -1.08192351e+02 
 1.53992653e+07 -6.63372397e+00 -1.08463384e+02 
 1.58489319e+07 -6.90302540e+00 -1.08746465e+02 
 1.63117291e+07 -7.17185272e+00 -1.09042001e+02 
 1.67880402e+07 -7.44025156e+00 -1.09350391e+02 
 1.72782598e+07 -7.70826752e+00 -1.09672028e+02 
 1.77827941e+07 -7.97594613e+00 -1.10007303e+02 
 1.83020611e+07 -8.24333288e+00 -1.10356600e+02 
 1.88364909e+07 -8.51047321e+00 -1.10720300e+02 
 1.93865264e+07 -8.77741256e+00 -1.11098782e+02 
 1.99526231e+07 -9.04419639e+00 -1.11492422e+02 
 2.05352503e+07 -9.31087023e+00 -1.11901595e+02 
 2.11348904e+07 -9.57747968e+00 -1.12326675e+02 
 2.17520403e+07 -9.84407050e+00 -1.12768033e+02 
 2.23872114e+07 -1.01106886e+01 -1.13226041e+02 
 2.30409298e+07 -1.03773803e+01 -1.13701070e+02 
 2.37137371e+07 -1.06441919e+01 -1.14193493e+02 
 2.44061907e+07 -1.09111703e+01 -1.14703680e+02 
 2.51188643e+07 -1.11783628e+01 -1.15232002e+02 
 2.58523484e+07 -1.14458170e+01 -1.15778832e+02 
 2.66072506e+07 -1.17135811e+01 -1.16344540e+02 
 2.73841963e+07 -1.19817039e+01 -1.16929499e+02 
 2.81838293e+07 -1.22502348e+01 -1.17534079e+02 
 2.90068120e+07 -1.25192239e+01 -1.18158651e+02 
 2.98538262e+07 -1.27887218e+01 -1.18803584e+02 
 3.07255737e+07 -1.30587800e+01 -1.19469249e+02 
 3.16227766e+07 -1.33294510e+01 -1.20156010e+02 
 3.25461783e+07 -1.36007876e+01 -1.20864232e+02 
 3.34965439e+07 -1.38728439e+01 -1.21594277e+02 
 3.44746607e+07 -1.41456745e+01 -1.22346503e+02 
 3.54813389e+07 -1.44193352e+01 -1.23121262e+02 
 3.65174127e+07 -1.46938822e+01 -1.23918903e+02 
 3.75837404e+07 -1.49693728e+01 -1.24739767e+02 
 3.86812055e+07 -1.52458651e+01 -1.25584190e+02 
 3.98107171e+07 -1.55234178e+01 -1.26452498e+02 
 4.09732110e+07 -1.58020904e+01 -1.27345007e+02 
 4.21696503e+07 -1.60819431e+01 -1.28262027e+02 
 4.34010264e+07 -1.63630363e+01 -1.29203850e+02 
 4.46683592e+07 -1.66454313e+01 -1.30170761e+02 
 4.59726989e+07 -1.69291893e+01 -1.31163028e+02 
 4.73151259e+07 -1.72143720e+01 -1.32180904e+02 
 4.86967525e+07 -1.75010409e+01 -1.33224625e+02 
 5.01187234e+07 -1.77892574e+01 -1.34294410e+02 
 5.15822165e+07 -1.80790826e+01 -1.35390459e+02 
 5.30884444e+07 -1.83705771e+01 -1.36512949e+02 
 5.46386550e+07 -1.86638006e+01 -1.37662039e+02 
 5.62341325e+07 -1.89588118e+01 -1.38837860e+02 
 5.78761988e+07 -1.92556681e+01 -1.40040523e+02 
 5.95662144e+07 -1.95544254e+01 -1.41270111e+02 
 6.13055792e+07 -1.98551375e+01 -1.42526681e+02 
 6.30957344e+07 -2.01578563e+01 -1.43810263e+02 
 6.49381632e+07 -2.04626309e+01 -1.45120858e+02 
 6.68343918e+07 -2.07695078e+01 -1.46458439e+02 
 6.87859912e+07 -2.10785301e+01 -1.47822947e+02 
 7.07945784e+07 -2.13897375e+01 -1.49214295e+02 
 7.28618175e+07 -2.17031659e+01 -1.50632363e+02 
 7.49894209e+07 -2.20188468e+01 -1.52077003e+02 
 7.71791516e+07 -2.23368074e+01 -1.53548033e+02 
 7.94328235e+07 -2.26570699e+01 -1.55045243e+02 
 8.17523038e+07 -2.29796513e+01 -1.56568390e+02 
 8.41395142e+07 -2.33045635e+01 -1.58117202e+02 
 8.65964323e+07 -2.36318124e+01 -1.59691378e+02 
 8.91250938e+07 -2.39613982e+01 -1.61290587e+02 
 9.17275935e+07 -2.42933149e+01 -1.62914472e+02 
 9.44060876e+07 -2.46275505e+01 -1.64562645e+02 
 9.71627952e+07 -2.49640866e+01 -1.66234697e+02 
 1.00000000e+08 -2.53028983e+01 -1.67930191e+02 
 1.02920053e+08 -2.56439546e+01 -1.69648667e+02 
 1.05925373e+08 -2.59872180e+01 -1.71389644e+02 
 1.09018449e+08 -2.63326449e+01 -1.73152620e+02 
 1.12201845e+08 -2.66801857e+01 -1.74937072e+02 
 1.15478198e+08 -2.70297849e+01 -1.76742462e+02 
 1.18850223e+08 -2.73813815e+01 -1.78568232e+02 
 1.22320712e+08 -2.77349094e+01 -1.80413810e+02 
 1.25892541e+08 -2.80902975e+01 -1.82278612e+02 
 1.29568670e+08 -2.84474706e+01 -1.84162038e+02 
 1.33352143e+08 -2.88063495e+01 -1.86063478e+02 
 1.37246096e+08 -2.91668517e+01 -1.87982311e+02 
 1.41253754e+08 -2.95288921e+01 -1.89917907e+02 
 1.45378439e+08 -2.98923834e+01 -1.91869627e+02 
 1.49623566e+08 -3.02572367e+01 -1.93836823e+02 
 1.53992653e+08 -3.06233627e+01 -1.95818841e+02 
 1.58489319e+08 -3.09906718e+01 -1.97815020e+02 
 1.63117291e+08 -3.13590751e+01 -1.99824693e+02 
 1.67880402e+08 -3.17284851e+01 -2.01847187e+02 
 1.72782598e+08 -3.20988163e+01 -2.03881824e+02 
 1.77827941e+08 -3.24699861e+01 -2.05927922e+02 
 1.83020611e+08 -3.28419154e+01 -2.07984795e+02 
 1.88364909e+08 -3.32145292e+01 -2.10051751e+02 
 1.93865264e+08 -3.35877573e+01 -2.12128096e+02 
 1.99526231e+08 -3.39615349e+01 -2.14213132e+02 
 2.05352503e+08 -3.43358031e+01 -2.16306158e+02 
 2.11348904e+08 -3.47105094e+01 -2.18406471e+02 
 2.17520403e+08 -3.50856084e+01 -2.20513366e+02 
 2.23872114e+08 -3.54610617e+01 -2.22626135e+02 
 2.30409298e+08 -3.58368386e+01 -2.24744069e+02 
 2.37137371e+08 -3.62129163e+01 -2.26866460e+02 
 2.44061907e+08 -3.65892798e+01 -2.28992597e+02 
 2.51188643e+08 -3.69659224e+01 -2.31121771e+02 
 2.58523484e+08 -3.73428454e+01 -2.33253273e+02 
 2.66072506e+08 -3.77200581e+01 -2.35386395e+02 
 2.73841963e+08 -3.80975778e+01 -2.37520433e+02 
 2.81838293e+08 -3.84754297e+01 -2.39654682e+02 
 2.90068120e+08 -3.88536461e+01 -2.41788443e+02 
 2.98538262e+08 -3.92322666e+01 -2.43921020e+02 
 3.07255737e+08 -3.96113374e+01 -2.46051720e+02 
 3.16227766e+08 -3.99909108e+01 -2.48179857e+02 
 3.25461783e+08 -4.03710451e+01 -2.50304747e+02 
 3.34965439e+08 -4.07518032e+01 -2.52425716e+02 
 3.44746607e+08 -4.11332528e+01 -2.54542095e+02 
 3.54813389e+08 -4.15154653e+01 -2.56653220e+02 
 3.65174127e+08 -4.18985150e+01 -2.58758439e+02 
 3.75837404e+08 -4.22824788e+01 -2.60857105e+02 
 3.86812055e+08 -4.26674351e+01 -2.62948582e+02 
 3.98107171e+08 -4.30534633e+01 -2.65032244e+02 
 4.09732110e+08 -4.34406426e+01 -2.67107475e+02 
 4.21696503e+08 -4.38290522e+01 -2.69173670e+02 
 4.34010264e+08 -4.42187694e+01 -2.71230240e+02 
 4.46683592e+08 -4.46098699e+01 -2.73276604e+02 
 4.59726989e+08 -4.50024264e+01 -2.75312200e+02 
 4.73151259e+08 -4.53965087e+01 -2.77336480e+02 
 4.86967525e+08 -4.57921822e+01 -2.79348913e+02 
 5.01187234e+08 -4.61895082e+01 -2.81348987e+02 
 5.15822165e+08 -4.65885428e+01 -2.83336206e+02 
 5.30884444e+08 -4.69893369e+01 -2.85310100e+02 
 5.46386550e+08 -4.73919354e+01 -2.87270216e+02 
 5.62341325e+08 -4.77963770e+01 -2.89216129e+02 
 5.78761988e+08 -4.82026941e+01 -2.91147434e+02 
 5.95662144e+08 -4.86109122e+01 -2.93063756e+02 
 6.13055792e+08 -4.90210502e+01 -2.94964747e+02 
 6.30957344e+08 -4.94331198e+01 -2.96850085e+02 
 6.49381632e+08 -4.98471258e+01 -2.98719481e+02 
 6.68343918e+08 -5.02630658e+01 -3.00572674e+02 
 6.87859912e+08 -5.06809306e+01 -3.02409439e+02 
 7.07945784e+08 -5.11007037e+01 -3.04229578e+02 
 7.28618175e+08 -5.15223622e+01 -3.06032932e+02 
 7.49894209e+08 -5.19458762e+01 -3.07819371e+02 
 7.71791516e+08 -5.23712094e+01 -3.09588803e+02 
 7.94328235e+08 -5.27983193e+01 -3.11341168e+02 
 8.17523038e+08 -5.32271575e+01 -3.13076441e+02 
 8.41395142e+08 -5.36576694e+01 -3.14794630e+02 
 8.65964323e+08 -5.40897954e+01 -3.16495779e+02 
 8.91250938e+08 -5.45234703e+01 -3.18179963e+02 
 9.17275935e+08 -5.49586242e+01 -3.19847289e+02 
 9.44060876e+08 -5.53951824e+01 -3.21497896e+02 
 9.71627952e+08 -5.58330659e+01 -3.23131954e+02 
 1.00000000e+09 -5.62721918e+01 -3.24749660e+02 
