 frequency       av              ph             
 1.00000000e+00  2.38356226e+01 -7.66271611e-05 
 1.02920053e+00  2.38356226e+01 -7.88647146e-05 
 1.05925373e+00  2.38356226e+01 -8.11676058e-05 
 1.09018449e+00  2.38356226e+01 -8.35377427e-05 
 1.12201845e+00  2.38356226e+01 -8.59770889e-05 
 1.15478198e+00  2.38356226e+01 -8.84876652e-05 
 1.18850223e+00  2.38356226e+01 -9.10715516e-05 
 1.22320712e+00  2.38356226e+01 -9.37308890e-05 
 1.25892541e+00  2.38356226e+01 -9.64678803e-05 
 1.29568670e+00  2.38356226e+01 -9.92847933e-05 
 1.33352143e+00  2.38356226e+01 -1.02183962e-04 
 1.37246096e+00  2.38356226e+01 -1.05167787e-04 
 1.41253754e+00  2.38356226e+01 -1.08238742e-04 
 1.45378439e+00  2.38356226e+01 -1.11399370e-04 
 1.49623566e+00  2.38356226e+01 -1.14652291e-04 
 1.53992653e+00  2.38356226e+01 -1.18000198e-04 
 1.58489319e+00  2.38356226e+01 -1.21445866e-04 
 1.63117291e+00  2.38356226e+01 -1.24992149e-04 
 1.67880402e+00  2.38356226e+01 -1.28641986e-04 
 1.72782598e+00  2.38356226e+01 -1.32398400e-04 
 1.77827941e+00  2.38356226e+01 -1.36264503e-04 
 1.83020611e+00  2.38356226e+01 -1.40243498e-04 
 1.88364909e+00  2.38356226e+01 -1.44338682e-04 
 1.93865264e+00  2.38356226e+01 -1.48553448e-04 
 1.99526231e+00  2.38356226e+01 -1.52891287e-04 
 2.05352503e+00  2.38356226e+01 -1.57355793e-04 
 2.11348904e+00  2.38356226e+01 -1.61950665e-04 
 2.17520403e+00  2.38356226e+01 -1.66679710e-04 
 2.23872114e+00  2.38356226e+01 -1.71546845e-04 
 2.30409298e+00  2.38356226e+01 -1.76556104e-04 
 2.37137371e+00  2.38356226e+01 -1.81711635e-04 
 2.44061907e+00  2.38356226e+01 -1.87017711e-04 
 2.51188643e+00  2.38356226e+01 -1.92478726e-04 
 2.58523484e+00  2.38356226e+01 -1.98099207e-04 
 2.66072506e+00  2.38356226e+01 -2.03883808e-04 
 2.73841963e+00  2.38356226e+01 -2.09837322e-04 
 2.81838293e+00  2.38356226e+01 -2.15964683e-04 
 2.90068120e+00  2.38356226e+01 -2.22270966e-04 
 2.98538262e+00  2.38356226e+01 -2.28761395e-04 
 3.07255737e+00  2.38356226e+01 -2.35441348e-04 
 3.16227766e+00  2.38356226e+01 -2.42316360e-04 
 3.25461783e+00  2.38356226e+01 -2.49392125e-04 
 3.34965439e+00  2.38356226e+01 -2.56674507e-04 
 3.44746607e+00  2.38356226e+01 -2.64169538e-04 
 3.54813389e+00  2.38356226e+01 -2.71883427e-04 
 3.65174127e+00  2.38356226e+01 -2.79822567e-04 
 3.75837404e+00  2.38356226e+01 -2.87993533e-04 
 3.86812055e+00  2.38356226e+01 -2.96403096e-04 
 3.98107171e+00  2.38356226e+01 -3.05058223e-04 
 4.09732110e+00  2.38356226e+01 -3.13966084e-04 
 4.21696503e+00  2.38356226e+01 -3.23134059e-04 
 4.34010264e+00  2.38356226e+01 -3.32569744e-04 
 4.46683592e+00  2.38356226e+01 -3.42280956e-04 
 4.59726989e+00  2.38356226e+01 -3.52275740e-04 
 4.73151259e+00  2.38356226e+01 -3.62562377e-04 
 4.86967525e+00  2.38356226e+01 -3.73149390e-04 
 5.01187234e+00  2.38356226e+01 -3.84045549e-04 
 5.15822165e+00  2.38356226e+01 -3.95259881e-04 
 5.30884444e+00  2.38356226e+01 -4.06801678e-04 
 5.46386550e+00  2.38356226e+01 -4.18680502e-04 
 5.62341325e+00  2.38356226e+01 -4.30906193e-04 
 5.78761988e+00  2.38356226e+01 -4.43488881e-04 
 5.95662144e+00  2.38356226e+01 -4.56438990e-04 
 6.13055792e+00  2.38356226e+01 -4.69767249e-04 
 6.30957344e+00  2.38356226e+01 -4.83484701e-04 
 6.49381632e+00  2.38356226e+01 -4.97602709e-04 
 6.68343918e+00  2.38356226e+01 -5.12132970e-04 
 6.87859912e+00  2.38356226e+01 -5.27087523e-04 
 7.07945784e+00  2.38356226e+01 -5.42478757e-04 
 7.28618175e+00  2.38356226e+01 -5.58319422e-04 
 7.49894209e+00  2.38356226e+01 -5.74622644e-04 
 7.71791516e+00  2.38356226e+01 -5.91401928e-04 
 7.94328235e+00  2.38356226e+01 -6.08671176e-04 
 8.17523038e+00  2.38356226e+01 -6.26444695e-04 
 8.41395142e+00  2.38356226e+01 -6.44737211e-04 
 8.65964323e+00  2.38356226e+01 -6.63563877e-04 
 8.91250938e+00  2.38356226e+01 -6.82940292e-04 
 9.17275935e+00  2.38356226e+01 -7.02882509e-04 
 9.44060876e+00  2.38356226e+01 -7.23407048e-04 
 9.71627952e+00  2.38356226e+01 -7.44530916e-04 
 1.00000000e+01  2.38356226e+01 -7.66271611e-04 
 1.02920053e+01  2.38356226e+01 -7.88647146e-04 
 1.05925373e+01  2.38356226e+01 -8.11676058e-04 
 1.09018449e+01  2.38356226e+01 -8.35377427e-04 
 1.12201845e+01  2.38356226e+01 -8.59770888e-04 
 1.15478198e+01  2.38356226e+01 -8.84876652e-04 
 1.18850223e+01  2.38356226e+01 -9.10715516e-04 
 1.22320712e+01  2.38356226e+01 -9.37308890e-04 
 1.25892541e+01  2.38356226e+01 -9.64678803e-04 
 1.29568670e+01  2.38356226e+01 -9.92847933e-04 
 1.33352143e+01  2.38356226e+01 -1.02183962e-03 
 1.37246096e+01  2.38356226e+01 -1.05167787e-03 
 1.41253754e+01  2.38356226e+01 -1.08238742e-03 
 1.45378439e+01  2.38356226e+01 -1.11399370e-03 
 1.49623566e+01  2.38356226e+01 -1.14652291e-03 
 1.53992653e+01  2.38356226e+01 -1.18000198e-03 
 1.58489319e+01  2.38356226e+01 -1.21445866e-03 
 1.63117291e+01  2.38356226e+01 -1.24992149e-03 
 1.67880402e+01  2.38356226e+01 -1.28641986e-03 
 1.72782598e+01  2.38356226e+01 -1.32398400e-03 
 1.77827941e+01  2.38356226e+01 -1.36264503e-03 
 1.83020611e+01  2.38356226e+01 -1.40243498e-03 
 1.88364909e+01  2.38356226e+01 -1.44338682e-03 
 1.93865264e+01  2.38356226e+01 -1.48553448e-03 
 1.99526231e+01  2.38356226e+01 -1.52891287e-03 
 2.05352503e+01  2.38356226e+01 -1.57355793e-03 
 2.11348904e+01  2.38356226e+01 -1.61950665e-03 
 2.17520403e+01  2.38356226e+01 -1.66679710e-03 
 2.23872114e+01  2.38356226e+01 -1.71546845e-03 
 2.30409298e+01  2.38356226e+01 -1.76556104e-03 
 2.37137371e+01  2.38356226e+01 -1.81711635e-03 
 2.44061907e+01  2.38356226e+01 -1.87017710e-03 
 2.51188643e+01  2.38356226e+01 -1.92478726e-03 
 2.58523484e+01  2.38356226e+01 -1.98099206e-03 
 2.66072506e+01  2.38356226e+01 -2.03883808e-03 
 2.73841963e+01  2.38356226e+01 -2.09837322e-03 
 2.81838293e+01  2.38356226e+01 -2.15964683e-03 
 2.90068120e+01  2.38356226e+01 -2.22270965e-03 
 2.98538262e+01  2.38356226e+01 -2.28761395e-03 
 3.07255737e+01  2.38356226e+01 -2.35441348e-03 
 3.16227766e+01  2.38356226e+01 -2.42316359e-03 
 3.25461783e+01  2.38356226e+01 -2.49392125e-03 
 3.34965439e+01  2.38356226e+01 -2.56674506e-03 
 3.44746607e+01  2.38356226e+01 -2.64169537e-03 
 3.54813389e+01  2.38356226e+01 -2.71883427e-03 
 3.65174127e+01  2.38356226e+01 -2.79822566e-03 
 3.75837404e+01  2.38356226e+01 -2.87993533e-03 
 3.86812055e+01  2.38356226e+01 -2.96403096e-03 
 3.98107171e+01  2.38356226e+01 -3.05058223e-03 
 4.09732110e+01  2.38356226e+01 -3.13966083e-03 
 4.21696503e+01  2.38356226e+01 -3.23134059e-03 
 4.34010264e+01  2.38356226e+01 -3.32569743e-03 
 4.46683592e+01  2.38356226e+01 -3.42280955e-03 
 4.59726989e+01  2.38356226e+01 -3.52275739e-03 
 4.73151259e+01  2.38356226e+01 -3.62562377e-03 
 4.86967525e+01  2.38356226e+01 -3.73149389e-03 
 5.01187234e+01  2.38356226e+01 -3.84045548e-03 
 5.15822165e+01  2.38356226e+01 -3.95259881e-03 
 5.30884444e+01  2.38356226e+01 -4.06801677e-03 
 5.46386550e+01  2.38356226e+01 -4.18680501e-03 
 5.62341325e+01  2.38356226e+01 -4.30906192e-03 
 5.78761988e+01  2.38356226e+01 -4.43488880e-03 
 5.95662144e+01  2.38356226e+01 -4.56438989e-03 
 6.13055792e+01  2.38356226e+01 -4.69767248e-03 
 6.30957344e+01  2.38356226e+01 -4.83484699e-03 
 6.49381632e+01  2.38356226e+01 -4.97602707e-03 
 6.68343918e+01  2.38356226e+01 -5.12132968e-03 
 6.87859912e+01  2.38356226e+01 -5.27087521e-03 
 7.07945784e+01  2.38356226e+01 -5.42478754e-03 
 7.28618175e+01  2.38356226e+01 -5.58319420e-03 
 7.49894209e+01  2.38356226e+01 -5.74622641e-03 
 7.71791516e+01  2.38356226e+01 -5.91401925e-03 
 7.94328235e+01  2.38356226e+01 -6.08671173e-03 
 8.17523038e+01  2.38356226e+01 -6.26444692e-03 
 8.41395142e+01  2.38356226e+01 -6.44737207e-03 
 8.65964323e+01  2.38356226e+01 -6.63563873e-03 
 8.91250938e+01  2.38356226e+01 -6.82940288e-03 
 9.17275935e+01  2.38356226e+01 -7.02882504e-03 
 9.44060876e+01  2.38356226e+01 -7.23407043e-03 
 9.71627952e+01  2.38356226e+01 -7.44530910e-03 
 1.00000000e+02  2.38356225e+01 -7.66271605e-03 
 1.02920053e+02  2.38356225e+01 -7.88647139e-03 
 1.05925373e+02  2.38356225e+01 -8.11676051e-03 
 1.09018449e+02  2.38356225e+01 -8.35377419e-03 
 1.12201845e+02  2.38356225e+01 -8.59770880e-03 
 1.15478198e+02  2.38356225e+01 -8.84876642e-03 
 1.18850223e+02  2.38356225e+01 -9.10715506e-03 
 1.22320712e+02  2.38356225e+01 -9.37308878e-03 
 1.25892541e+02  2.38356225e+01 -9.64678791e-03 
 1.29568670e+02  2.38356225e+01 -9.92847919e-03 
 1.33352143e+02  2.38356225e+01 -1.02183960e-02 
 1.37246096e+02  2.38356225e+01 -1.05167786e-02 
 1.41253754e+02  2.38356225e+01 -1.08238740e-02 
 1.45378439e+02  2.38356224e+01 -1.11399368e-02 
 1.49623566e+02  2.38356224e+01 -1.14652289e-02 
 1.53992653e+02  2.38356224e+01 -1.18000196e-02 
 1.58489319e+02  2.38356224e+01 -1.21445863e-02 
 1.63117291e+02  2.38356224e+01 -1.24992147e-02 
 1.67880402e+02  2.38356224e+01 -1.28641983e-02 
 1.72782598e+02  2.38356224e+01 -1.32398396e-02 
 1.77827941e+02  2.38356223e+01 -1.36264499e-02 
 1.83020611e+02  2.38356223e+01 -1.40243494e-02 
 1.88364909e+02  2.38356223e+01 -1.44338678e-02 
 1.93865264e+02  2.38356223e+01 -1.48553443e-02 
 1.99526231e+02  2.38356223e+01 -1.52891282e-02 
 2.05352503e+02  2.38356222e+01 -1.57355788e-02 
 2.11348904e+02  2.38356222e+01 -1.61950659e-02 
 2.17520403e+02  2.38356222e+01 -1.66679703e-02 
 2.23872114e+02  2.38356222e+01 -1.71546838e-02 
 2.30409298e+02  2.38356221e+01 -1.76556096e-02 
 2.37137371e+02  2.38356221e+01 -1.81711627e-02 
 2.44061907e+02  2.38356221e+01 -1.87017701e-02 
 2.51188643e+02  2.38356220e+01 -1.92478716e-02 
 2.58523484e+02  2.38356220e+01 -1.98099196e-02 
 2.66072506e+02  2.38356220e+01 -2.03883796e-02 
 2.73841963e+02  2.38356219e+01 -2.09837309e-02 
 2.81838293e+02  2.38356219e+01 -2.15964669e-02 
 2.90068120e+02  2.38356218e+01 -2.22270950e-02 
 2.98538262e+02  2.38356218e+01 -2.28761378e-02 
 3.07255737e+02  2.38356217e+01 -2.35441330e-02 
 3.16227766e+02  2.38356217e+01 -2.42316340e-02 
 3.25461783e+02  2.38356216e+01 -2.49392103e-02 
 3.34965439e+02  2.38356216e+01 -2.56674483e-02 
 3.44746607e+02  2.38356215e+01 -2.64169512e-02 
 3.54813389e+02  2.38356214e+01 -2.71883399e-02 
 3.65174127e+02  2.38356214e+01 -2.79822536e-02 
 3.75837404e+02  2.38356213e+01 -2.87993500e-02 
 3.86812055e+02  2.38356212e+01 -2.96403060e-02 
 3.98107171e+02  2.38356211e+01 -3.05058183e-02 
 4.09732110e+02  2.38356210e+01 -3.13966040e-02 
 4.21696503e+02  2.38356210e+01 -3.23134011e-02 
 4.34010264e+02  2.38356209e+01 -3.32569692e-02 
 4.46683592e+02  2.38356207e+01 -3.42280899e-02 
 4.59726989e+02  2.38356206e+01 -3.52275678e-02 
 4.73151259e+02  2.38356205e+01 -3.62562310e-02 
 4.86967525e+02  2.38356204e+01 -3.73149317e-02 
 5.01187234e+02  2.38356203e+01 -3.84045469e-02 
 5.15822165e+02  2.38356201e+01 -3.95259794e-02 
 5.30884444e+02  2.38356200e+01 -4.06801583e-02 
 5.46386550e+02  2.38356198e+01 -4.18680398e-02 
 5.62341325e+02  2.38356196e+01 -4.30906080e-02 
 5.78761988e+02  2.38356195e+01 -4.43488758e-02 
 5.95662144e+02  2.38356193e+01 -4.56438856e-02 
 6.13055792e+02  2.38356191e+01 -4.69767103e-02 
 6.30957344e+02  2.38356189e+01 -4.83484541e-02 
 6.49381632e+02  2.38356186e+01 -4.97602535e-02 
 6.68343918e+02  2.38356184e+01 -5.12132781e-02 
 6.87859912e+02  2.38356181e+01 -5.27087317e-02 
 7.07945784e+02  2.38356179e+01 -5.42478532e-02 
 7.28618175e+02  2.38356176e+01 -5.58319177e-02 
 7.49894209e+02  2.38356173e+01 -5.74622376e-02 
 7.71791516e+02  2.38356170e+01 -5.91401636e-02 
 7.94328235e+02  2.38356166e+01 -6.08670858e-02 
 8.17523038e+02  2.38356163e+01 -6.26444349e-02 
 8.41395142e+02  2.38356159e+01 -6.44736833e-02 
 8.65964323e+02  2.38356155e+01 -6.63563465e-02 
 8.91250938e+02  2.38356151e+01 -6.82939843e-02 
 9.17275935e+02  2.38356146e+01 -7.02882019e-02 
 9.44060876e+02  2.38356142e+01 -7.23406515e-02 
 9.71627952e+02  2.38356137e+01 -7.44530334e-02 
 1.00000000e+03  2.38356131e+01 -7.66270976e-02 
 1.02920053e+03  2.38356126e+01 -7.88646454e-02 
 1.05925373e+03  2.38356120e+01 -8.11675304e-02 
 1.09018449e+03  2.38356113e+01 -8.35376605e-02 
 1.12201845e+03  2.38356107e+01 -8.59769992e-02 
 1.15478198e+03  2.38356100e+01 -8.84875675e-02 
 1.18850223e+03  2.38356092e+01 -9.10714451e-02 
 1.22320712e+03  2.38356084e+01 -9.37307728e-02 
 1.25892541e+03  2.38356076e+01 -9.64677537e-02 
 1.29568670e+03  2.38356067e+01 -9.92846553e-02 
 1.33352143e+03  2.38356057e+01 -1.02183811e-01 
 1.37246096e+03  2.38356047e+01 -1.05167623e-01 
 1.41253754e+03  2.38356037e+01 -1.08238563e-01 
 1.45378439e+03  2.38356025e+01 -1.11399175e-01 
 1.49623566e+03  2.38356013e+01 -1.14652078e-01 
 1.53992653e+03  2.38356001e+01 -1.17999966e-01 
 1.58489319e+03  2.38355988e+01 -1.21445613e-01 
 1.63117291e+03  2.38355973e+01 -1.24991874e-01 
 1.67880402e+03  2.38355958e+01 -1.28641686e-01 
 1.72782598e+03  2.38355942e+01 -1.32398072e-01 
 1.77827941e+03  2.38355926e+01 -1.36264146e-01 
 1.83020611e+03  2.38355908e+01 -1.40243109e-01 
 1.88364909e+03  2.38355889e+01 -1.44338258e-01 
 1.93865264e+03  2.38355869e+01 -1.48552985e-01 
 1.99526231e+03  2.38355848e+01 -1.52890783e-01 
 2.05352503e+03  2.38355825e+01 -1.57355243e-01 
 2.11348904e+03  2.38355802e+01 -1.61950066e-01 
 2.17520403e+03  2.38355776e+01 -1.66679057e-01 
 2.23872114e+03  2.38355750e+01 -1.71546133e-01 
 2.30409298e+03  2.38355721e+01 -1.76555327e-01 
 2.37137371e+03  2.38355692e+01 -1.81710789e-01 
 2.44061907e+03  2.38355660e+01 -1.87016788e-01 
 2.51188643e+03  2.38355626e+01 -1.92477721e-01 
 2.58523484e+03  2.38355591e+01 -1.98098110e-01 
 2.66072506e+03  2.38355553e+01 -2.03882612e-01 
 2.73841963e+03  2.38355513e+01 -2.09836019e-01 
 2.81838293e+03  2.38355471e+01 -2.15963262e-01 
 2.90068120e+03  2.38355426e+01 -2.22269417e-01 
 2.98538262e+03  2.38355379e+01 -2.28759706e-01 
 3.07255737e+03  2.38355328e+01 -2.35439508e-01 
 3.16227766e+03  2.38355275e+01 -2.42314353e-01 
 3.25461783e+03  2.38355219e+01 -2.49389937e-01 
 3.34965439e+03  2.38355159e+01 -2.56672122e-01 
 3.44746607e+03  2.38355096e+01 -2.64166938e-01 
 3.54813389e+03  2.38355029e+01 -2.71880593e-01 
 3.65174127e+03  2.38354958e+01 -2.79819477e-01 
 3.75837404e+03  2.38354883e+01 -2.87990164e-01 
 3.86812055e+03  2.38354803e+01 -2.96399424e-01 
 3.98107171e+03  2.38354719e+01 -3.05054219e-01 
 4.09732110e+03  2.38354630e+01 -3.13961719e-01 
 4.21696503e+03  2.38354535e+01 -3.23129300e-01 
 4.34010264e+03  2.38354435e+01 -3.32564556e-01 
 4.46683592e+03  2.38354329e+01 -3.42275300e-01 
 4.59726989e+03  2.38354216e+01 -3.52269575e-01 
 4.73151259e+03  2.38354097e+01 -3.62555656e-01 
 4.86967525e+03  2.38353971e+01 -3.73142062e-01 
 5.01187234e+03  2.38353837e+01 -3.84037560e-01 
 5.15822165e+03  2.38353696e+01 -3.95251172e-01 
 5.30884444e+03  2.38353546e+01 -4.06792184e-01 
 5.46386550e+03  2.38353387e+01 -4.18670151e-01 
 5.62341325e+03  2.38353219e+01 -4.30894909e-01 
 5.78761988e+03  2.38353040e+01 -4.43476579e-01 
 5.95662144e+03  2.38352852e+01 -4.56425579e-01 
 6.13055792e+03  2.38352652e+01 -4.69752629e-01 
 6.30957344e+03  2.38352440e+01 -4.83468762e-01 
 6.49381632e+03  2.38352215e+01 -4.97585333e-01 
 6.68343918e+03  2.38351978e+01 -5.12114027e-01 
 6.87859912e+03  2.38351726e+01 -5.27066871e-01 
 7.07945784e+03  2.38351459e+01 -5.42456243e-01 
 7.28618175e+03  2.38351177e+01 -5.58294878e-01 
 7.49894209e+03  2.38350878e+01 -5.74595886e-01 
 7.71791516e+03  2.38350561e+01 -5.91372757e-01 
 7.94328235e+03  2.38350225e+01 -6.08639375e-01 
 8.17523038e+03  2.38349870e+01 -6.26410026e-01 
 8.41395142e+03  2.38349493e+01 -6.44699415e-01 
 8.65964323e+03  2.38349094e+01 -6.63522673e-01 
 8.91250938e+03  2.38348671e+01 -6.82895372e-01 
 9.17275935e+03  2.38348224e+01 -7.02833538e-01 
 9.44060876e+03  2.38347750e+01 -7.23353662e-01 
 9.71627952e+03  2.38347248e+01 -7.44472715e-01 
 1.00000000e+04  2.38346716e+01 -7.66208162e-01 
 1.02920053e+04  2.38346152e+01 -7.88577975e-01 
 1.05925373e+04  2.38345555e+01 -8.11600650e-01 
 1.09018449e+04  2.38344923e+01 -8.35295219e-01 
 1.12201845e+04  2.38344253e+01 -8.59681267e-01 
 1.15478198e+04  2.38343544e+01 -8.84778949e-01 
 1.18850223e+04  2.38342793e+01 -9.10609004e-01 
 1.22320712e+04  2.38341997e+01 -9.37192772e-01 
 1.25892541e+04  2.38341154e+01 -9.64552215e-01 
 1.29568670e+04  2.38340261e+01 -9.92709931e-01 
 1.33352143e+04  2.38339315e+01 -1.02168917e+00 
 1.37246096e+04  2.38338313e+01 -1.05151386e+00 
 1.41253754e+04  2.38337252e+01 -1.08220862e+00 
 1.45378439e+04  2.38336128e+01 -1.11379878e+00 
 1.49623566e+04  2.38334937e+01 -1.14631041e+00 
 1.53992653e+04  2.38333676e+01 -1.17977032e+00 
 1.58489319e+04  2.38332340e+01 -1.21420612e+00 
 1.63117291e+04  2.38330925e+01 -1.24964618e+00 
 1.67880402e+04  2.38329427e+01 -1.28611972e+00 
 1.72782598e+04  2.38327839e+01 -1.32365680e+00 
 1.77827941e+04  2.38326158e+01 -1.36228833e+00 
 1.83020611e+04  2.38324377e+01 -1.40204612e+00 
 1.88364909e+04  2.38322490e+01 -1.44296291e+00 
 1.93865264e+04  2.38320492e+01 -1.48507235e+00 
 1.99526231e+04  2.38318376e+01 -1.52840907e+00 
 2.05352503e+04  2.38316134e+01 -1.57300872e+00 
 2.11348904e+04  2.38313760e+01 -1.61890793e+00 
 2.17520403e+04  2.38311245e+01 -1.66614441e+00 
 2.23872114e+04  2.38308581e+01 -1.71475692e+00 
 2.30409298e+04  2.38305759e+01 -1.76478537e+00 
 2.37137371e+04  2.38302771e+01 -1.81627076e+00 
 2.44061907e+04  2.38299606e+01 -1.86925530e+00 
 2.51188643e+04  2.38296253e+01 -1.92378238e+00 
 2.58523484e+04  2.38292702e+01 -1.97989661e+00 
 2.66072506e+04  2.38288941e+01 -2.03764389e+00 
 2.73841963e+04  2.38284957e+01 -2.09707141e+00 
 2.81838293e+04  2.38280738e+01 -2.15822770e+00 
 2.90068120e+04  2.38276270e+01 -2.22116264e+00 
 2.98538262e+04  2.38271537e+01 -2.28592753e+00 
 3.07255737e+04  2.38266524e+01 -2.35257510e+00 
 3.16227766e+04  2.38261215e+01 -2.42115957e+00 
 3.25461783e+04  2.38255592e+01 -2.49173667e+00 
 3.34965439e+04  2.38249636e+01 -2.56436367e+00 
 3.44746607e+04  2.38243329e+01 -2.63909945e+00 
 3.54813389e+04  2.38236649e+01 -2.71600450e+00 
 3.65174127e+04  2.38229574e+01 -2.79514100e+00 
 3.75837404e+04  2.38222081e+01 -2.87657283e+00 
 3.86812055e+04  2.38214146e+01 -2.96036562e+00 
 3.98107171e+04  2.38205743e+01 -3.04658681e+00 
 4.09732110e+04  2.38196843e+01 -3.13530564e+00 
 4.21696503e+04  2.38187418e+01 -3.22659325e+00 
 4.34010264e+04  2.38177437e+01 -3.32052269e+00 
 4.46683592e+04  2.38166866e+01 -3.41716897e+00 
 4.59726989e+04  2.38155673e+01 -3.51660909e+00 
 4.73151259e+04  2.38143820e+01 -3.61892210e+00 
 4.86967525e+04  2.38131267e+01 -3.72418914e+00 
 5.01187234e+04  2.38117976e+01 -3.83249344e+00 
 5.15822165e+04  2.38103901e+01 -3.94392044e+00 
 5.30884444e+04  2.38088997e+01 -4.05855775e+00 
 5.46386550e+04  2.38073216e+01 -4.17649522e+00 
 5.62341325e+04  2.38056507e+01 -4.29782500e+00 
 5.78761988e+04  2.38038814e+01 -4.42264155e+00 
 5.95662144e+04  2.38020082e+01 -4.55104166e+00 
 6.13055792e+04  2.38000248e+01 -4.68312452e+00 
 6.30957344e+04  2.37979250e+01 -4.81899173e+00 
 6.49381632e+04  2.37957019e+01 -4.95874734e+00 
 6.68343918e+04  2.37933483e+01 -5.10249786e+00 
 6.87859912e+04  2.37908567e+01 -5.25035227e+00 
 7.07945784e+04  2.37882191e+01 -5.40242209e+00 
 7.28618175e+04  2.37854271e+01 -5.55882135e+00 
 7.49894209e+04  2.37824716e+01 -5.71966661e+00 
 7.71791516e+04  2.37793433e+01 -5.88507697e+00 
 7.94328235e+04  2.37760321e+01 -6.05517407e+00 
 8.17523038e+04  2.37725276e+01 -6.23008209e+00 
 8.41395142e+04  2.37688187e+01 -6.40992771e+00 
 8.65964323e+04  2.37648935e+01 -6.59484013e+00 
 8.91250938e+04  2.37607398e+01 -6.78495101e+00 
 9.17275935e+04  2.37563445e+01 -6.98039444e+00 
 9.44060876e+04  2.37516937e+01 -7.18130689e+00 
 9.71627952e+04  2.37467730e+01 -7.38782716e+00 
 1.00000000e+05  2.37415671e+01 -7.60009631e+00 
 1.02920053e+05  2.37360597e+01 -7.81825756e+00 
 1.05925373e+05  2.37302339e+01 -8.04245621e+00 
 1.09018449e+05  2.37240716e+01 -8.27283951e+00 
 1.12201845e+05  2.37175542e+01 -8.50955654e+00 
 1.15478198e+05  2.37106616e+01 -8.75275808e+00 
 1.18850223e+05  2.37033730e+01 -9.00259641e+00 
 1.22320712e+05  2.36956663e+01 -9.25922515e+00 
 1.25892541e+05  2.36875184e+01 -9.52279903e+00 
 1.29568670e+05  2.36789049e+01 -9.79347366e+00 
 1.33352143e+05  2.36698004e+01 -1.00714053e+01 
 1.37246096e+05  2.36601780e+01 -1.03567505e+01 
 1.41253754e+05  2.36500095e+01 -1.06496660e+01 
 1.45378439e+05  2.36392654e+01 -1.09503080e+01 
 1.49623566e+05  2.36279147e+01 -1.12588321e+01 
 1.53992653e+05  2.36159249e+01 -1.15753928e+01 
 1.58489319e+05  2.36032620e+01 -1.19001431e+01 
 1.63117291e+05  2.35898905e+01 -1.22332339e+01 
 1.67880402e+05  2.35757732e+01 -1.25748135e+01 
 1.72782598e+05  2.35608713e+01 -1.29250272e+01 
 1.77827941e+05  2.35451440e+01 -1.32840163e+01 
 1.83020611e+05  2.35285492e+01 -1.36519180e+01 
 1.88364909e+05  2.35110426e+01 -1.40288643e+01 
 1.93865264e+05  2.34925784e+01 -1.44149813e+01 
 1.99526231e+05  2.34731087e+01 -1.48103885e+01 
 2.05352503e+05  2.34525838e+01 -1.52151981e+01 
 2.11348904e+05  2.34309523e+01 -1.56295136e+01 
 2.17520403e+05  2.34081606e+01 -1.60534297e+01 
 2.23872114e+05  2.33841534e+01 -1.64870305e+01 
 2.30409298e+05  2.33588735e+01 -1.69303888e+01 
 2.37137371e+05  2.33322616e+01 -1.73835653e+01 
 2.44061907e+05  2.33042568e+01 -1.78466072e+01 
 2.51188643e+05  2.32747964e+01 -1.83195468e+01 
 2.58523484e+05  2.32438157e+01 -1.88024011e+01 
 2.66072506e+05  2.32112486e+01 -1.92951700e+01 
 2.73841963e+05  2.31770271e+01 -1.97978350e+01 
 2.81838293e+05  2.31410820e+01 -2.03103585e+01 
 2.90068120e+05  2.31033425e+01 -2.08326821e+01 
 2.98538262e+05  2.30637366e+01 -2.13647258e+01 
 3.07255737e+05  2.30221910e+01 -2.19063860e+01 
 3.16227766e+05  2.29786318e+01 -2.24575355e+01 
 3.25461783e+05  2.29329841e+01 -2.30180211e+01 
 3.34965439e+05  2.28851723e+01 -2.35876633e+01 
 3.44746607e+05  2.28351208e+01 -2.41662552e+01 
 3.54813389e+05  2.27827537e+01 -2.47535611e+01 
 3.65174127e+05  2.27279954e+01 -2.53493160e+01 
 3.75837404e+05  2.26707706e+01 -2.59532248e+01 
 3.86812055e+05  2.26110048e+01 -2.65649614e+01 
 3.98107171e+05  2.25486246e+01 -2.71841687e+01 
 4.09732110e+05  2.24835581e+01 -2.78104576e+01 
 4.21696503e+05  2.24157349e+01 -2.84434075e+01 
 4.34010264e+05  2.23450869e+01 -2.90825657e+01 
 4.46683592e+05  2.22715485e+01 -2.97274480e+01 
 4.59726989e+05  2.21950566e+01 -3.03775390e+01 
 4.73151259e+05  2.21155516e+01 -3.10322926e+01 
 4.86967525e+05  2.20329774e+01 -3.16911328e+01 
 5.01187234e+05  2.19472817e+01 -3.23534550e+01 
 5.15822165e+05  2.18584165e+01 -3.30186269e+01 
 5.30884444e+05  2.17663387e+01 -3.36859903e+01 
 5.46386550e+05  2.16710097e+01 -3.43548627e+01 
 5.62341325e+05  2.15723964e+01 -3.50245390e+01 
 5.78761988e+05  2.14704713e+01 -3.56942939e+01 
 5.95662144e+05  2.13652126e+01 -3.63633840e+01 
 6.13055792e+05  2.12566046e+01 -3.70310501e+01 
 6.30957344e+05  2.11446377e+01 -3.76965201e+01 
 6.49381632e+05  2.10293088e+01 -3.83590115e+01 
 6.68343918e+05  2.09106214e+01 -3.90177340e+01 
 6.87859912e+05  2.07885856e+01 -3.96718928e+01 
 7.07945784e+05  2.06632181e+01 -4.03206910e+01 
 7.28618175e+05  2.05345423e+01 -4.09633329e+01 
 7.49894209e+05  2.04025885e+01 -4.15990268e+01 
 7.71791516e+05  2.02673935e+01 -4.22269875e+01 
 7.94328235e+05  2.01290005e+01 -4.28464397e+01 
 8.17523038e+05  1.99874593e+01 -4.34566202e+01 
 8.41395142e+05  1.98428260e+01 -4.40567806e+01 
 8.65964323e+05  1.96951626e+01 -4.46461900e+01 
 8.91250938e+05  1.95445371e+01 -4.52241369e+01 
 9.17275935e+05  1.93910231e+01 -4.57899316e+01 
 9.44060876e+05  1.92346996e+01 -4.63429083e+01 
 9.71627952e+05  1.90756505e+01 -4.68824266e+01 
 1.00000000e+06  1.89139648e+01 -4.74078729e+01 
 1.02920053e+06  1.87497360e+01 -4.79186626e+01 
 1.05925373e+06  1.85830616e+01 -4.84142406e+01 
 1.09018449e+06  1.84140432e+01 -4.88940824e+01 
 1.12201845e+06  1.82427860e+01 -4.93576956e+01 
 1.15478198e+06  1.80693987e+01 -4.98046196e+01 
 1.18850223e+06  1.78939927e+01 -5.02344272e+01 
 1.22320712e+06  1.77166824e+01 -5.06467242e+01 
 1.25892541e+06  1.75375847e+01 -5.10411501e+01 
 1.29568670e+06  1.73568186e+01 -5.14173781e+01 
 1.33352143e+06  1.71745053e+01 -5.17751154e+01 
 1.37246096e+06  1.69907674e+01 -5.21141028e+01 
 1.41253754e+06  1.68057295e+01 -5.24341152e+01 
 1.45378439e+06  1.66195171e+01 -5.27349609e+01 
 1.49623566e+06  1.64322570e+01 -5.30164819e+01 
 1.53992653e+06  1.62440770e+01 -5.32785534e+01 
 1.58489319e+06  1.60551056e+01 -5.35210840e+01 
 1.63117291e+06  1.58654720e+01 -5.37440152e+01 
 1.67880402e+06  1.56753058e+01 -5.39473216e+01 
 1.72782598e+06  1.54847370e+01 -5.41310106e+01 
 1.77827941e+06  1.52938957e+01 -5.42951221e+01 
 1.83020611e+06  1.51029122e+01 -5.44397291e+01 
 1.88364909e+06  1.49119167e+01 -5.45649370e+01 
 1.93865264e+06  1.47210392e+01 -5.46708844e+01 
 1.99526231e+06  1.45304095e+01 -5.47577426e+01 
 2.05352503e+06  1.43401569e+01 -5.48257160e+01 
 2.11348904e+06  1.41504102e+01 -5.48750424e+01 
 2.17520403e+06  1.39612973e+01 -5.49059931e+01 
 2.23872114e+06  1.37729456e+01 -5.49188736e+01 
 2.30409298e+06  1.35854812e+01 -5.49140230e+01 
 2.37137371e+06  1.33990292e+01 -5.48918153e+01 
 2.44061907e+06  1.32137133e+01 -5.48526593e+01 
 2.51188643e+06  1.30296557e+01 -5.47969987e+01 
 2.58523484e+06  1.28469768e+01 -5.47253130e+01 
 2.66072506e+06  1.26657950e+01 -5.46381170e+01 
 2.73841963e+06  1.24862266e+01 -5.45359617e+01 
 2.81838293e+06  1.23083853e+01 -5.44194339e+01 
 2.90068120e+06  1.21323821e+01 -5.42891566e+01 
 2.98538262e+06  1.19583251e+01 -5.41457887e+01 
 3.07255737e+06  1.17863189e+01 -5.39900250e+01 
 3.16227766e+06  1.16164646e+01 -5.38225957e+01 
 3.25461783e+06  1.14488596e+01 -5.36442660e+01 
 3.34965439e+06  1.12835966e+01 -5.34558358e+01 
 3.44746607e+06  1.11207640e+01 -5.32581382e+01 
 3.54813389e+06  1.09604455e+01 -5.30520392e+01 
 3.65174127e+06  1.08027192e+01 -5.28384363e+01 
 3.75837404e+06  1.06476581e+01 -5.26182569e+01 
 3.86812055e+06  1.04953291e+01 -5.23924571e+01 
 3.98107171e+06  1.03457931e+01 -5.21620200e+01 
 4.09732110e+06  1.01991046e+01 -5.19279533e+01 
 4.21696503e+06  1.00553114e+01 -5.16912878e+01 
 4.34010264e+06  9.91445473e+00 -5.14530748e+01 
 4.46683592e+06  9.77656837e+00 -5.12143837e+01 
 4.59726989e+06  9.64167906e+00 -5.09762998e+01 
 4.73151259e+06  9.50980608e+00 -5.07399213e+01 
 4.86967525e+06  9.38096122e+00 -5.05063567e+01 
 5.01187234e+06  9.25514867e+00 -5.02767220e+01 
 5.15822165e+06  9.13236499e+00 -5.00521380e+01 
 5.30884444e+06  9.01259909e+00 -4.98337273e+01 
 5.46386550e+06  8.89583228e+00 -4.96226116e+01 
 5.62341325e+06  8.78203830e+00 -4.94199089e+01 
 5.78761988e+06  8.67118344e+00 -4.92267308e+01 
 5.95662144e+06  8.56322667e+00 -4.90441796e+01 
 6.13055792e+06  8.45811980e+00 -4.88733465e+01 
 6.30957344e+06  8.35580765e+00 -4.87153084e+01 
 6.49381632e+06  8.25622830e+00 -4.85711261e+01 
 6.68343918e+06  8.15931329e+00 -4.84418425e+01 
 6.87859912e+06  8.06498789e+00 -4.83284801e+01 
 7.07945784e+06  7.97317138e+00 -4.82320396e+01 
 7.28618175e+06  7.88377732e+00 -4.81534986e+01 
 7.49894209e+06  7.79671383e+00 -4.80938101e+01 
 7.71791516e+06  7.71188392e+00 -4.80539011e+01 
 7.94328235e+06  7.62918576e+00 -4.80346721e+01 
 8.17523038e+06  7.54851297e+00 -4.80369961e+01 
 8.41395142e+06  7.46975494e+00 -4.80617180e+01 
 8.65964323e+06  7.39279708e+00 -4.81096545e+01 
 8.91250938e+06  7.31752111e+00 -4.81815930e+01 
 9.17275935e+06  7.24380535e+00 -4.82782924e+01 
 9.44060876e+06  7.17152491e+00 -4.84004825e+01 
 9.71627952e+06  7.10055198e+00 -4.85488641e+01 
 1.00000000e+07  7.03075603e+00 -4.87241091e+01 
 1.02920053e+07  6.96200400e+00 -4.89268611e+01 
 1.05925373e+07  6.89416053e+00 -4.91577351e+01 
 1.09018449e+07  6.82708809e+00 -4.94173180e+01 
 1.12201845e+07  6.76064716e+00 -4.97061690e+01 
 1.15478198e+07  6.69469636e+00 -5.00248198e+01 
 1.18850223e+07  6.62909262e+00 -5.03737747e+01 
 1.22320712e+07  6.56369123e+00 -5.07535113e+01 
 1.25892541e+07  6.49834603e+00 -5.11644802e+01 
 1.29568670e+07  6.43290942e+00 -5.16071053e+01 
 1.33352143e+07  6.36723253e+00 -5.20817844e+01 
 1.37246096e+07  6.30116526e+00 -5.25888884e+01 
 1.41253754e+07  6.23455638e+00 -5.31287620e+01 
 1.45378439e+07  6.16725358e+00 -5.37017232e+01 
 1.49623566e+07  6.09910360e+00 -5.43080635e+01 
 1.53992653e+07  6.02995229e+00 -5.49480472e+01 
 1.58489319e+07  5.95964470e+00 -5.56219115e+01 
 1.63117291e+07  5.88802515e+00 -5.63298661e+01 
 1.67880402e+07  5.81493740e+00 -5.70720926e+01 
 1.72782598e+07  5.74022469e+00 -5.78487442e+01 
 1.77827941e+07  5.66372993e+00 -5.86599452e+01 
 1.83020611e+07  5.58529577e+00 -5.95057904e+01 
 1.88364909e+07  5.50476483e+00 -6.03863446e+01 
 1.93865264e+07  5.42197983e+00 -6.13016420e+01 
 1.99526231e+07  5.33678376e+00 -6.22516859e+01 
 2.05352503e+07  5.24902013e+00 -6.32364480e+01 
 2.11348904e+07  5.15853312e+00 -6.42558677e+01 
 2.17520403e+07  5.06516788e+00 -6.53098521e+01 
 2.23872114e+07  4.96877076e+00 -6.63982756e+01 
 2.30409298e+07  4.86918956e+00 -6.75209791e+01 
 2.37137371e+07  4.76627381e+00 -6.86777707e+01 
 2.44061907e+07  4.65987508e+00 -6.98684249e+01 
 2.51188643e+07  4.54984728e+00 -7.10926828e+01 
 2.58523484e+07  4.43604695e+00 -7.23502527e+01 
 2.66072506e+07  4.31833360e+00 -7.36408098e+01 
 2.73841963e+07  4.19657003e+00 -7.49639971e+01 
 2.81838293e+07  4.07062263e+00 -7.63194259e+01 
 2.90068120e+07  3.94036173e+00 -7.77066765e+01 
 2.98538262e+07  3.80566192e+00 -7.91252990e+01 
 3.07255737e+07  3.66640234e+00 -8.05748146e+01 
 3.16227766e+07  3.52246701e+00 -8.20547165e+01 
 3.25461783e+07  3.37374512e+00 -8.35644715e+01 
 3.34965439e+07  3.22013131e+00 -8.51035211e+01 
 3.44746607e+07  3.06152592e+00 -8.66712832e+01 
 3.54813389e+07  2.89783530e+00 -8.82671535e+01 
 3.65174127e+07  2.72897197e+00 -8.98905078e+01 
 3.75837404e+07  2.55485492e+00 -9.15407030e+01 
 3.86812055e+07  2.37540973e+00 -9.32170793e+01 
 3.98107171e+07  2.19056883e+00 -9.49189619e+01 
 4.09732110e+07  2.00027161e+00 -9.66456630e+01 
 4.21696503e+07  1.80446459e+00 -9.83964836e+01 
 4.34010264e+07  1.60310155e+00 -1.00170715e+02 
 4.46683592e+07  1.39614362e+00 -1.01967642e+02 
 4.59726989e+07  1.18355943e+00 -1.03786542e+02 
 4.73151259e+07  9.65325129e-01 -1.05626689e+02 
 4.86967525e+07  7.41424518e-01 -1.07487355e+02 
 5.01187234e+07  5.11849065e-01 -1.09367813e+02 
 5.15822165e+07  2.76597969e-01 -1.11267333e+02 
 5.30884444e+07  3.56781979e-02 -1.13185191e+02 
 5.46386550e+07 -2.10895493e-01 -1.15120667e+02 
 5.62341325e+07 -4.63100541e-01 -1.17073045e+02 
 5.78761988e+07 -7.20906574e-01 -1.19041617e+02 
 5.95662144e+07 -9.84275420e-01 -1.21025683e+02 
 6.13055792e+07 -1.25316112e+00 -1.23024555e+02 
 6.30957344e+07 -1.52750998e+00 -1.25037554e+02 
 6.49381632e+07 -1.80726060e+00 -1.27064014e+02 
 6.68343918e+07 -2.09234394e+00 -1.29103284e+02 
 6.87859912e+07 -2.38268342e+00 -1.31154727e+02 
 7.07945784e+07 -2.67819500e+00 -1.33217723e+02 
 7.28618175e+07 -2.97878735e+00 -1.35291669e+02 
 7.49894209e+07 -3.28436194e+00 -1.37375981e+02 
 7.71791516e+07 -3.59481326e+00 -1.39470093e+02 
 7.94328235e+07 -3.91002900e+00 -1.41573461e+02 
 8.17523038e+07 -4.22989031e+00 -1.43685562e+02 
 8.41395142e+07 -4.55427203e+00 -1.45805893e+02 
 8.65964323e+07 -4.88304298e+00 -1.47933975e+02 
 8.91250938e+07 -5.21606632e+00 -1.50069351e+02 
 9.17275935e+07 -5.55319987e+00 -1.52211588e+02 
 9.44060876e+07 -5.89429650e+00 -1.54360275e+02 
 9.71627952e+07 -6.23920457e+00 -1.56515023e+02 
 1.00000000e+08 -6.58776834e+00 -1.58675468e+02 
 1.02920053e+08 -6.93982844e+00 -1.60841266e+02 
 1.05925373e+08 -7.29522242e+00 -1.63012095e+02 
 1.09018449e+08 -7.65378521e+00 -1.65187655e+02 
 1.12201845e+08 -8.01534968e+00 -1.67367663e+02 
 1.15478198e+08 -8.37974726e+00 -1.69551856e+02 
 1.18850223e+08 -8.74680843e+00 -1.71739988e+02 
 1.22320712e+08 -9.11636339e+00 -1.73931827e+02 
 1.25892541e+08 -9.48824265e+00 -1.76127155e+02 
 1.29568670e+08 -9.86227762e+00 -1.78325767e+02 
 1.33352143e+08 -1.02383013e+01 -1.80527467e+02 
 1.37246096e+08 -1.06161488e+01 -1.82732065e+02 
 1.41253754e+08 -1.09956581e+01 -1.84939381e+02 
 1.45378439e+08 -1.13766706e+01 -1.87149234e+02 
 1.49623566e+08 -1.17590318e+01 -1.89361448e+02 
 1.53992653e+08 -1.21425917e+01 -1.91575844e+02 
 1.58489319e+08 -1.25272058e+01 -1.93792243e+02 
 1.63117291e+08 -1.29127352e+01 -1.96010460e+02 
 1.67880402e+08 -1.32990475e+01 -1.98230305e+02 
 1.72782598e+08 -1.36860173e+01 -2.00451578e+02 
 1.77827941e+08 -1.40735266e+01 -2.02674071e+02 
 1.83020611e+08 -1.44614652e+01 -2.04897566e+02 
 1.88364909e+08 -1.48497315e+01 -2.07121831e+02 
 1.93865264e+08 -1.52382323e+01 -2.09346622e+02 
 1.99526231e+08 -1.56268837e+01 -2.11571681e+02 
 2.05352503e+08 -1.60156113e+01 -2.13796733e+02 
 2.11348904e+08 -1.64043502e+01 -2.16021492e+02 
 2.17520403e+08 -1.67930453e+01 -2.18245653e+02 
 2.23872114e+08 -1.71816518e+01 -2.20468896e+02 
 2.30409298e+08 -1.75701345e+01 -2.22690886e+02 
 2.37137371e+08 -1.79584687e+01 -2.24911273e+02 
 2.44061907e+08 -1.83466396e+01 -2.27129691e+02 
 2.51188643e+08 -1.87346424e+01 -2.29345760e+02 
 2.58523484e+08 -1.91224818e+01 -2.31559085e+02 
 2.66072506e+08 -1.95101724e+01 -2.33769259e+02 
 2.73841963e+08 -1.98977376e+01 -2.35975861e+02 
 2.81838293e+08 -2.02852100e+01 -2.38178460e+02 
 2.90068120e+08 -2.06726303e+01 -2.40376614e+02 
 2.98538262e+08 -2.10600473e+01 -2.42569870e+02 
 3.07255737e+08 -2.14475170e+01 -2.44757766e+02 
 3.16227766e+08 -2.18351023e+01 -2.46939835e+02 
 3.25461783e+08 -2.22228722e+01 -2.49115600e+02 
 3.34965439e+08 -2.26109009e+01 -2.51284579e+02 
 3.44746607e+08 -2.29992677e+01 -2.53446288e+02 
 3.54813389e+08 -2.33880556e+01 -2.55600235e+02 
 3.65174127e+08 -2.37773507e+01 -2.57745930e+02 
 3.75837404e+08 -2.41672419e+01 -2.59882879e+02 
 3.86812055e+08 -2.45578194e+01 -2.62010588e+02 
 3.98107171e+08 -2.49491743e+01 -2.64128566e+02 
 4.09732110e+08 -2.53413978e+01 -2.66236322e+02 
 4.21696503e+08 -2.57345803e+01 -2.68333370e+02 
 4.34010264e+08 -2.61288110e+01 -2.70419229e+02 
 4.46683592e+08 -2.65241764e+01 -2.72493423e+02 
 4.59726989e+08 -2.69207605e+01 -2.74555485e+02 
 4.73151259e+08 -2.73186436e+01 -2.76604957e+02 
 4.86967525e+08 -2.77179019e+01 -2.78641392e+02 
 5.01187234e+08 -2.81186066e+01 -2.80664355e+02 
 5.15822165e+08 -2.85208241e+01 -2.82673425e+02 
 5.30884444e+08 -2.89246146e+01 -2.84668197e+02 
 5.46386550e+08 -2.93300324e+01 -2.86648283e+02 
 5.62341325e+08 -2.97371254e+01 -2.88613314e+02 
 5.78761988e+08 -3.01459347e+01 -2.90562942e+02 
 5.95662144e+08 -3.05564941e+01 -2.92496840e+02 
 6.13055792e+08 -3.09688306e+01 -2.94414707e+02 
 6.30957344e+08 -3.13829638e+01 -2.96316264e+02 
 6.49381632e+08 -3.17989059e+01 -2.98201263e+02 
 6.68343918e+08 -3.22166616e+01 -3.00069479e+02 
 6.87859912e+08 -3.26362285e+01 -3.01920720e+02 
 7.07945784e+08 -3.30575968e+01 -3.03754822e+02 
 7.28618175e+08 -3.34807497e+01 -3.05571653e+02 
 7.49894209e+08 -3.39056633e+01 -3.07371110e+02 
 7.71791516e+08 -3.43323071e+01 -3.09153126e+02 
 7.94328235e+08 -3.47606438e+01 -3.10917663e+02 
 8.17523038e+08 -3.51906300e+01 -3.12664718e+02 
 8.41395142e+08 -3.56222163e+01 -3.14394318e+02 
 8.65964323e+08 -3.60553473e+01 -3.16106524e+02 
 8.91250938e+08 -3.64899624e+01 -3.17801427e+02 
 9.17275935e+08 -3.69259957e+01 -3.19479151e+02 
 9.44060876e+08 -3.73633764e+01 -3.21139848e+02 
 9.71627952e+08 -3.78020292e+01 -3.22783701e+02 
 1.00000000e+09 -3.82418744e+01 -3.24410919e+02 
