 frequency       av              ph             
 1.00000000e+00 -2.94571553e-02 -9.27697079e-06 
 1.02920053e+00 -2.94571553e-02 -9.54786323e-06 
 1.05925373e+00 -2.94571553e-02 -9.82666587e-06 
 1.09018449e+00 -2.94571553e-02 -1.01136097e-05 
 1.12201845e+00 -2.94571553e-02 -1.04089324e-05 
 1.15478198e+00 -2.94571553e-02 -1.07128787e-05 
 1.18850223e+00 -2.94571553e-02 -1.10257004e-05 
 1.22320712e+00 -2.94571553e-02 -1.13476567e-05 
 1.25892541e+00 -2.94571553e-02 -1.16790143e-05 
 1.29568670e+00 -2.94571553e-02 -1.20200476e-05 
 1.33352143e+00 -2.94571553e-02 -1.23710394e-05 
 1.37246096e+00 -2.94571553e-02 -1.27322802e-05 
 1.41253754e+00 -2.94571553e-02 -1.31040695e-05 
 1.45378439e+00 -2.94571553e-02 -1.34867153e-05 
 1.49623566e+00 -2.94571553e-02 -1.38805345e-05 
 1.53992653e+00 -2.94571553e-02 -1.42858534e-05 
 1.58489319e+00 -2.94571553e-02 -1.47030078e-05 
 1.63117291e+00 -2.94571553e-02 -1.51323434e-05 
 1.67880402e+00 -2.94571553e-02 -1.55742158e-05 
 1.72782598e+00 -2.94571553e-02 -1.60289911e-05 
 1.77827941e+00 -2.94571553e-02 -1.64970461e-05 
 1.83020611e+00 -2.94571553e-02 -1.69787686e-05 
 1.88364909e+00 -2.94571553e-02 -1.74745576e-05 
 1.93865264e+00 -2.94571553e-02 -1.79848239e-05 
 1.99526231e+00 -2.94571553e-02 -1.85099902e-05 
 2.05352503e+00 -2.94571553e-02 -1.90504917e-05 
 2.11348904e+00 -2.94571553e-02 -1.96067761e-05 
 2.17520403e+00 -2.94571553e-02 -2.01793043e-05 
 2.23872114e+00 -2.94571553e-02 -2.07685506e-05 
 2.30409298e+00 -2.94571553e-02 -2.13750032e-05 
 2.37137371e+00 -2.94571553e-02 -2.19991646e-05 
 2.44061907e+00 -2.94571553e-02 -2.26415518e-05 
 2.51188643e+00 -2.94571553e-02 -2.33026970e-05 
 2.58523484e+00 -2.94571553e-02 -2.39831481e-05 
 2.66072506e+00 -2.94571553e-02 -2.46834687e-05 
 2.73841963e+00 -2.94571553e-02 -2.54042390e-05 
 2.81838293e+00 -2.94571553e-02 -2.61460561e-05 
 2.90068120e+00 -2.94571553e-02 -2.69095347e-05 
 2.98538262e+00 -2.94571553e-02 -2.76953073e-05 
 3.07255737e+00 -2.94571553e-02 -2.85040249e-05 
 3.16227766e+00 -2.94571553e-02 -2.93363575e-05 
 3.25461783e+00 -2.94571553e-02 -3.01929946e-05 
 3.34965439e+00 -2.94571553e-02 -3.10746459e-05 
 3.44746607e+00 -2.94571553e-02 -3.19820420e-05 
 3.54813389e+00 -2.94571553e-02 -3.29159345e-05 
 3.65174127e+00 -2.94571553e-02 -3.38770971e-05 
 3.75837404e+00 -2.94571553e-02 -3.48663262e-05 
 3.86812055e+00 -2.94571553e-02 -3.58844413e-05 
 3.98107171e+00 -2.94571553e-02 -3.69322859e-05 
 4.09732110e+00 -2.94571553e-02 -3.80107281e-05 
 4.21696503e+00 -2.94571553e-02 -3.91206614e-05 
 4.34010264e+00 -2.94571553e-02 -4.02630054e-05 
 4.46683592e+00 -2.94571553e-02 -4.14387064e-05 
 4.59726989e+00 -2.94571553e-02 -4.26487384e-05 
 4.73151259e+00 -2.94571553e-02 -4.38941041e-05 
 4.86967525e+00 -2.94571553e-02 -4.51758351e-05 
 5.01187234e+00 -2.94571553e-02 -4.64949933e-05 
 5.15822165e+00 -2.94571553e-02 -4.78526716e-05 
 5.30884444e+00 -2.94571553e-02 -4.92499948e-05 
 5.46386550e+00 -2.94571553e-02 -5.06881206e-05 
 5.62341325e+00 -2.94571553e-02 -5.21682405e-05 
 5.78761988e+00 -2.94571553e-02 -5.36915806e-05 
 5.95662144e+00 -2.94571553e-02 -5.52594031e-05 
 6.13055792e+00 -2.94571553e-02 -5.68730068e-05 
 6.30957344e+00 -2.94571553e-02 -5.85337285e-05 
 6.49381632e+00 -2.94571553e-02 -6.02429443e-05 
 6.68343918e+00 -2.94571553e-02 -6.20020700e-05 
 6.87859912e+00 -2.94571553e-02 -6.38125631e-05 
 7.07945784e+00 -2.94571553e-02 -6.56759236e-05 
 7.28618175e+00 -2.94571553e-02 -6.75936952e-05 
 7.49894209e+00 -2.94571553e-02 -6.95674667e-05 
 7.71791516e+00 -2.94571553e-02 -7.15988734e-05 
 7.94328235e+00 -2.94571553e-02 -7.36895983e-05 
 8.17523038e+00 -2.94571553e-02 -7.58413734e-05 
 8.41395142e+00 -2.94571553e-02 -7.80559815e-05 
 8.65964323e+00 -2.94571553e-02 -8.03352573e-05 
 8.91250938e+00 -2.94571553e-02 -8.26810892e-05 
 9.17275935e+00 -2.94571553e-02 -8.50954206e-05 
 9.44060876e+00 -2.94571553e-02 -8.75802517e-05 
 9.71627952e+00 -2.94571553e-02 -9.01376412e-05 
 1.00000000e+01 -2.94571553e-02 -9.27697079e-05 
 1.02920053e+01 -2.94571553e-02 -9.54786323e-05 
 1.05925373e+01 -2.94571553e-02 -9.82666587e-05 
 1.09018449e+01 -2.94571553e-02 -1.01136097e-04 
 1.12201845e+01 -2.94571553e-02 -1.04089324e-04 
 1.15478198e+01 -2.94571553e-02 -1.07128787e-04 
 1.18850223e+01 -2.94571553e-02 -1.10257004e-04 
 1.22320712e+01 -2.94571553e-02 -1.13476567e-04 
 1.25892541e+01 -2.94571553e-02 -1.16790143e-04 
 1.29568670e+01 -2.94571554e-02 -1.20200476e-04 
 1.33352143e+01 -2.94571554e-02 -1.23710394e-04 
 1.37246096e+01 -2.94571554e-02 -1.27322802e-04 
 1.41253754e+01 -2.94571554e-02 -1.31040695e-04 
 1.45378439e+01 -2.94571554e-02 -1.34867153e-04 
 1.49623566e+01 -2.94571554e-02 -1.38805345e-04 
 1.53992653e+01 -2.94571554e-02 -1.42858534e-04 
 1.58489319e+01 -2.94571554e-02 -1.47030078e-04 
 1.63117291e+01 -2.94571554e-02 -1.51323434e-04 
 1.67880402e+01 -2.94571554e-02 -1.55742158e-04 
 1.72782598e+01 -2.94571554e-02 -1.60289911e-04 
 1.77827941e+01 -2.94571554e-02 -1.64970461e-04 
 1.83020611e+01 -2.94571554e-02 -1.69787686e-04 
 1.88364909e+01 -2.94571554e-02 -1.74745576e-04 
 1.93865264e+01 -2.94571554e-02 -1.79848239e-04 
 1.99526231e+01 -2.94571554e-02 -1.85099902e-04 
 2.05352503e+01 -2.94571554e-02 -1.90504917e-04 
 2.11348904e+01 -2.94571554e-02 -1.96067761e-04 
 2.17520403e+01 -2.94571554e-02 -2.01793043e-04 
 2.23872114e+01 -2.94571555e-02 -2.07685506e-04 
 2.30409298e+01 -2.94571555e-02 -2.13750032e-04 
 2.37137371e+01 -2.94571555e-02 -2.19991646e-04 
 2.44061907e+01 -2.94571555e-02 -2.26415518e-04 
 2.51188643e+01 -2.94571555e-02 -2.33026970e-04 
 2.58523484e+01 -2.94571555e-02 -2.39831481e-04 
 2.66072506e+01 -2.94571555e-02 -2.46834687e-04 
 2.73841963e+01 -2.94571555e-02 -2.54042390e-04 
 2.81838293e+01 -2.94571555e-02 -2.61460561e-04 
 2.90068120e+01 -2.94571555e-02 -2.69095347e-04 
 2.98538262e+01 -2.94571556e-02 -2.76953073e-04 
 3.07255737e+01 -2.94571556e-02 -2.85040249e-04 
 3.16227766e+01 -2.94571556e-02 -2.93363575e-04 
 3.25461783e+01 -2.94571556e-02 -3.01929946e-04 
 3.34965439e+01 -2.94571556e-02 -3.10746459e-04 
 3.44746607e+01 -2.94571557e-02 -3.19820420e-04 
 3.54813389e+01 -2.94571557e-02 -3.29159345e-04 
 3.65174127e+01 -2.94571557e-02 -3.38770971e-04 
 3.75837404e+01 -2.94571557e-02 -3.48663262e-04 
 3.86812055e+01 -2.94571557e-02 -3.58844413e-04 
 3.98107171e+01 -2.94571558e-02 -3.69322859e-04 
 4.09732110e+01 -2.94571558e-02 -3.80107281e-04 
 4.21696503e+01 -2.94571558e-02 -3.91206614e-04 
 4.34010264e+01 -2.94571559e-02 -4.02630054e-04 
 4.46683592e+01 -2.94571559e-02 -4.14387064e-04 
 4.59726989e+01 -2.94571559e-02 -4.26487384e-04 
 4.73151259e+01 -2.94571560e-02 -4.38941041e-04 
 4.86967525e+01 -2.94571560e-02 -4.51758351e-04 
 5.01187234e+01 -2.94571560e-02 -4.64949933e-04 
 5.15822165e+01 -2.94571561e-02 -4.78526716e-04 
 5.30884444e+01 -2.94571561e-02 -4.92499948e-04 
 5.46386550e+01 -2.94571562e-02 -5.06881206e-04 
 5.62341325e+01 -2.94571562e-02 -5.21682405e-04 
 5.78761988e+01 -2.94571563e-02 -5.36915806e-04 
 5.95662144e+01 -2.94571564e-02 -5.52594030e-04 
 6.13055792e+01 -2.94571564e-02 -5.68730067e-04 
 6.30957344e+01 -2.94571565e-02 -5.85337285e-04 
 6.49381632e+01 -2.94571566e-02 -6.02429443e-04 
 6.68343918e+01 -2.94571566e-02 -6.20020700e-04 
 6.87859912e+01 -2.94571567e-02 -6.38125631e-04 
 7.07945784e+01 -2.94571568e-02 -6.56759236e-04 
 7.28618175e+01 -2.94571569e-02 -6.75936952e-04 
 7.49894209e+01 -2.94571570e-02 -6.95674667e-04 
 7.71791516e+01 -2.94571571e-02 -7.15988734e-04 
 7.94328235e+01 -2.94571572e-02 -7.36895983e-04 
 8.17523038e+01 -2.94571573e-02 -7.58413734e-04 
 8.41395142e+01 -2.94571574e-02 -7.80559815e-04 
 8.65964323e+01 -2.94571575e-02 -8.03352573e-04 
 8.91250938e+01 -2.94571577e-02 -8.26810891e-04 
 9.17275935e+01 -2.94571578e-02 -8.50954205e-04 
 9.44060876e+01 -2.94571580e-02 -8.75802517e-04 
 9.71627952e+01 -2.94571581e-02 -9.01376412e-04 
 1.00000000e+02 -2.94571583e-02 -9.27697078e-04 
 1.02920053e+02 -2.94571585e-02 -9.54786322e-04 
 1.05925373e+02 -2.94571586e-02 -9.82666586e-04 
 1.09018449e+02 -2.94571588e-02 -1.01136097e-03 
 1.12201845e+02 -2.94571591e-02 -1.04089324e-03 
 1.15478198e+02 -2.94571593e-02 -1.07128787e-03 
 1.18850223e+02 -2.94571595e-02 -1.10257004e-03 
 1.22320712e+02 -2.94571598e-02 -1.13476567e-03 
 1.25892541e+02 -2.94571600e-02 -1.16790143e-03 
 1.29568670e+02 -2.94571603e-02 -1.20200476e-03 
 1.33352143e+02 -2.94571606e-02 -1.23710394e-03 
 1.37246096e+02 -2.94571609e-02 -1.27322802e-03 
 1.41253754e+02 -2.94571613e-02 -1.31040695e-03 
 1.45378439e+02 -2.94571616e-02 -1.34867153e-03 
 1.49623566e+02 -2.94571620e-02 -1.38805345e-03 
 1.53992653e+02 -2.94571624e-02 -1.42858534e-03 
 1.58489319e+02 -2.94571628e-02 -1.47030078e-03 
 1.63117291e+02 -2.94571632e-02 -1.51323434e-03 
 1.67880402e+02 -2.94571637e-02 -1.55742158e-03 
 1.72782598e+02 -2.94571642e-02 -1.60289911e-03 
 1.77827941e+02 -2.94571647e-02 -1.64970461e-03 
 1.83020611e+02 -2.94571653e-02 -1.69787686e-03 
 1.88364909e+02 -2.94571659e-02 -1.74745575e-03 
 1.93865264e+02 -2.94571665e-02 -1.79848238e-03 
 1.99526231e+02 -2.94571672e-02 -1.85099902e-03 
 2.05352503e+02 -2.94571679e-02 -1.90504916e-03 
 2.11348904e+02 -2.94571686e-02 -1.96067760e-03 
 2.17520403e+02 -2.94571694e-02 -2.01793042e-03 
 2.23872114e+02 -2.94571703e-02 -2.07685505e-03 
 2.30409298e+02 -2.94571711e-02 -2.13750032e-03 
 2.37137371e+02 -2.94571721e-02 -2.19991645e-03 
 2.44061907e+02 -2.94571731e-02 -2.26415517e-03 
 2.51188643e+02 -2.94571741e-02 -2.33026970e-03 
 2.58523484e+02 -2.94571752e-02 -2.39831480e-03 
 2.66072506e+02 -2.94571764e-02 -2.46834686e-03 
 2.73841963e+02 -2.94571777e-02 -2.54042388e-03 
 2.81838293e+02 -2.94571790e-02 -2.61460560e-03 
 2.90068120e+02 -2.94571804e-02 -2.69095346e-03 
 2.98538262e+02 -2.94571819e-02 -2.76953072e-03 
 3.07255737e+02 -2.94571835e-02 -2.85040248e-03 
 3.16227766e+02 -2.94571851e-02 -2.93363573e-03 
 3.25461783e+02 -2.94571869e-02 -3.01929944e-03 
 3.34965439e+02 -2.94571888e-02 -3.10746457e-03 
 3.44746607e+02 -2.94571908e-02 -3.19820418e-03 
 3.54813389e+02 -2.94571929e-02 -3.29159342e-03 
 3.65174127e+02 -2.94571951e-02 -3.38770968e-03 
 3.75837404e+02 -2.94571974e-02 -3.48663259e-03 
 3.86812055e+02 -2.94571999e-02 -3.58844410e-03 
 3.98107171e+02 -2.94572026e-02 -3.69322856e-03 
 4.09732110e+02 -2.94572054e-02 -3.80107278e-03 
 4.21696503e+02 -2.94572083e-02 -3.91206610e-03 
 4.34010264e+02 -2.94572115e-02 -4.02630049e-03 
 4.46683592e+02 -2.94572148e-02 -4.14387059e-03 
 4.59726989e+02 -2.94572183e-02 -4.26487379e-03 
 4.73151259e+02 -2.94572221e-02 -4.38941035e-03 
 4.86967525e+02 -2.94572260e-02 -4.51758344e-03 
 5.01187234e+02 -2.94572302e-02 -4.64949926e-03 
 5.15822165e+02 -2.94572347e-02 -4.78526708e-03 
 5.30884444e+02 -2.94572394e-02 -4.92499940e-03 
 5.46386550e+02 -2.94572444e-02 -5.06881197e-03 
 5.62341325e+02 -2.94572496e-02 -5.21682395e-03 
 5.78761988e+02 -2.94572552e-02 -5.36915795e-03 
 5.95662144e+02 -2.94572611e-02 -5.52594019e-03 
 6.13055792e+02 -2.94572674e-02 -5.68730055e-03 
 6.30957344e+02 -2.94572741e-02 -5.85337272e-03 
 6.49381632e+02 -2.94572811e-02 -6.02429428e-03 
 6.68343918e+02 -2.94572886e-02 -6.20020684e-03 
 6.87859912e+02 -2.94572964e-02 -6.38125614e-03 
 7.07945784e+02 -2.94573048e-02 -6.56759217e-03 
 7.28618175e+02 -2.94573137e-02 -6.75936931e-03 
 7.49894209e+02 -2.94573231e-02 -6.95674645e-03 
 7.71791516e+02 -2.94573330e-02 -7.15988710e-03 
 7.94328235e+02 -2.94573435e-02 -7.36895956e-03 
 8.17523038e+02 -2.94573547e-02 -7.58413705e-03 
 8.41395142e+02 -2.94573665e-02 -7.80559783e-03 
 8.65964323e+02 -2.94573790e-02 -8.03352538e-03 
 8.91250938e+02 -2.94573923e-02 -8.26810854e-03 
 9.17275935e+02 -2.94574063e-02 -8.50954164e-03 
 9.44060876e+02 -2.94574212e-02 -8.75802472e-03 
 9.71627952e+02 -2.94574369e-02 -9.01376363e-03 
 1.00000000e+03 -2.94574536e-02 -9.27697025e-03 
 1.02920053e+03 -2.94574713e-02 -9.54786264e-03 
 1.05925373e+03 -2.94574900e-02 -9.82666522e-03 
 1.09018449e+03 -2.94575098e-02 -1.01136090e-02 
 1.12201845e+03 -2.94575309e-02 -1.04089317e-02 
 1.15478198e+03 -2.94575531e-02 -1.07128779e-02 
 1.18850223e+03 -2.94575767e-02 -1.10256995e-02 
 1.22320712e+03 -2.94576016e-02 -1.13476557e-02 
 1.25892541e+03 -2.94576281e-02 -1.16790132e-02 
 1.29568670e+03 -2.94576561e-02 -1.20200465e-02 
 1.33352143e+03 -2.94576858e-02 -1.23710381e-02 
 1.37246096e+03 -2.94577172e-02 -1.27322788e-02 
 1.41253754e+03 -2.94577505e-02 -1.31040680e-02 
 1.45378439e+03 -2.94577858e-02 -1.34867136e-02 
 1.49623566e+03 -2.94578231e-02 -1.38805327e-02 
 1.53992653e+03 -2.94578627e-02 -1.42858514e-02 
 1.58489319e+03 -2.94579046e-02 -1.47030057e-02 
 1.63117291e+03 -2.94579490e-02 -1.51323411e-02 
 1.67880402e+03 -2.94579961e-02 -1.55742133e-02 
 1.72782598e+03 -2.94580459e-02 -1.60289884e-02 
 1.77827941e+03 -2.94580987e-02 -1.64970431e-02 
 1.83020611e+03 -2.94581545e-02 -1.69787653e-02 
 1.88364909e+03 -2.94582138e-02 -1.74745540e-02 
 1.93865264e+03 -2.94582765e-02 -1.79848199e-02 
 1.99526231e+03 -2.94583429e-02 -1.85099859e-02 
 2.05352503e+03 -2.94584133e-02 -1.90504870e-02 
 2.11348904e+03 -2.94584878e-02 -1.96067710e-02 
 2.17520403e+03 -2.94585668e-02 -2.01792987e-02 
 2.23872114e+03 -2.94586504e-02 -2.07685445e-02 
 2.30409298e+03 -2.94587390e-02 -2.13749966e-02 
 2.37137371e+03 -2.94588328e-02 -2.19991574e-02 
 2.44061907e+03 -2.94589322e-02 -2.26415439e-02 
 2.51188643e+03 -2.94590375e-02 -2.33026885e-02 
 2.58523484e+03 -2.94591491e-02 -2.39831388e-02 
 2.66072506e+03 -2.94592672e-02 -2.46834585e-02 
 2.73841963e+03 -2.94593923e-02 -2.54042279e-02 
 2.81838293e+03 -2.94595249e-02 -2.61460440e-02 
 2.90068120e+03 -2.94596653e-02 -2.69095216e-02 
 2.98538262e+03 -2.94598140e-02 -2.76952930e-02 
 3.07255737e+03 -2.94599716e-02 -2.85040092e-02 
 3.16227766e+03 -2.94601384e-02 -2.93363404e-02 
 3.25461783e+03 -2.94603152e-02 -3.01929760e-02 
 3.34965439e+03 -2.94605024e-02 -3.10746256e-02 
 3.44746607e+03 -2.94607008e-02 -3.19820198e-02 
 3.54813389e+03 -2.94609108e-02 -3.29159103e-02 
 3.65174127e+03 -2.94611334e-02 -3.38770708e-02 
 3.75837404e+03 -2.94613691e-02 -3.48662975e-02 
 3.86812055e+03 -2.94616188e-02 -3.58844100e-02 
 3.98107171e+03 -2.94618832e-02 -3.69322518e-02 
 4.09732110e+03 -2.94621634e-02 -3.80106910e-02 
 4.21696503e+03 -2.94624601e-02 -3.91206209e-02 
 4.34010264e+03 -2.94627745e-02 -4.02629612e-02 
 4.46683592e+03 -2.94631074e-02 -4.14386582e-02 
 4.59726989e+03 -2.94634601e-02 -4.26486859e-02 
 4.73151259e+03 -2.94638337e-02 -4.38940468e-02 
 4.86967525e+03 -2.94642294e-02 -4.51757727e-02 
 5.01187234e+03 -2.94646486e-02 -4.64949252e-02 
 5.15822165e+03 -2.94650926e-02 -4.78525974e-02 
 5.30884444e+03 -2.94655629e-02 -4.92499140e-02 
 5.46386550e+03 -2.94660611e-02 -5.06880325e-02 
 5.62341325e+03 -2.94665888e-02 -5.21681444e-02 
 5.78761988e+03 -2.94671477e-02 -5.36914758e-02 
 5.95662144e+03 -2.94677398e-02 -5.52592888e-02 
 6.13055792e+03 -2.94683670e-02 -5.68728822e-02 
 6.30957344e+03 -2.94690313e-02 -5.85335928e-02 
 6.49381632e+03 -2.94697350e-02 -6.02427963e-02 
 6.68343918e+03 -2.94704804e-02 -6.20019087e-02 
 6.87859912e+03 -2.94712700e-02 -6.38123872e-02 
 7.07945784e+03 -2.94721063e-02 -6.56757319e-02 
 7.28618175e+03 -2.94729922e-02 -6.75934862e-02 
 7.49894209e+03 -2.94739306e-02 -6.95672389e-02 
 7.71791516e+03 -2.94749246e-02 -7.15986250e-02 
 7.94328235e+03 -2.94759775e-02 -7.36893275e-02 
 8.17523038e+03 -2.94770928e-02 -7.58410781e-02 
 8.41395142e+03 -2.94782741e-02 -7.80556596e-02 
 8.65964323e+03 -2.94795255e-02 -8.03349064e-02 
 8.91250938e+03 -2.94808510e-02 -8.26807066e-02 
 9.17275935e+03 -2.94822551e-02 -8.50950035e-02 
 9.44060876e+03 -2.94837423e-02 -8.75797970e-02 
 9.71627952e+03 -2.94853177e-02 -9.01371455e-02 
 1.00000000e+04 -2.94869864e-02 -9.27691675e-02 
 1.02920053e+04 -2.94887540e-02 -9.54780431e-02 
 1.05925373e+04 -2.94906263e-02 -9.82660164e-02 
 1.09018449e+04 -2.94926096e-02 -1.01135397e-01 
 1.12201845e+04 -2.94947103e-02 -1.04088561e-01 
 1.15478198e+04 -2.94969356e-02 -1.07127955e-01 
 1.18850223e+04 -2.94992927e-02 -1.10256097e-01 
 1.22320712e+04 -2.95017895e-02 -1.13475578e-01 
 1.25892541e+04 -2.95044342e-02 -1.16789064e-01 
 1.29568670e+04 -2.95072356e-02 -1.20199301e-01 
 1.33352143e+04 -2.95102030e-02 -1.23709112e-01 
 1.37246096e+04 -2.95133462e-02 -1.27321405e-01 
 1.41253754e+04 -2.95166757e-02 -1.31039172e-01 
 1.45378439e+04 -2.95202025e-02 -1.34865492e-01 
 1.49623566e+04 -2.95239382e-02 -1.38803535e-01 
 1.53992653e+04 -2.95278952e-02 -1.42856561e-01 
 1.58489319e+04 -2.95320868e-02 -1.47027927e-01 
 1.63117291e+04 -2.95365266e-02 -1.51321089e-01 
 1.67880402e+04 -2.95412296e-02 -1.55739601e-01 
 1.72782598e+04 -2.95462112e-02 -1.60287124e-01 
 1.77827941e+04 -2.95514880e-02 -1.64967422e-01 
 1.83020611e+04 -2.95570774e-02 -1.69784373e-01 
 1.88364909e+04 -2.95629980e-02 -1.74741964e-01 
 1.93865264e+04 -2.95692694e-02 -1.79844301e-01 
 1.99526231e+04 -2.95759123e-02 -1.85095610e-01 
 2.05352503e+04 -2.95829489e-02 -1.90500237e-01 
 2.11348904e+04 -2.95904024e-02 -1.96062659e-01 
 2.17520403e+04 -2.95982975e-02 -2.01787481e-01 
 2.23872114e+04 -2.96066604e-02 -2.07679443e-01 
 2.30409298e+04 -2.96155187e-02 -2.13743422e-01 
 2.37137371e+04 -2.96249020e-02 -2.19984440e-01 
 2.44061907e+04 -2.96348411e-02 -2.26407662e-01 
 2.51188643e+04 -2.96453692e-02 -2.33018406e-01 
 2.58523484e+04 -2.96565210e-02 -2.39822144e-01 
 2.66072506e+04 -2.96683335e-02 -2.46824508e-01 
 2.73841963e+04 -2.96808459e-02 -2.54031293e-01 
 2.81838293e+04 -2.96940996e-02 -2.61448464e-01 
 2.90068120e+04 -2.97081385e-02 -2.69082159e-01 
 2.98538262e+04 -2.97230092e-02 -2.76938695e-01 
 3.07255737e+04 -2.97387609e-02 -2.85024575e-01 
 3.16227766e+04 -2.97554458e-02 -2.93346487e-01 
 3.25461783e+04 -2.97731192e-02 -3.01911317e-01 
 3.34965439e+04 -2.97918396e-02 -3.10726150e-01 
 3.44746607e+04 -2.98116691e-02 -3.19798279e-01 
 3.54813389e+04 -2.98326733e-02 -3.29135208e-01 
 3.65174127e+04 -2.98549219e-02 -3.38744657e-01 
 3.75837404e+04 -2.98784885e-02 -3.48634575e-01 
 3.86812055e+04 -2.99034512e-02 -3.58813140e-01 
 3.98107171e+04 -2.99298928e-02 -3.69288765e-01 
 4.09732110e+04 -2.99579006e-02 -3.80070113e-01 
 4.21696503e+04 -2.99875676e-02 -3.91166095e-01 
 4.34010264e+04 -3.00189920e-02 -4.02585880e-01 
 4.46683592e+04 -3.00522779e-02 -4.14338906e-01 
 4.59726989e+04 -3.00875354e-02 -4.26434885e-01 
 4.73151259e+04 -3.01248814e-02 -4.38883807e-01 
 4.86967525e+04 -3.01644395e-02 -4.51695956e-01 
 5.01187234e+04 -3.02063407e-02 -4.64881912e-01 
 5.15822165e+04 -3.02507237e-02 -4.78452561e-01 
 5.30884444e+04 -3.02977355e-02 -4.92419107e-01 
 5.46386550e+04 -3.03475316e-02 -5.06793076e-01 
 5.62341325e+04 -3.04002770e-02 -5.21586327e-01 
 5.78761988e+04 -3.04561462e-02 -5.36811066e-01 
 5.95662144e+04 -3.05153241e-02 -5.52479846e-01 
 6.13055792e+04 -3.05780066e-02 -5.68605587e-01 
 6.30957344e+04 -3.06444011e-02 -5.85201581e-01 
 6.49381632e+04 -3.07147272e-02 -6.02281503e-01 
 6.68343918e+04 -3.07892176e-02 -6.19859422e-01 
 6.87859912e+04 -3.08681188e-02 -6.37949812e-01 
 7.07945784e+04 -3.09516917e-02 -6.56567565e-01 
 7.28618175e+04 -3.10402127e-02 -6.75728000e-01 
 7.49894209e+04 -3.11339745e-02 -6.95446876e-01 
 7.71791516e+04 -3.12332871e-02 -7.15740407e-01 
 7.94328235e+04 -3.13384789e-02 -7.36625267e-01 
 8.17523038e+04 -3.14498975e-02 -7.58118613e-01 
 8.41395142e+04 -3.15679112e-02 -7.80238088e-01 
 8.65964323e+04 -3.16929098e-02 -8.03001843e-01 
 8.91250938e+04 -3.18253064e-02 -8.26428545e-01 
 9.17275935e+04 -3.19655382e-02 -8.50537392e-01 
 9.44060876e+04 -3.21140682e-02 -8.75348131e-01 
 9.71627952e+04 -3.22713869e-02 -9.00881068e-01 
 1.00000000e+05 -3.24380135e-02 -9.27157086e-01 
 1.02920053e+05 -3.26144978e-02 -9.54197658e-01 
 1.05925373e+05 -3.28014221e-02 -9.82024865e-01 
 1.09018449e+05 -3.29994028e-02 -1.01066141e+00 
 1.12201845e+05 -3.32090928e-02 -1.04013064e+00 
 1.15478198e+05 -3.34311832e-02 -1.07045654e+00 
 1.18850223e+05 -3.36664056e-02 -1.10166380e+00 
 1.22320712e+05 -3.39155350e-02 -1.13377776e+00 
 1.25892541e+05 -3.41793916e-02 -1.16682449e+00 
 1.29568670e+05 -3.44588438e-02 -1.20083079e+00 
 1.33352143e+05 -3.47548110e-02 -1.23582419e+00 
 1.37246096e+05 -3.50682664e-02 -1.27183298e+00 
 1.41253754e+05 -3.54002404e-02 -1.30888623e+00 
 1.45378439e+05 -3.57518235e-02 -1.34701382e+00 
 1.49623566e+05 -3.61241702e-02 -1.38624641e+00 
 1.53992653e+05 -3.65185023e-02 -1.42661554e+00 
 1.58489319e+05 -3.69361133e-02 -1.46815358e+00 
 1.63117291e+05 -3.73783718e-02 -1.51089377e+00 
 1.67880402e+05 -3.78467265e-02 -1.55487024e+00 
 1.72782598e+05 -3.83427105e-02 -1.60011804e+00 
 1.77827941e+05 -3.88679458e-02 -1.64667315e+00 
 1.83020611e+05 -3.94241492e-02 -1.69457249e+00 
 1.88364909e+05 -4.00131367e-02 -1.74385394e+00 
 1.93865264e+05 -4.06368301e-02 -1.79455639e+00 
 1.99526231e+05 -4.12972622e-02 -1.84671970e+00 
 2.05352503e+05 -4.19965835e-02 -1.90038478e+00 
 2.11348904e+05 -4.27370687e-02 -1.95559356e+00 
 2.17520403e+05 -4.35211238e-02 -2.01238902e+00 
 2.23872114e+05 -4.43512933e-02 -2.07081523e+00 
 2.30409298e+05 -4.52302679e-02 -2.13091732e+00 
 2.37137371e+05 -4.61608928e-02 -2.19274153e+00 
 2.44061907e+05 -4.71461760e-02 -2.25633522e+00 
 2.51188643e+05 -4.81892976e-02 -2.32174685e+00 
 2.58523484e+05 -4.92936190e-02 -2.38902603e+00 
 2.66072506e+05 -5.04626927e-02 -2.45822351e+00 
 2.73841963e+05 -5.17002731e-02 -2.52939118e+00 
 2.81838293e+05 -5.30103268e-02 -2.60258208e+00 
 2.90068120e+05 -5.43970445e-02 -2.67785041e+00 
 2.98538262e+05 -5.58648528e-02 -2.75525152e+00 
 3.07255737e+05 -5.74184265e-02 -2.83484191e+00 
 3.16227766e+05 -5.90627019e-02 -2.91667922e+00 
 3.25461783e+05 -6.08028903e-02 -3.00082222e+00 
 3.34965439e+05 -6.26444924e-02 -3.08733082e+00 
 3.44746607e+05 -6.45933128e-02 -3.17626599e+00 
 3.54813389e+05 -6.66554758e-02 -3.26768982e+00 
 3.65174127e+05 -6.88374413e-02 -3.36166542e+00 
 3.75837404e+05 -7.11460212e-02 -3.45825692e+00 
 3.86812055e+05 -7.35883973e-02 -3.55752943e+00 
 3.98107171e+05 -7.61721386e-02 -3.65954897e+00 
 4.09732110e+05 -7.89052203e-02 -3.76438247e+00 
 4.21696503e+05 -8.17960425e-02 -3.87209762e+00 
 4.34010264e+05 -8.48534501e-02 -3.98276290e+00 
 4.46683592e+05 -8.80867528e-02 -4.09644741e+00 
 4.59726989e+05 -9.15057459e-02 -4.21322085e+00 
 4.73151259e+05 -9.51207318e-02 -4.33315336e+00 
 4.86967525e+05 -9.89425410e-02 -4.45631545e+00 
 5.01187234e+05 -1.02982554e-01 -4.58277786e+00 
 5.15822165e+05 -1.07252725e-01 -4.71261143e+00 
 5.30884444e+05 -1.11765601e-01 -4.84588691e+00 
 5.46386550e+05 -1.16534348e-01 -4.98267485e+00 
 5.62341325e+05 -1.21572771e-01 -5.12304536e+00 
 5.78761988e+05 -1.26895336e-01 -5.26706795e+00 
 5.95662144e+05 -1.32517193e-01 -5.41481128e+00 
 6.13055792e+05 -1.38454199e-01 -5.56634293e+00 
 6.30957344e+05 -1.44722932e-01 -5.72172915e+00 
 6.49381632e+05 -1.51340719e-01 -5.88103456e+00 
 6.68343918e+05 -1.58325647e-01 -6.04432185e+00 
 6.87859912e+05 -1.65696585e-01 -6.21165148e+00 
 7.07945784e+05 -1.73473198e-01 -6.38308127e+00 
 7.28618175e+05 -1.81675954e-01 -6.55866608e+00 
 7.49894209e+05 -1.90326145e-01 -6.73845738e+00 
 7.71791516e+05 -1.99445882e-01 -6.92250283e+00 
 7.94328235e+05 -2.09058111e-01 -7.11084580e+00 
 8.17523038e+05 -2.19186601e-01 -7.30352493e+00 
 8.41395142e+05 -2.29855949e-01 -7.50057360e+00 
 8.65964323e+05 -2.41091564e-01 -7.70201938e+00 
 8.91250938e+05 -2.52919655e-01 -7.90788349e+00 
 9.17275935e+05 -2.65367209e-01 -8.11818021e+00 
 9.44060876e+05 -2.78461960e-01 -8.33291628e+00 
 9.71627952e+05 -2.92232356e-01 -8.55209025e+00 
 1.00000000e+06 -3.06707515e-01 -8.77569185e+00 
 1.02920053e+06 -3.21917167e-01 -9.00370132e+00 
 1.05925373e+06 -3.37891595e-01 -9.23608876e+00 
 1.09018449e+06 -3.54661560e-01 -9.47281339e+00 
 1.12201845e+06 -3.72258214e-01 -9.71382293e+00 
 1.15478198e+06 -3.90713007e-01 -9.95905287e+00 
 1.18850223e+06 -4.10057572e-01 -1.02084259e+01 
 1.22320712e+06 -4.30323608e-01 -1.04618510e+01 
 1.25892541e+06 -4.51542738e-01 -1.07192232e+01 
 1.29568670e+06 -4.73746361e-01 -1.09804227e+01 
 1.33352143e+06 -4.96965486e-01 -1.12453144e+01 
 1.37246096e+06 -5.21230553e-01 -1.15137474e+01 
 1.41253754e+06 -5.46571236e-01 -1.17855549e+01 
 1.45378439e+06 -5.73016238e-01 -1.20605531e+01 
 1.49623566e+06 -6.00593061e-01 -1.23385418e+01 
 1.53992653e+06 -6.29327776e-01 -1.26193039e+01 
 1.58489319e+06 -6.59244771e-01 -1.29026052e+01 
 1.63117291e+06 -6.90366491e-01 -1.31881949e+01 
 1.67880402e+06 -7.22713164e-01 -1.34758058e+01 
 1.72782598e+06 -7.56302530e-01 -1.37651545e+01 
 1.77827941e+06 -7.91149548e-01 -1.40559423e+01 
 1.83020611e+06 -8.27266115e-01 -1.43478558e+01 
 1.88364909e+06 -8.64660773e-01 -1.46405680e+01 
 1.93865264e+06 -9.03338425e-01 -1.49337397e+01 
 1.99526231e+06 -9.43300055e-01 -1.52270205e+01 
 2.05352503e+06 -9.84542456e-01 -1.55200510e+01 
 2.11348904e+06 -1.02705797e+00 -1.58124640e+01 
 2.17520403e+06 -1.07083427e+00 -1.61038873e+01 
 2.23872114e+06 -1.11585409e+00 -1.63939453e+01 
 2.30409298e+06 -1.16209509e+00 -1.66822621e+01 
 2.37137371e+06 -1.20952966e+00 -1.69684638e+01 
 2.44061907e+06 -1.25812482e+00 -1.72521813e+01 
 2.51188643e+06 -1.30784208e+00 -1.75330537e+01 
 2.58523484e+06 -1.35863743e+00 -1.78107310e+01 
 2.66072506e+06 -1.41046133e+00 -1.80848775e+01 
 2.73841963e+06 -1.46325874e+00 -1.83551752e+01 
 2.81838293e+06 -1.51696922e+00 -1.86213268e+01 
 2.90068120e+06 -1.57152705e+00 -1.88830593e+01 
 2.98538262e+06 -1.62686144e+00 -1.91401270e+01 
 3.07255737e+06 -1.68289678e+00 -1.93923151e+01 
 3.16227766e+06 -1.73955287e+00 -1.96394420e+01 
 3.25461783e+06 -1.79674534e+00 -1.98813629e+01 
 3.34965439e+06 -1.85438595e+00 -2.01179721e+01 
 3.44746607e+06 -1.91238307e+00 -2.03492055e+01 
 3.54813389e+06 -1.97064211e+00 -2.05750426e+01 
 3.65174127e+06 -2.02906599e+00 -2.07955087e+01 
 3.75837404e+06 -2.08755569e+00 -2.10106760e+01 
 3.86812055e+06 -2.14601075e+00 -2.12206650e+01 
 3.98107171e+06 -2.20432982e+00 -2.14256452e+01 
 4.09732110e+06 -2.26241123e+00 -2.16258355e+01 
 4.21696503e+06 -2.32015350e+00 -2.18215046e+01 
 4.34010264e+06 -2.37745590e+00 -2.20129701e+01 
 4.46683592e+06 -2.43421898e+00 -2.22005984e+01 
 4.59726989e+06 -2.49034504e+00 -2.23848033e+01 
 4.73151259e+06 -2.54573863e+00 -2.25660448e+01 
 4.86967525e+06 -2.60030696e+00 -2.27448278e+01 
 5.01187234e+06 -2.65396032e+00 -2.29216998e+01 
 5.15822165e+06 -2.70661243e+00 -2.30972490e+01 
 5.30884444e+06 -2.75818075e+00 -2.32721021e+01 
 5.46386550e+06 -2.80858670e+00 -2.34469221e+01 
 5.62341325e+06 -2.85775594e+00 -2.36224054e+01 
 5.78761988e+06 -2.90561845e+00 -2.37992795e+01 
 5.95662144e+06 -2.95210869e+00 -2.39783007e+01 
 6.13055792e+06 -2.99716561e+00 -2.41602514e+01 
 6.30957344e+06 -3.04073267e+00 -2.43459374e+01 
 6.49381632e+06 -3.08275781e+00 -2.45361863e+01 
 6.68343918e+06 -3.12319331e+00 -2.47318449e+01 
 6.87859912e+06 -3.16199571e+00 -2.49337775e+01 
 7.07945784e+06 -3.19912562e+00 -2.51428638e+01 
 7.28618175e+06 -3.23454749e+00 -2.53599982e+01 
 7.49894209e+06 -3.26822940e+00 -2.55860876e+01 
 7.71791516e+06 -3.30014282e+00 -2.58220515e+01 
 7.94328235e+06 -3.33026228e+00 -2.60688209e+01 
 8.17523038e+06 -3.35856512e+00 -2.63273380e+01 
 8.41395142e+06 -3.38503117e+00 -2.65985566e+01 
 8.65964323e+06 -3.40964242e+00 -2.68834422e+01 
 8.91250938e+06 -3.43238273e+00 -2.71829731e+01 
 9.17275935e+06 -3.45323753e+00 -2.74981413e+01 
 9.44060876e+06 -3.47219347e+00 -2.78299543e+01 
 9.71627952e+06 -3.48923817e+00 -2.81794369e+01 
 1.00000000e+07 -3.50435994e+00 -2.85476332e+01 
 1.02920053e+07 -3.51754753e+00 -2.89356098e+01 
 1.05925373e+07 -3.52878986e+00 -2.93444588e+01 
 1.09018449e+07 -3.53807589e+00 -2.97753008e+01 
 1.12201845e+07 -3.54539439e+00 -3.02292897e+01 
 1.15478198e+07 -3.55073389e+00 -3.07076161e+01 
 1.18850223e+07 -3.55408252e+00 -3.12115130e+01 
 1.22320712e+07 -3.55542808e+00 -3.17422607e+01 
 1.25892541e+07 -3.55475801e+00 -3.23011926e+01 
 1.29568670e+07 -3.55205954e+00 -3.28897017e+01 
 1.33352143e+07 -3.54731988e+00 -3.35092474e+01 
 1.37246096e+07 -3.54052651e+00 -3.41613632e+01 
 1.41253754e+07 -3.53166756e+00 -3.48476644e+01 
 1.45378439e+07 -3.52073238e+00 -3.55698572e+01 
 1.49623566e+07 -3.50771219e+00 -3.63297481e+01 
 1.53992653e+07 -3.49260095e+00 -3.71292539e+01 
 1.58489319e+07 -3.47539636e+00 -3.79704126e+01 
 1.63117291e+07 -3.45610125e+00 -3.88553950e+01 
 1.67880402e+07 -3.43472503e+00 -3.97865171e+01 
 1.72782598e+07 -3.41128567e+00 -4.07662526e+01 
 1.77827941e+07 -3.38581195e+00 -4.17972471e+01 
 1.83020611e+07 -3.35834613e+00 -4.28823316e+01 
 1.88364909e+07 -3.32894725e+00 -4.40245367e+01 
 1.93865264e+07 -3.29769488e+00 -4.52271075e+01 
 1.99526231e+07 -3.26469372e+00 -4.64935165e+01 
 2.05352503e+07 -3.23007884e+00 -4.78274774e+01 
 2.11348904e+07 -3.19402193e+00 -4.92329554e+01 
 2.17520403e+07 -3.15673856e+00 -5.07141762e+01 
 2.23872114e+07 -3.11849653e+00 -5.22756300e+01 
 2.30409298e+07 -3.07962554e+00 -5.39220702e+01 
 2.37137371e+07 -3.04052811e+00 -5.56585042e+01 
 2.44061907e+07 -3.00169200e+00 -5.74901734e+01 
 2.51188643e+07 -2.96370387e+00 -5.94225195e+01 
 2.58523484e+07 -2.92726429e+00 -6.14611331e+01 
 2.66072506e+07 -2.89320366e+00 -6.36116798e+01 
 2.73841963e+07 -2.86249864e+00 -6.58797987e+01 
 2.81838293e+07 -2.83628837e+00 -6.82709691e+01 
 2.90068120e+07 -2.81588920e+00 -7.07903381e+01 
 2.98538262e+07 -2.80280672e+00 -7.34425071e+01 
 3.07255737e+07 -2.79874275e+00 -7.62312741e+01 
 3.16227766e+07 -2.80559513e+00 -7.91593322e+01 
 3.25461783e+07 -2.82544744e+00 -8.22279333e+01 
 3.34965439e+07 -2.86054567e+00 -8.54365270e+01 
 3.44746607e+07 -2.91325925e+00 -8.87823993e+01 
 3.54813389e+07 -2.98602458e+00 -9.22603415e+01 
 3.65174127e+07 -3.08127067e+00 -9.58623874e+01 
 3.75837404e+07 -3.20132880e+00 -9.95776641e+01 
 3.86812055e+07 -3.34833062e+00 -1.03392398e+02 
 3.98107171e+07 -3.52410232e+00 -1.07290112e+02 
 4.09732110e+07 -3.73006437e+00 -1.11252022e+02 
 4.21696503e+07 -3.96714759e+00 -1.15257638e+02 
 4.34010264e+07 -4.23573585e+00 -1.19285507e+02 
 4.46683592e+07 -4.53564241e+00 -1.23314060e+02 
 4.59726989e+07 -4.86612342e+00 -1.27322463e+02 
 4.73151259e+07 -5.22592650e+00 -1.31291400e+02 
 4.86967525e+07 -5.61336821e+00 -1.35203717e+02 
 5.01187234e+07 -6.02643089e+00 -1.39044875e+02 
 5.15822165e+07 -6.46286803e+00 -1.42803204e+02 
 5.30884444e+07 -6.92030816e+00 -1.46469958e+02 
 5.46386550e+07 -7.39634900e+00 -1.50039206e+02 
 5.62341325e+07 -7.88863657e+00 -1.53507590e+02 
 5.78761988e+07 -8.39492671e+00 -1.56874014e+02 
 5.95662144e+07 -8.91312879e+00 -1.60139281e+02 
 6.13055792e+07 -9.44133313e+00 -1.63305732e+02 
 6.30957344e+07 -9.97782464e+00 -1.66376896e+02 
 6.49381632e+07 -1.05210855e+01 -1.69357180e+02 
 6.68343918e+07 -1.10697900e+01 -1.72251593e+02 
 6.87859912e+07 -1.16227935e+01 -1.75065522e+02 
 7.07945784e+07 -1.21791184e+01 -1.77804545e+02 
 7.28618175e+07 -1.27379379e+01 -1.80474285e+02 
 7.49894209e+07 -1.32985598e+01 -1.83080298e+02 
 7.71791516e+07 -1.38604104e+01 -1.85627991e+02 
 7.94328235e+07 -1.44230185e+01 -1.88122559e+02 
 8.17523038e+07 -1.49860021e+01 -1.90568950e+02 
 8.41395142e+07 -1.55490547e+01 -1.92971832e+02 
 8.65964323e+07 -1.61119345e+01 -1.95335586e+02 
 8.91250938e+07 -1.66744541e+01 -1.97664291e+02 
 9.17275935e+07 -1.72364714e+01 -1.99961735e+02 
 9.44060876e+07 -1.77978823e+01 -2.02231410e+02 
 9.71627952e+07 -1.83586135e+01 -2.04476526e+02 
 1.00000000e+08 -1.89186177e+01 -2.06700017e+02 
 1.02920053e+08 -1.94778676e+01 -2.08904555e+02 
 1.05925373e+08 -2.00363526e+01 -2.11092560e+02 
 1.09018449e+08 -2.05940747e+01 -2.13266211e+02 
 1.12201845e+08 -2.11510457e+01 -2.15427462e+02 
 1.15478198e+08 -2.17072848e+01 -2.17578049e+02 
 1.18850223e+08 -2.22628159e+01 -2.19719501e+02 
 1.22320712e+08 -2.28176662e+01 -2.21853155e+02 
 1.25892541e+08 -2.33718644e+01 -2.23980163e+02 
 1.29568670e+08 -2.39254399e+01 -2.26101504e+02 
 1.33352143e+08 -2.44784208e+01 -2.28217989e+02 
 1.37246096e+08 -2.50308340e+01 -2.30330277e+02 
 1.41253754e+08 -2.55827039e+01 -2.32438878e+02 
 1.45378439e+08 -2.61340519e+01 -2.34544163e+02 
 1.49623566e+08 -2.66848961e+01 -2.36646373e+02 
 1.53992653e+08 -2.72352510e+01 -2.38745627e+02 
 1.58489319e+08 -2.77851271e+01 -2.40841928e+02 
 1.63117291e+08 -2.83345309e+01 -2.42935173e+02 
 1.67880402e+08 -2.88834647e+01 -2.45025160e+02 
 1.72782598e+08 -2.94319269e+01 -2.47111595e+02 
 1.77827941e+08 -2.99799119e+01 -2.49194098e+02 
 1.83020611e+08 -3.05274102e+01 -2.51272215e+02 
 1.88364909e+08 -3.10744087e+01 -2.53345421e+02 
 1.93865264e+08 -3.16208912e+01 -2.55413130e+02 
 1.99526231e+08 -3.21668380e+01 -2.57474699e+02 
 2.05352503e+08 -3.27122270e+01 -2.59529442e+02 
 2.11348904e+08 -3.32570336e+01 -2.61576630e+02 
 2.17520403e+08 -3.38012312e+01 -2.63615502e+02 
 2.23872114e+08 -3.43447915e+01 -2.65645271e+02 
 2.30409298e+08 -3.48876850e+01 -2.67665133e+02 
 2.37137371e+08 -3.54298813e+01 -2.69674270e+02 
 2.44061907e+08 -3.59713495e+01 -2.71671858e+02 
 2.51188643e+08 -3.65120587e+01 -2.73657076e+02 
 2.58523484e+08 -3.70519781e+01 -2.75629107e+02 
 2.66072506e+08 -3.75910774e+01 -2.77587148e+02 
 2.73841963e+08 -3.81293274e+01 -2.79530413e+02 
 2.81838293e+08 -3.86667000e+01 -2.81458138e+02 
 2.90068120e+08 -3.92031684e+01 -2.83369588e+02 
 2.98538262e+08 -3.97387075e+01 -2.85264058e+02 
 3.07255737e+08 -4.02732939e+01 -2.87140878e+02 
 3.16227766e+08 -4.08069064e+01 -2.88999417e+02 
 3.25461783e+08 -4.13395257e+01 -2.90839086e+02 
 3.34965439e+08 -4.18711346e+01 -2.92659340e+02 
 3.44746607e+08 -4.24017183e+01 -2.94459680e+02 
 3.54813389e+08 -4.29312640e+01 -2.96239655e+02 
 3.65174127e+08 -4.34597611e+01 -2.97998864e+02 
 3.75837404e+08 -4.39872013e+01 -2.99736954e+02 
 3.86812055e+08 -4.45135783e+01 -3.01453626e+02 
 3.98107171e+08 -4.50388877e+01 -3.03148629e+02 
 4.09732110e+08 -4.55631269e+01 -3.04821766e+02 
 4.21696503e+08 -4.60862954e+01 -3.06472888e+02 
 4.34010264e+08 -4.66083938e+01 -3.08101896e+02 
 4.46683592e+08 -4.71294245e+01 -3.09708742e+02 
 4.59726989e+08 -4.76493909e+01 -3.11293423e+02 
 4.73151259e+08 -4.81682976e+01 -3.12855985e+02 
 4.86967525e+08 -4.86861501e+01 -3.14396517e+02 
 5.01187234e+08 -4.92029546e+01 -3.15915153e+02 
 5.15822165e+08 -4.97187178e+01 -3.17412065e+02 
 5.30884444e+08 -5.02334467e+01 -3.18887469e+02 
 5.46386550e+08 -5.07471487e+01 -3.20341616e+02 
 5.62341325e+08 -5.12598310e+01 -3.21774791e+02 
 5.78761988e+08 -5.17715006e+01 -3.23187316e+02 
 5.95662144e+08 -5.22821642e+01 -3.24579543e+02 
 6.13055792e+08 -5.27918281e+01 -3.25951851e+02 
 6.30957344e+08 -5.33004978e+01 -3.27304649e+02 
 6.49381632e+08 -5.38081782e+01 -3.28638371e+02 
 6.68343918e+08 -5.43148729e+01 -3.29953471e+02 
 6.87859912e+08 -5.48205847e+01 -3.31250427e+02 
 7.07945784e+08 -5.53253152e+01 -3.32529735e+02 
 7.28618175e+08 -5.58290646e+01 -3.33791908e+02 
 7.49894209e+08 -5.63318316e+01 -3.35037474e+02 
 7.71791516e+08 -5.68336135e+01 -3.36266975e+02 
 7.94328235e+08 -5.73344059e+01 -3.37480964e+02 
 8.17523038e+08 -5.78342026e+01 -3.38680003e+02 
 8.41395142e+08 -5.83329956e+01 -3.39864663e+02 
 8.65964323e+08 -5.88307750e+01 -3.41035523e+02 
 8.91250938e+08 -5.93275291e+01 -3.42193165e+02 
 9.17275935e+08 -5.98232439e+01 -3.43338174e+02 
 9.44060876e+08 -6.03179032e+01 -3.44471139e+02 
 9.71627952e+08 -6.08114890e+01 -3.45592648e+02 
 1.00000000e+09 -6.13039806e+01 -3.46703289e+02 
