 frequency       av              ph             
 1.00000000e+00  1.19678420e+01 -2.39360451e-05 
 1.02920053e+00  1.19678420e+01 -2.46349902e-05 
 1.05925373e+00  1.19678420e+01 -2.53543449e-05 
 1.09018449e+00  1.19678420e+01 -2.60947052e-05 
 1.12201845e+00  1.19678420e+01 -2.68566843e-05 
 1.15478198e+00  1.19678420e+01 -2.76409137e-05 
 1.18850223e+00  1.19678420e+01 -2.84480429e-05 
 1.22320712e+00  1.19678420e+01 -2.92787408e-05 
 1.25892541e+00  1.19678420e+01 -3.01336954e-05 
 1.29568670e+00  1.19678420e+01 -3.10136152e-05 
 1.33352143e+00  1.19678420e+01 -3.19192292e-05 
 1.37246096e+00  1.19678420e+01 -3.28512875e-05 
 1.41253754e+00  1.19678420e+01 -3.38105624e-05 
 1.45378439e+00  1.19678420e+01 -3.47978486e-05 
 1.49623566e+00  1.19678420e+01 -3.58139642e-05 
 1.53992653e+00  1.19678420e+01 -3.68597508e-05 
 1.58489319e+00  1.19678420e+01 -3.79360749e-05 
 1.63117291e+00  1.19678420e+01 -3.90438283e-05 
 1.67880402e+00  1.19678420e+01 -4.01839287e-05 
 1.72782598e+00  1.19678420e+01 -4.13573206e-05 
 1.77827941e+00  1.19678420e+01 -4.25649762e-05 
 1.83020611e+00  1.19678420e+01 -4.38078959e-05 
 1.88364909e+00  1.19678420e+01 -4.50871096e-05 
 1.93865264e+00  1.19678420e+01 -4.64036769e-05 
 1.99526231e+00  1.19678420e+01 -4.77586888e-05 
 2.05352503e+00  1.19678420e+01 -4.91532677e-05 
 2.11348904e+00  1.19678420e+01 -5.05885690e-05 
 2.17520403e+00  1.19678420e+01 -5.20657819e-05 
 2.23872114e+00  1.19678420e+01 -5.35861302e-05 
 2.30409298e+00  1.19678420e+01 -5.51508734e-05 
 2.37137371e+00  1.19678420e+01 -5.67613080e-05 
 2.44061907e+00  1.19678420e+01 -5.84187681e-05 
 2.51188643e+00  1.19678420e+01 -6.01246269e-05 
 2.58523484e+00  1.19678420e+01 -6.18802977e-05 
 2.66072506e+00  1.19678420e+01 -6.36872350e-05 
 2.73841963e+00  1.19678420e+01 -6.55469359e-05 
 2.81838293e+00  1.19678420e+01 -6.74609410e-05 
 2.90068120e+00  1.19678420e+01 -6.94308360e-05 
 2.98538262e+00  1.19678420e+01 -7.14582530e-05 
 3.07255737e+00  1.19678420e+01 -7.35448717e-05 
 3.16227766e+00  1.19678420e+01 -7.56924207e-05 
 3.25461783e+00  1.19678420e+01 -7.79026793e-05 
 3.34965439e+00  1.19678420e+01 -8.01774786e-05 
 3.44746607e+00  1.19678420e+01 -8.25187033e-05 
 3.54813389e+00  1.19678420e+01 -8.49282929e-05 
 3.65174127e+00  1.19678420e+01 -8.74082438e-05 
 3.75837404e+00  1.19678420e+01 -8.99606106e-05 
 3.86812055e+00  1.19678420e+01 -9.25875079e-05 
 3.98107171e+00  1.19678420e+01 -9.52911119e-05 
 4.09732110e+00  1.19678420e+01 -9.80736626e-05 
 4.21696503e+00  1.19678420e+01 -1.00937465e-04 
 4.34010264e+00  1.19678420e+01 -1.03884892e-04 
 4.46683592e+00  1.19678420e+01 -1.06918386e-04 
 4.59726989e+00  1.19678420e+01 -1.10040459e-04 
 4.73151259e+00  1.19678420e+01 -1.13253699e-04 
 4.86967525e+00  1.19678420e+01 -1.16560766e-04 
 5.01187234e+00  1.19678420e+01 -1.19964402e-04 
 5.15822165e+00  1.19678420e+01 -1.23467426e-04 
 5.30884444e+00  1.19678420e+01 -1.27072740e-04 
 5.46386550e+00  1.19678420e+01 -1.30783331e-04 
 5.62341325e+00  1.19678420e+01 -1.34602273e-04 
 5.78761988e+00  1.19678420e+01 -1.38532731e-04 
 5.95662144e+00  1.19678420e+01 -1.42577959e-04 
 6.13055792e+00  1.19678420e+01 -1.46741311e-04 
 6.30957344e+00  1.19678420e+01 -1.51026235e-04 
 6.49381632e+00  1.19678420e+01 -1.55436280e-04 
 6.68343918e+00  1.19678420e+01 -1.59975102e-04 
 6.87859912e+00  1.19678420e+01 -1.64646459e-04 
 7.07945784e+00  1.19678420e+01 -1.69454222e-04 
 7.28618175e+00  1.19678420e+01 -1.74402375e-04 
 7.49894209e+00  1.19678420e+01 -1.79495016e-04 
 7.71791516e+00  1.19678420e+01 -1.84736365e-04 
 7.94328235e+00  1.19678420e+01 -1.90130765e-04 
 8.17523038e+00  1.19678420e+01 -1.95682683e-04 
 8.41395142e+00  1.19678420e+01 -2.01396721e-04 
 8.65964323e+00  1.19678420e+01 -2.07277611e-04 
 8.91250938e+00  1.19678420e+01 -2.13330227e-04 
 9.17275935e+00  1.19678420e+01 -2.19559582e-04 
 9.44060876e+00  1.19678420e+01 -2.25970837e-04 
 9.71627952e+00  1.19678420e+01 -2.32569305e-04 
 1.00000000e+01  1.19678420e+01 -2.39360451e-04 
 1.02920053e+01  1.19678420e+01 -2.46349902e-04 
 1.05925373e+01  1.19678420e+01 -2.53543449e-04 
 1.09018449e+01  1.19678420e+01 -2.60947052e-04 
 1.12201845e+01  1.19678420e+01 -2.68566843e-04 
 1.15478198e+01  1.19678420e+01 -2.76409137e-04 
 1.18850223e+01  1.19678420e+01 -2.84480429e-04 
 1.22320712e+01  1.19678420e+01 -2.92787408e-04 
 1.25892541e+01  1.19678420e+01 -3.01336954e-04 
 1.29568670e+01  1.19678420e+01 -3.10136152e-04 
 1.33352143e+01  1.19678420e+01 -3.19192292e-04 
 1.37246096e+01  1.19678420e+01 -3.28512875e-04 
 1.41253754e+01  1.19678420e+01 -3.38105624e-04 
 1.45378439e+01  1.19678420e+01 -3.47978486e-04 
 1.49623566e+01  1.19678420e+01 -3.58139642e-04 
 1.53992653e+01  1.19678420e+01 -3.68597508e-04 
 1.58489319e+01  1.19678420e+01 -3.79360749e-04 
 1.63117291e+01  1.19678420e+01 -3.90438283e-04 
 1.67880402e+01  1.19678420e+01 -4.01839287e-04 
 1.72782598e+01  1.19678420e+01 -4.13573206e-04 
 1.77827941e+01  1.19678420e+01 -4.25649762e-04 
 1.83020611e+01  1.19678420e+01 -4.38078959e-04 
 1.88364909e+01  1.19678420e+01 -4.50871096e-04 
 1.93865264e+01  1.19678420e+01 -4.64036769e-04 
 1.99526231e+01  1.19678420e+01 -4.77586888e-04 
 2.05352503e+01  1.19678420e+01 -4.91532677e-04 
 2.11348904e+01  1.19678420e+01 -5.05885690e-04 
 2.17520403e+01  1.19678420e+01 -5.20657819e-04 
 2.23872114e+01  1.19678420e+01 -5.35861302e-04 
 2.30409298e+01  1.19678420e+01 -5.51508734e-04 
 2.37137371e+01  1.19678420e+01 -5.67613080e-04 
 2.44061907e+01  1.19678420e+01 -5.84187681e-04 
 2.51188643e+01  1.19678420e+01 -6.01246269e-04 
 2.58523484e+01  1.19678420e+01 -6.18802977e-04 
 2.66072506e+01  1.19678420e+01 -6.36872350e-04 
 2.73841963e+01  1.19678420e+01 -6.55469359e-04 
 2.81838293e+01  1.19678420e+01 -6.74609410e-04 
 2.90068120e+01  1.19678420e+01 -6.94308360e-04 
 2.98538262e+01  1.19678420e+01 -7.14582530e-04 
 3.07255737e+01  1.19678420e+01 -7.35448717e-04 
 3.16227766e+01  1.19678420e+01 -7.56924207e-04 
 3.25461783e+01  1.19678420e+01 -7.79026793e-04 
 3.34965439e+01  1.19678420e+01 -8.01774786e-04 
 3.44746607e+01  1.19678420e+01 -8.25187033e-04 
 3.54813389e+01  1.19678420e+01 -8.49282929e-04 
 3.65174127e+01  1.19678420e+01 -8.74082438e-04 
 3.75837404e+01  1.19678420e+01 -8.99606106e-04 
 3.86812055e+01  1.19678420e+01 -9.25875079e-04 
 3.98107171e+01  1.19678420e+01 -9.52911119e-04 
 4.09732110e+01  1.19678420e+01 -9.80736626e-04 
 4.21696503e+01  1.19678420e+01 -1.00937465e-03 
 4.34010264e+01  1.19678420e+01 -1.03884892e-03 
 4.46683592e+01  1.19678420e+01 -1.06918386e-03 
 4.59726989e+01  1.19678420e+01 -1.10040459e-03 
 4.73151259e+01  1.19678420e+01 -1.13253699e-03 
 4.86967525e+01  1.19678420e+01 -1.16560766e-03 
 5.01187234e+01  1.19678420e+01 -1.19964402e-03 
 5.15822165e+01  1.19678420e+01 -1.23467426e-03 
 5.30884444e+01  1.19678420e+01 -1.27072740e-03 
 5.46386550e+01  1.19678420e+01 -1.30783331e-03 
 5.62341325e+01  1.19678420e+01 -1.34602273e-03 
 5.78761988e+01  1.19678420e+01 -1.38532731e-03 
 5.95662144e+01  1.19678420e+01 -1.42577959e-03 
 6.13055792e+01  1.19678420e+01 -1.46741311e-03 
 6.30957344e+01  1.19678420e+01 -1.51026235e-03 
 6.49381632e+01  1.19678420e+01 -1.55436280e-03 
 6.68343918e+01  1.19678420e+01 -1.59975102e-03 
 6.87859912e+01  1.19678420e+01 -1.64646459e-03 
 7.07945784e+01  1.19678420e+01 -1.69454222e-03 
 7.28618175e+01  1.19678420e+01 -1.74402375e-03 
 7.49894209e+01  1.19678420e+01 -1.79495016e-03 
 7.71791516e+01  1.19678420e+01 -1.84736365e-03 
 7.94328235e+01  1.19678420e+01 -1.90130765e-03 
 8.17523038e+01  1.19678420e+01 -1.95682683e-03 
 8.41395142e+01  1.19678420e+01 -2.01396721e-03 
 8.65964323e+01  1.19678420e+01 -2.07277611e-03 
 8.91250938e+01  1.19678420e+01 -2.13330227e-03 
 9.17275935e+01  1.19678420e+01 -2.19559582e-03 
 9.44060876e+01  1.19678420e+01 -2.25970837e-03 
 9.71627952e+01  1.19678420e+01 -2.32569305e-03 
 1.00000000e+02  1.19678420e+01 -2.39360451e-03 
 1.02920053e+02  1.19678420e+01 -2.46349902e-03 
 1.05925373e+02  1.19678420e+01 -2.53543450e-03 
 1.09018449e+02  1.19678420e+01 -2.60947052e-03 
 1.12201845e+02  1.19678420e+01 -2.68566843e-03 
 1.15478198e+02  1.19678420e+01 -2.76409137e-03 
 1.18850223e+02  1.19678420e+01 -2.84480429e-03 
 1.22320712e+02  1.19678420e+01 -2.92787408e-03 
 1.25892541e+02  1.19678420e+01 -3.01336955e-03 
 1.29568670e+02  1.19678420e+01 -3.10136152e-03 
 1.33352143e+02  1.19678420e+01 -3.19192292e-03 
 1.37246096e+02  1.19678420e+01 -3.28512875e-03 
 1.41253754e+02  1.19678420e+01 -3.38105624e-03 
 1.45378439e+02  1.19678420e+01 -3.47978486e-03 
 1.49623566e+02  1.19678420e+01 -3.58139642e-03 
 1.53992653e+02  1.19678420e+01 -3.68597508e-03 
 1.58489319e+02  1.19678420e+01 -3.79360750e-03 
 1.63117291e+02  1.19678420e+01 -3.90438284e-03 
 1.67880402e+02  1.19678420e+01 -4.01839287e-03 
 1.72782598e+02  1.19678420e+01 -4.13573206e-03 
 1.77827941e+02  1.19678420e+01 -4.25649762e-03 
 1.83020611e+02  1.19678420e+01 -4.38078960e-03 
 1.88364909e+02  1.19678420e+01 -4.50871096e-03 
 1.93865264e+02  1.19678420e+01 -4.64036770e-03 
 1.99526231e+02  1.19678420e+01 -4.77586888e-03 
 2.05352503e+02  1.19678420e+01 -4.91532677e-03 
 2.11348904e+02  1.19678420e+01 -5.05885690e-03 
 2.17520403e+02  1.19678420e+01 -5.20657819e-03 
 2.23872114e+02  1.19678420e+01 -5.35861302e-03 
 2.30409298e+02  1.19678420e+01 -5.51508735e-03 
 2.37137371e+02  1.19678420e+01 -5.67613081e-03 
 2.44061907e+02  1.19678420e+01 -5.84187682e-03 
 2.51188643e+02  1.19678420e+01 -6.01246270e-03 
 2.58523484e+02  1.19678420e+01 -6.18802978e-03 
 2.66072506e+02  1.19678420e+01 -6.36872352e-03 
 2.73841963e+02  1.19678420e+01 -6.55469360e-03 
 2.81838293e+02  1.19678419e+01 -6.74609411e-03 
 2.90068120e+02  1.19678419e+01 -6.94308362e-03 
 2.98538262e+02  1.19678419e+01 -7.14582532e-03 
 3.07255737e+02  1.19678419e+01 -7.35448719e-03 
 3.16227766e+02  1.19678419e+01 -7.56924209e-03 
 3.25461783e+02  1.19678419e+01 -7.79026795e-03 
 3.34965439e+02  1.19678419e+01 -8.01774788e-03 
 3.44746607e+02  1.19678419e+01 -8.25187035e-03 
 3.54813389e+02  1.19678419e+01 -8.49282932e-03 
 3.65174127e+02  1.19678419e+01 -8.74082441e-03 
 3.75837404e+02  1.19678419e+01 -8.99606109e-03 
 3.86812055e+02  1.19678419e+01 -9.25875082e-03 
 3.98107171e+02  1.19678419e+01 -9.52911123e-03 
 4.09732110e+02  1.19678419e+01 -9.80736630e-03 
 4.21696503e+02  1.19678419e+01 -1.00937466e-02 
 4.34010264e+02  1.19678419e+01 -1.03884893e-02 
 4.46683592e+02  1.19678419e+01 -1.06918387e-02 
 4.59726989e+02  1.19678419e+01 -1.10040460e-02 
 4.73151259e+02  1.19678419e+01 -1.13253699e-02 
 4.86967525e+02  1.19678419e+01 -1.16560767e-02 
 5.01187234e+02  1.19678419e+01 -1.19964403e-02 
 5.15822165e+02  1.19678419e+01 -1.23467427e-02 
 5.30884444e+02  1.19678419e+01 -1.27072741e-02 
 5.46386550e+02  1.19678419e+01 -1.30783332e-02 
 5.62341325e+02  1.19678419e+01 -1.34602274e-02 
 5.78761988e+02  1.19678419e+01 -1.38532732e-02 
 5.95662144e+02  1.19678419e+01 -1.42577961e-02 
 6.13055792e+02  1.19678419e+01 -1.46741312e-02 
 6.30957344e+02  1.19678419e+01 -1.51026236e-02 
 6.49381632e+02  1.19678419e+01 -1.55436282e-02 
 6.68343918e+02  1.19678419e+01 -1.59975103e-02 
 6.87859912e+02  1.19678419e+01 -1.64646461e-02 
 7.07945784e+02  1.19678419e+01 -1.69454224e-02 
 7.28618175e+02  1.19678418e+01 -1.74402377e-02 
 7.49894209e+02  1.19678418e+01 -1.79495019e-02 
 7.71791516e+02  1.19678418e+01 -1.84736368e-02 
 7.94328235e+02  1.19678418e+01 -1.90130768e-02 
 8.17523038e+02  1.19678418e+01 -1.95682686e-02 
 8.41395142e+02  1.19678418e+01 -2.01396724e-02 
 8.65964323e+02  1.19678418e+01 -2.07277615e-02 
 8.91250938e+02  1.19678418e+01 -2.13330231e-02 
 9.17275935e+02  1.19678418e+01 -2.19559586e-02 
 9.44060876e+02  1.19678418e+01 -2.25970842e-02 
 9.71627952e+02  1.19678418e+01 -2.32569310e-02 
 1.00000000e+03  1.19678417e+01 -2.39360457e-02 
 1.02920053e+03  1.19678417e+01 -2.46349909e-02 
 1.05925373e+03  1.19678417e+01 -2.53543457e-02 
 1.09018449e+03  1.19678417e+01 -2.60947060e-02 
 1.12201845e+03  1.19678417e+01 -2.68566852e-02 
 1.15478198e+03  1.19678417e+01 -2.76409146e-02 
 1.18850223e+03  1.19678416e+01 -2.84480439e-02 
 1.22320712e+03  1.19678416e+01 -2.92787419e-02 
 1.25892541e+03  1.19678416e+01 -3.01336966e-02 
 1.29568670e+03  1.19678416e+01 -3.10136165e-02 
 1.33352143e+03  1.19678416e+01 -3.19192306e-02 
 1.37246096e+03  1.19678415e+01 -3.28512890e-02 
 1.41253754e+03  1.19678415e+01 -3.38105641e-02 
 1.45378439e+03  1.19678415e+01 -3.47978505e-02 
 1.49623566e+03  1.19678415e+01 -3.58139662e-02 
 1.53992653e+03  1.19678414e+01 -3.68597530e-02 
 1.58489319e+03  1.19678414e+01 -3.79360773e-02 
 1.63117291e+03  1.19678414e+01 -3.90438309e-02 
 1.67880402e+03  1.19678413e+01 -4.01839315e-02 
 1.72782598e+03  1.19678413e+01 -4.13573237e-02 
 1.77827941e+03  1.19678412e+01 -4.25649795e-02 
 1.83020611e+03  1.19678412e+01 -4.38078996e-02 
 1.88364909e+03  1.19678412e+01 -4.50871136e-02 
 1.93865264e+03  1.19678411e+01 -4.64036813e-02 
 1.99526231e+03  1.19678411e+01 -4.77586935e-02 
 2.05352503e+03  1.19678410e+01 -4.91532729e-02 
 2.11348904e+03  1.19678409e+01 -5.05885746e-02 
 2.17520403e+03  1.19678409e+01 -5.20657880e-02 
 2.23872114e+03  1.19678408e+01 -5.35861369e-02 
 2.30409298e+03  1.19678408e+01 -5.51508807e-02 
 2.37137371e+03  1.19678407e+01 -5.67613160e-02 
 2.44061907e+03  1.19678406e+01 -5.84187768e-02 
 2.51188643e+03  1.19678405e+01 -6.01246364e-02 
 2.58523484e+03  1.19678404e+01 -6.18803081e-02 
 2.66072506e+03  1.19678404e+01 -6.36872463e-02 
 2.73841963e+03  1.19678403e+01 -6.55469482e-02 
 2.81838293e+03  1.19678402e+01 -6.74609544e-02 
 2.90068120e+03  1.19678400e+01 -6.94308506e-02 
 2.98538262e+03  1.19678399e+01 -7.14582690e-02 
 3.07255737e+03  1.19678398e+01 -7.35448891e-02 
 3.16227766e+03  1.19678397e+01 -7.56924397e-02 
 3.25461783e+03  1.19678396e+01 -7.79027000e-02 
 3.34965439e+03  1.19678394e+01 -8.01775011e-02 
 3.44746607e+03  1.19678393e+01 -8.25187278e-02 
 3.54813389e+03  1.19678391e+01 -8.49283197e-02 
 3.65174127e+03  1.19678389e+01 -8.74082730e-02 
 3.75837404e+03  1.19678387e+01 -8.99606424e-02 
 3.86812055e+03  1.19678386e+01 -9.25875426e-02 
 3.98107171e+03  1.19678384e+01 -9.52911497e-02 
 4.09732110e+03  1.19678381e+01 -9.80737039e-02 
 4.21696503e+03  1.19678379e+01 -1.00937510e-01 
 4.34010264e+03  1.19678377e+01 -1.03884941e-01 
 4.46683592e+03  1.19678374e+01 -1.06918440e-01 
 4.59726989e+03  1.19678371e+01 -1.10040518e-01 
 4.73151259e+03  1.19678369e+01 -1.13253762e-01 
 4.86967525e+03  1.19678366e+01 -1.16560836e-01 
 5.01187234e+03  1.19678362e+01 -1.19964478e-01 
 5.15822165e+03  1.19678359e+01 -1.23467508e-01 
 5.30884444e+03  1.19678355e+01 -1.27072830e-01 
 5.46386550e+03  1.19678352e+01 -1.30783429e-01 
 5.62341325e+03  1.19678348e+01 -1.34602380e-01 
 5.78761988e+03  1.19678343e+01 -1.38532847e-01 
 5.95662144e+03  1.19678339e+01 -1.42578086e-01 
 6.13055792e+03  1.19678334e+01 -1.46741449e-01 
 6.30957344e+03  1.19678329e+01 -1.51026385e-01 
 6.49381632e+03  1.19678323e+01 -1.55436444e-01 
 6.68343918e+03  1.19678318e+01 -1.59975281e-01 
 6.87859912e+03  1.19678312e+01 -1.64646654e-01 
 7.07945784e+03  1.19678305e+01 -1.69454435e-01 
 7.28618175e+03  1.19678299e+01 -1.74402607e-01 
 7.49894209e+03  1.19678291e+01 -1.79495269e-01 
 7.71791516e+03  1.19678284e+01 -1.84736641e-01 
 7.94328235e+03  1.19678276e+01 -1.90131065e-01 
 8.17523038e+03  1.19678267e+01 -1.95683011e-01 
 8.41395142e+03  1.19678258e+01 -2.01397078e-01 
 8.65964323e+03  1.19678249e+01 -2.07278000e-01 
 8.91250938e+03  1.19678238e+01 -2.13330651e-01 
 9.17275935e+03  1.19678228e+01 -2.19560044e-01 
 9.44060876e+03  1.19678216e+01 -2.25971342e-01 
 9.71627952e+03  1.19678204e+01 -2.32569855e-01 
 1.00000000e+04  1.19678191e+01 -2.39361051e-01 
 1.02920053e+04  1.19678178e+01 -2.46350556e-01 
 1.05925373e+04  1.19678164e+01 -2.53544162e-01 
 1.09018449e+04  1.19678148e+01 -2.60947829e-01 
 1.12201845e+04  1.19678132e+01 -2.68567690e-01 
 1.15478198e+04  1.19678115e+01 -2.76410060e-01 
 1.18850223e+04  1.19678097e+01 -2.84481436e-01 
 1.22320712e+04  1.19678078e+01 -2.92788505e-01 
 1.25892541e+04  1.19678058e+01 -3.01338151e-01 
 1.29568670e+04  1.19678037e+01 -3.10137456e-01 
 1.33352143e+04  1.19678014e+01 -3.19193713e-01 
 1.37246096e+04  1.19677990e+01 -3.28514425e-01 
 1.41253754e+04  1.19677964e+01 -3.38107313e-01 
 1.45378439e+04  1.19677937e+01 -3.47980328e-01 
 1.49623566e+04  1.19677909e+01 -3.58141650e-01 
 1.53992653e+04  1.19677879e+01 -3.68599697e-01 
 1.58489319e+04  1.19677846e+01 -3.79363136e-01 
 1.63117291e+04  1.19677813e+01 -3.90440885e-01 
 1.67880402e+04  1.19677777e+01 -4.01842124e-01 
 1.72782598e+04  1.19677738e+01 -4.13576298e-01 
 1.77827941e+04  1.19677698e+01 -4.25653133e-01 
 1.83020611e+04  1.19677655e+01 -4.38082634e-01 
 1.88364909e+04  1.19677610e+01 -4.50875102e-01 
 1.93865264e+04  1.19677562e+01 -4.64041137e-01 
 1.99526231e+04  1.19677511e+01 -4.77591649e-01 
 2.05352503e+04  1.19677457e+01 -4.91537868e-01 
 2.11348904e+04  1.19677400e+01 -5.05891349e-01 
 2.17520403e+04  1.19677340e+01 -5.20663988e-01 
 2.23872114e+04  1.19677276e+01 -5.35868028e-01 
 2.30409298e+04  1.19677208e+01 -5.51516067e-01 
 2.37137371e+04  1.19677136e+01 -5.67621074e-01 
 2.44061907e+04  1.19677060e+01 -5.84196396e-01 
 2.51188643e+04  1.19676980e+01 -6.01255770e-01 
 2.58523484e+04  1.19676894e+01 -6.18813334e-01 
 2.66072506e+04  1.19676804e+01 -6.36883642e-01 
 2.73841963e+04  1.19676708e+01 -6.55481668e-01 
 2.81838293e+04  1.19676607e+01 -6.74622829e-01 
 2.90068120e+04  1.19676499e+01 -6.94322989e-01 
 2.98538262e+04  1.19676386e+01 -7.14598479e-01 
 3.07255737e+04  1.19676265e+01 -7.35466103e-01 
 3.16227766e+04  1.19676137e+01 -7.56943161e-01 
 3.25461783e+04  1.19676002e+01 -7.79047456e-01 
 3.34965439e+04  1.19675859e+01 -8.01797312e-01 
 3.44746607e+04  1.19675707e+01 -8.25211590e-01 
 3.54813389e+04  1.19675546e+01 -8.49309701e-01 
 3.65174127e+04  1.19675376e+01 -8.74111624e-01 
 3.75837404e+04  1.19675195e+01 -8.99637923e-01 
 3.86812055e+04  1.19675004e+01 -9.25909764e-01 
 3.98107171e+04  1.19674802e+01 -9.52948932e-01 
 4.09732110e+04  1.19674587e+01 -9.80777848e-01 
 4.21696503e+04  1.19674360e+01 -1.00941959e+00 
 4.34010264e+04  1.19674120e+01 -1.03889791e+00 
 4.46683592e+04  1.19673865e+01 -1.06923727e+00 
 4.59726989e+04  1.19673595e+01 -1.10046282e+00 
 4.73151259e+04  1.19673308e+01 -1.13260046e+00 
 4.86967525e+04  1.19673005e+01 -1.16567686e+00 
 5.01187234e+04  1.19672684e+01 -1.19971945e+00 
 5.15822165e+04  1.19672344e+01 -1.23475649e+00 
 5.30884444e+04  1.19671984e+01 -1.27081704e+00 
 5.46386550e+04  1.19671602e+01 -1.30793103e+00 
 5.62341325e+04  1.19671198e+01 -1.34612926e+00 
 5.78761988e+04  1.19670770e+01 -1.38544344e+00 
 5.95662144e+04  1.19670316e+01 -1.42590619e+00 
 6.13055792e+04  1.19669836e+01 -1.46755112e+00 
 6.30957344e+04  1.19669326e+01 -1.51041279e+00 
 6.49381632e+04  1.19668787e+01 -1.55452681e+00 
 6.68343918e+04  1.19668215e+01 -1.59992980e+00 
 6.87859912e+04  1.19667610e+01 -1.64665949e+00 
 7.07945784e+04  1.19666969e+01 -1.69475468e+00 
 7.28618175e+04  1.19666289e+01 -1.74425535e+00 
 7.49894209e+04  1.19665569e+01 -1.79520263e+00 
 7.71791516e+04  1.19664807e+01 -1.84763887e+00 
 7.94328235e+04  1.19663999e+01 -1.90160765e+00 
 8.17523038e+04  1.19663143e+01 -1.95715387e+00 
 8.41395142e+04  1.19662236e+01 -2.01432370e+00 
 8.65964323e+04  1.19661275e+01 -2.07316471e+00 
 8.91250938e+04  1.19660257e+01 -2.13372587e+00 
 9.17275935e+04  1.19659178e+01 -2.19605757e+00 
 9.44060876e+04  1.19658036e+01 -2.26021170e+00 
 9.71627952e+04  1.19656825e+01 -2.32624170e+00 
 1.00000000e+05  1.19655542e+01 -2.39420256e+00 
 1.02920053e+05  1.19654183e+01 -2.46415092e+00 
 1.05925373e+05  1.19652742e+01 -2.53614507e+00 
 1.09018449e+05  1.19651216e+01 -2.61024504e+00 
 1.12201845e+05  1.19649599e+01 -2.68651266e+00 
 1.15478198e+05  1.19647885e+01 -2.76501156e+00 
 1.18850223e+05  1.19646069e+01 -2.84580728e+00 
 1.22320712e+05  1.19644144e+01 -2.92896729e+00 
 1.25892541e+05  1.19642105e+01 -3.01456109e+00 
 1.29568670e+05  1.19639944e+01 -3.10266023e+00 
 1.33352143e+05  1.19637653e+01 -3.19333839e+00 
 1.37246096e+05  1.19635226e+01 -3.28667147e+00 
 1.41253754e+05  1.19632653e+01 -3.38273763e+00 
 1.45378439e+05  1.19629926e+01 -3.48161735e+00 
 1.49623566e+05  1.19627036e+01 -3.58339355e+00 
 1.53992653e+05  1.19623972e+01 -3.68815161e+00 
 1.58489319e+05  1.19620725e+01 -3.79597949e+00 
 1.63117291e+05  1.19617282e+01 -3.90696779e+00 
 1.67880402e+05  1.19613633e+01 -4.02120985e+00 
 1.72782598e+05  1.19609764e+01 -4.13880182e+00 
 1.77827941e+05  1.19605663e+01 -4.25984275e+00 
 1.83020611e+05  1.19601314e+01 -4.38443471e+00 
 1.88364909e+05  1.19596703e+01 -4.51268285e+00 
 1.93865264e+05  1.19591813e+01 -4.64469553e+00 
 1.99526231e+05  1.19586629e+01 -4.78058441e+00 
 2.05352503e+05  1.19581130e+01 -4.92046455e+00 
 2.11348904e+05  1.19575298e+01 -5.06445456e+00 
 2.17520403e+05  1.19569113e+01 -5.21267665e+00 
 2.23872114e+05  1.19562552e+01 -5.36525683e+00 
 2.30409298e+05  1.19555592e+01 -5.52232497e+00 
 2.37137371e+05  1.19548209e+01 -5.68401498e+00 
 2.44061907e+05  1.19540375e+01 -5.85046489e+00 
 2.51188643e+05  1.19532062e+01 -6.02181705e+00 
 2.58523484e+05  1.19523241e+01 -6.19821825e+00 
 2.66072506e+05  1.19513879e+01 -6.37981985e+00 
 2.73841963e+05  1.19503943e+01 -6.56677799e+00 
 2.81838293e+05  1.19493394e+01 -6.75925370e+00 
 2.90068120e+05  1.19482196e+01 -6.95741312e+00 
 2.98538262e+05  1.19470305e+01 -7.16142765e+00 
 3.07255737e+05  1.19457678e+01 -7.37147412e+00 
 3.16227766e+05  1.19444267e+01 -7.58773503e+00 
 3.25461783e+05  1.19430021e+01 -7.81039872e+00 
 3.34965439e+05  1.19414886e+01 -8.03965957e+00 
 3.44746607e+05  1.19398805e+01 -8.27571824e+00 
 3.54813389e+05  1.19381714e+01 -8.51878188e+00 
 3.65174127e+05  1.19363548e+01 -8.76906436e+00 
 3.75837404e+05  1.19344235e+01 -9.02678654e+00 
 3.86812055e+05  1.19323699e+01 -9.29217648e+00 
 3.98107171e+05  1.19301858e+01 -9.56546974e+00 
 4.09732110e+05  1.19278624e+01 -9.84690961e+00 
 4.21696503e+05  1.19253903e+01 -1.01367474e+01 
 4.34010264e+05  1.19227594e+01 -1.04352428e+01 
 4.46683592e+05  1.19199588e+01 -1.07426640e+01 
 4.59726989e+05  1.19169769e+01 -1.10592882e+01 
 4.73151259e+05  1.19138009e+01 -1.13854017e+01 
 4.86967525e+05  1.19104176e+01 -1.17213005e+01 
 5.01187234e+05  1.19068122e+01 -1.20672903e+01 
 5.15822165e+05  1.19029691e+01 -1.24236872e+01 
 5.30884444e+05  1.18988715e+01 -1.27908175e+01 
 5.46386550e+05  1.18945010e+01 -1.31690187e+01 
 5.62341325e+05  1.18898382e+01 -1.35586391e+01 
 5.78761988e+05  1.18848617e+01 -1.39600387e+01 
 5.95662144e+05  1.18795488e+01 -1.43735894e+01 
 6.13055792e+05  1.18738747e+01 -1.47996750e+01 
 6.30957344e+05  1.18678127e+01 -1.52386918e+01 
 6.49381632e+05  1.18613339e+01 -1.56910486e+01 
 6.68343918e+05  1.18544072e+01 -1.61571673e+01 
 6.87859912e+05  1.18469989e+01 -1.66374826e+01 
 7.07945784e+05  1.18390723e+01 -1.71324425e+01 
 7.28618175e+05  1.18305880e+01 -1.76425083e+01 
 7.49894209e+05  1.18215033e+01 -1.81681544e+01 
 7.71791516e+05  1.18117719e+01 -1.87098685e+01 
 7.94328235e+05  1.18013436e+01 -1.92681513e+01 
 8.17523038e+05  1.17901642e+01 -1.98435161e+01 
 8.41395142e+05  1.17781750e+01 -2.04364882e+01 
 8.65964323e+05  1.17653125e+01 -2.10476048e+01 
 8.91250938e+05  1.17515077e+01 -2.16774135e+01 
 9.17275935e+05  1.17366864e+01 -2.23264717e+01 
 9.44060876e+05  1.17207680e+01 -2.29953452e+01 
 9.71627952e+05  1.17036656e+01 -2.36846063e+01 
 1.00000000e+06  1.16852852e+01 -2.43948322e+01 
 1.02920053e+06  1.16655254e+01 -2.51266026e+01 
 1.05925373e+06  1.16442767e+01 -2.58804964e+01 
 1.09018449e+06  1.16214213e+01 -2.66570895e+01 
 1.12201845e+06  1.15968325e+01 -2.74569499e+01 
 1.15478198e+06  1.15703738e+01 -2.82806342e+01 
 1.18850223e+06  1.15418989e+01 -2.91286823e+01 
 1.22320712e+06  1.15112513e+01 -3.00016116e+01 
 1.25892541e+06  1.14782633e+01 -3.08999110e+01 
 1.29568670e+06  1.14427562e+01 -3.18240338e+01 
 1.33352143e+06  1.14045398e+01 -3.27743894e+01 
 1.37246096e+06  1.13634120e+01 -3.37513352e+01 
 1.41253754e+06  1.13191593e+01 -3.47551668e+01 
 1.45378439e+06  1.12715560e+01 -3.57861079e+01 
 1.49623566e+06  1.12203654e+01 -3.68442997e+01 
 1.53992653e+06  1.11653394e+01 -3.79297888e+01 
 1.58489319e+06  1.11062196e+01 -3.90425160e+01 
 1.63117291e+06  1.10427381e+01 -4.01823034e+01 
 1.67880402e+06  1.09746187e+01 -4.13488421e+01 
 1.72782598e+06  1.09015782e+01 -4.25416801e+01 
 1.77827941e+06  1.08233285e+01 -4.37602106e+01 
 1.83020611e+06  1.07395784e+01 -4.50036604e+01 
 1.88364909e+06  1.06500364e+01 -4.62710807e+01 
 1.93865264e+06  1.05544132e+01 -4.75613385e+01 
 1.99526231e+06  1.04524250e+01 -4.88731104e+01 
 2.05352503e+06  1.03437967e+01 -5.02048790e+01 
 2.11348904e+06  1.02282657e+01 -5.15549320e+01 
 2.17520403e+06  1.01055855e+01 -5.29213648e+01 
 2.23872114e+06  9.97552956e+00 -5.43020866e+01 
 2.30409298e+06  9.83789530e+00 -5.56948301e+01 
 2.37137371e+06  9.69250760e+00 -5.70971656e+01 
 2.44061907e+06  9.53922244e+00 -5.85065190e+01 
 2.51188643e+06  9.37793008e+00 -5.99201932e+01 
 2.58523484e+06  9.20855777e+00 -6.13353930e+01 
 2.66072506e+06  9.03107201e+00 -6.27492538e+01 
 2.73841963e+06  8.84548014e+00 -6.41588715e+01 
 2.81838293e+06  8.65183122e+00 -6.55613349e+01 
 2.90068120e+06  8.45021627e+00 -6.69537586e+01 
 2.98538262e+06  8.24076772e+00 -6.83333162e+01 
 3.07255737e+06  8.02365809e+00 -6.96972723e+01 
 3.16227766e+06  7.79909803e+00 -7.10430129e+01 
 3.25461783e+06  7.56733376e+00 -7.23680736e+01 
 3.34965439e+06  7.32864384e+00 -7.36701644e+01 
 3.44746607e+06  7.08333559e+00 -7.49471915e+01 
 3.54813389e+06  6.83174113e+00 -7.61972739e+01 
 3.65174127e+06  6.57421318e+00 -7.74187576e+01 
 3.75837404e+06  6.31112074e+00 -7.86102238e+01 
 3.86812055e+06  6.04284476e+00 -7.97704942e+01 
 3.98107171e+06  5.76977393e+00 -8.08986321e+01 
 4.09732110e+06  5.49230057e+00 -8.19939394e+01 
 4.21696503e+06  5.21081680e+00 -8.30559509e+01 
 4.34010264e+06  4.92571106e+00 -8.40844254e+01 
 4.46683592e+06  4.63736484e+00 -8.50793350e+01 
 4.59726989e+06  4.34614996e+00 -8.60408520e+01 
 4.73151259e+06  4.05242602e+00 -8.69693345e+01 
 4.86967525e+06  3.75653841e+00 -8.78653113e+01 
 5.01187234e+06  3.45881660e+00 -8.87294657e+01 
 5.15822165e+06  3.15957278e+00 -8.95626197e+01 
 5.30884444e+06  2.85910092e+00 -9.03657178e+01 
 5.46386550e+06  2.55767599e+00 -9.11398112e+01 
 5.62341325e+06  2.25555362e+00 -9.18860426e+01 
 5.78761988e+06  1.95296991e+00 -9.26056314e+01 
 5.95662144e+06  1.65014148e+00 -9.32998606e+01 
 6.13055792e+06  1.34726568e+00 -9.39700633e+01 
 6.30957344e+06  1.04452105e+00 -9.46176112e+01 
 6.49381632e+06  7.42067809e-01 -9.52439038e+01 
 6.68343918e+06  4.40048500e-01 -9.58503581e+01 
 6.87859912e+06  1.38588721e-01 -9.64384002e+01 
 7.07945784e+06 -1.62202088e-01 -9.70094573e+01 
 7.28618175e+06 -4.62229813e-01 -9.75649505e+01 
 7.49894209e+06 -7.61414801e-01 -9.81062888e+01 
 7.71791516e+06 -1.05969098e+00 -9.86348641e+01 
 7.94328235e+06 -1.35700498e+00 -9.91520465e+01 
 8.17523038e+06 -1.65331524e+00 -9.96591808e+01 
 8.41395142e+06 -1.94859117e+00 -1.00157583e+02 
 8.65964323e+06 -2.24281231e+00 -1.00648539e+02 
 8.91250938e+06 -2.53596748e+00 -1.01133301e+02 
 9.17275935e+06 -2.82805406e+00 -1.01613087e+02 
 9.44060876e+06 -3.11907722e+00 -1.02089081e+02 
 9.71627952e+06 -3.40904922e+00 -1.02562432e+02 
 1.00000000e+07 -3.69798876e+00 -1.03034250e+02 
 1.02920053e+07 -3.98592035e+00 -1.03505614e+02 
 1.05925373e+07 -4.27287375e+00 -1.03977565e+02 
 1.09018449e+07 -4.55888346e+00 -1.04451110e+02 
 1.12201845e+07 -4.84398818e+00 -1.04927223e+02 
 1.15478198e+07 -5.12823040e+00 -1.05406844e+02 
 1.18850223e+07 -5.41165600e+00 -1.05890884e+02 
 1.22320712e+07 -5.69431388e+00 -1.06380222e+02 
 1.25892541e+07 -5.97625562e+00 -1.06875707e+02 
 1.29568670e+07 -6.25753521e+00 -1.07378162e+02 
 1.33352143e+07 -6.53820875e+00 -1.07888382e+02 
 1.37246096e+07 -6.81833429e+00 -1.08407139e+02 
 1.41253754e+07 -7.09797159e+00 -1.08935178e+02 
 1.45378439e+07 -7.37718196e+00 -1.09473225e+02 
 1.49623566e+07 -7.65602813e+00 -1.10021983e+02 
 1.53992653e+07 -7.93457411e+00 -1.10582134e+02 
 1.58489319e+07 -8.21288513e+00 -1.11154344e+02 
 1.63117291e+07 -8.49102753e+00 -1.11739258e+02 
 1.67880402e+07 -8.76906873e+00 -1.12337506e+02 
 1.72782598e+07 -9.04707717e+00 -1.12949701e+02 
 1.77827941e+07 -9.32512229e+00 -1.13576444e+02 
 1.83020611e+07 -9.60327450e+00 -1.14218317e+02 
 1.88364909e+07 -9.88160521e+00 -1.14875892e+02 
 1.93865264e+07 -1.01601868e+01 -1.15549726e+02 
 1.99526231e+07 -1.04390926e+01 -1.16240365e+02 
 2.05352503e+07 -1.07183970e+01 -1.16948342e+02 
 2.11348904e+07 -1.09981755e+01 -1.17674177e+02 
 2.17520403e+07 -1.12785044e+01 -1.18418379e+02 
 2.23872114e+07 -1.15594613e+01 -1.19181446e+02 
 2.30409298e+07 -1.18411247e+01 -1.19963863e+02 
 2.37137371e+07 -1.21235745e+01 -1.20766104e+02 
 2.44061907e+07 -1.24068912e+01 -1.21588630e+02 
 2.51188643e+07 -1.26911571e+01 -1.22431891e+02 
 2.58523484e+07 -1.29764550e+01 -1.23296321e+02 
 2.66072506e+07 -1.32628691e+01 -1.24182344e+02 
 2.73841963e+07 -1.35504848e+01 -1.25090368e+02 
 2.81838293e+07 -1.38393882e+01 -1.26020789e+02 
 2.90068120e+07 -1.41296669e+01 -1.26973983e+02 
 2.98538262e+07 -1.44214090e+01 -1.27950315e+02 
 3.07255737e+07 -1.47147038e+01 -1.28950130e+02 
 3.16227766e+07 -1.50096412e+01 -1.29973756e+02 
 3.25461783e+07 -1.53063119e+01 -1.31021503e+02 
 3.34965439e+07 -1.56048071e+01 -1.32093660e+02 
 3.44746607e+07 -1.59052185e+01 -1.33190499e+02 
 3.54813389e+07 -1.62076381e+01 -1.34312265e+02 
 3.65174127e+07 -1.65121577e+01 -1.35459186e+02 
 3.75837404e+07 -1.68188692e+01 -1.36631464e+02 
 3.86812055e+07 -1.71278643e+01 -1.37829278e+02 
 3.98107171e+07 -1.74392338e+01 -1.39052782e+02 
 4.09732110e+07 -1.77530678e+01 -1.40302104e+02 
 4.21696503e+07 -1.80694553e+01 -1.41577346e+02 
 4.34010264e+07 -1.83884840e+01 -1.42878583e+02 
 4.46683592e+07 -1.87102398e+01 -1.44205866e+02 
 4.59726989e+07 -1.90348064e+01 -1.45559213e+02 
 4.73151259e+07 -1.93622656e+01 -1.46938619e+02 
 4.86967525e+07 -1.96926961e+01 -1.48344050e+02 
 5.01187234e+07 -2.00261739e+01 -1.49775444e+02 
 5.15822165e+07 -2.03627716e+01 -1.51232711e+02 
 5.30884444e+07 -2.07025582e+01 -1.52715736e+02 
 5.46386550e+07 -2.10455985e+01 -1.54224376e+02 
 5.62341325e+07 -2.13919532e+01 -1.55758463e+02 
 5.78761988e+07 -2.17416785e+01 -1.57317803e+02 
 5.95662144e+07 -2.20948255e+01 -1.58902179e+02 
 6.13055792e+07 -2.24514404e+01 -1.60511352e+02 
 6.30957344e+07 -2.28115640e+01 -1.62145058e+02 
 6.49381632e+07 -2.31752314e+01 -1.63803015e+02 
 6.68343918e+07 -2.35424721e+01 -1.65484920e+02 
 6.87859912e+07 -2.39133096e+01 -1.67190453e+02 
 7.07945784e+07 -2.42877615e+01 -1.68919276e+02 
 7.28618175e+07 -2.46658394e+01 -1.70671036e+02 
 7.49894209e+07 -2.50475486e+01 -1.72445364e+02 
 7.71791516e+07 -2.54328884e+01 -1.74241879e+02 
 7.94328235e+07 -2.58218521e+01 -1.76060187e+02 
 8.17523038e+07 -2.62144269e+01 -1.77899882e+02 
 8.41395142e+07 -2.66105941e+01 -1.79760547e+02 
 8.65964323e+07 -2.70103295e+01 -1.81641756e+02 
 8.91250938e+07 -2.74136029e+01 -1.83543070e+02 
 9.17275935e+07 -2.78203792e+01 -1.85464043e+02 
 9.44060876e+07 -2.82306179e+01 -1.87404215e+02 
 9.71627952e+07 -2.86442738e+01 -1.89363120e+02 
 1.00000000e+08 -2.90612968e+01 -1.91340277e+02 
 1.02920053e+08 -2.94816328e+01 -1.93335195e+02 
 1.05925373e+08 -2.99052235e+01 -1.95347371e+02 
 1.09018449e+08 -3.03320071e+01 -1.97376285e+02 
 1.12201845e+08 -3.07619183e+01 -1.99421403e+02 
 1.15478198e+08 -3.11948886e+01 -2.01482176e+02 
 1.18850223e+08 -3.16308470e+01 -2.03558033e+02 
 1.22320712e+08 -3.20697200e+01 -2.05648386e+02 
 1.25892541e+08 -3.25114319e+01 -2.07752622e+02 
 1.29568670e+08 -3.29559053e+01 -2.09870106e+02 
 1.33352143e+08 -3.34030612e+01 -2.12000177e+02 
 1.37246096e+08 -3.38528194e+01 -2.14142147e+02 
 1.41253754e+08 -3.43050988e+01 -2.16295300e+02 
 1.45378439e+08 -3.47598174e+01 -2.18458888e+02 
 1.49623566e+08 -3.52168929e+01 -2.20632134e+02 
 1.53992653e+08 -3.56762427e+01 -2.22814227e+02 
 1.58489319e+08 -3.61377841e+01 -2.25004325e+02 
 1.63117291e+08 -3.66014346e+01 -2.27201553e+02 
 1.67880402e+08 -3.70671120e+01 -2.29405002e+02 
 1.72782598e+08 -3.75347348e+01 -2.31613731e+02 
 1.77827941e+08 -3.80042219e+01 -2.33826768e+02 
 1.83020611e+08 -3.84754932e+01 -2.36043110e+02 
 1.88364909e+08 -3.89484693e+01 -2.38261726e+02 
 1.93865264e+08 -3.94230722e+01 -2.40481558e+02 
 1.99526231e+08 -3.98992249e+01 -2.42701525e+02 
 2.05352503e+08 -4.03768517e+01 -2.44920525e+02 
 2.11348904e+08 -4.08558782e+01 -2.47137436e+02 
 2.17520403e+08 -4.13362315e+01 -2.49351125e+02 
 2.23872114e+08 -4.18178404e+01 -2.51560447e+02 
 2.30409298e+08 -4.23006351e+01 -2.53764252e+02 
 2.37137371e+08 -4.27845476e+01 -2.55961388e+02 
 2.44061907e+08 -4.32695115e+01 -2.58150706e+02 
 2.51188643e+08 -4.37554623e+01 -2.60331065e+02 
 2.58523484e+08 -4.42423373e+01 -2.62501337e+02 
 2.66072506e+08 -4.47300755e+01 -2.64660411e+02 
 2.73841963e+08 -4.52186181e+01 -2.66807199e+02 
 2.81838293e+08 -4.57079080e+01 -2.68940639e+02 
 2.90068120e+08 -4.61978898e+01 -2.71059701e+02 
 2.98538262e+08 -4.66885103e+01 -2.73163390e+02 
 3.07255737e+08 -4.71797182e+01 -2.75250751e+02 
 3.16227766e+08 -4.76714639e+01 -2.77320872e+02 
 3.25461783e+08 -4.81636997e+01 -2.79372890e+02 
 3.34965439e+08 -4.86563800e+01 -2.81405989e+02 
 3.44746607e+08 -4.91494605e+01 -2.83419407e+02 
 3.54813389e+08 -4.96428991e+01 -2.85412438e+02 
 3.65174127e+08 -5.01366552e+01 -2.87384433e+02 
 3.75837404e+08 -5.06306898e+01 -2.89334799e+02 
 3.86812055e+08 -5.11249655e+01 -2.91263005e+02 
 3.98107171e+08 -5.16194463e+01 -2.93168580e+02 
 4.09732110e+08 -5.21140978e+01 -2.95051113e+02 
 4.21696503e+08 -5.26088869e+01 -2.96910255e+02 
 4.34010264e+08 -5.31037814e+01 -2.98745716e+02 
 4.46683592e+08 -5.35987506e+01 -3.00557268e+02 
 4.59726989e+08 -5.40937648e+01 -3.02344738e+02 
 4.73151259e+08 -5.45887950e+01 -3.04108015e+02 
 4.86967525e+08 -5.50838134e+01 -3.05847042e+02 
 5.01187234e+08 -5.55787927e+01 -3.07561815e+02 
 5.15822165e+08 -5.60737063e+01 -3.09252384e+02 
 5.30884444e+08 -5.65685281e+01 -3.10918850e+02 
 5.46386550e+08 -5.70632325e+01 -3.12561362e+02 
 5.62341325e+08 -5.75577942e+01 -3.14180115e+02 
 5.78761988e+08 -5.80521881e+01 -3.15775346e+02 
 5.95662144e+08 -5.85463893e+01 -3.17347335e+02 
 6.13055792e+08 -5.90403729e+01 -3.18896401e+02 
 6.30957344e+08 -5.95341137e+01 -3.20422899e+02 
 6.49381632e+08 -6.00275867e+01 -3.21927216e+02 
 6.68343918e+08 -6.05207664e+01 -3.23409773e+02 
 6.87859912e+08 -6.10136268e+01 -3.24871019e+02 
 7.07945784e+08 -6.15061418e+01 -3.26311427e+02 
 7.28618175e+08 -6.19982844e+01 -3.27731499e+02 
 7.49894209e+08 -6.24900271e+01 -3.29131755e+02 
 7.71791516e+08 -6.29813416e+01 -3.30512734e+02 
 7.94328235e+08 -6.34721988e+01 -3.31874996e+02 
 8.17523038e+08 -6.39625687e+01 -3.33219112e+02 
 8.41395142e+08 -6.44524202e+01 -3.34545669e+02 
 8.65964323e+08 -6.49417212e+01 -3.35855264e+02 
 8.91250938e+08 -6.54304384e+01 -3.37148502e+02 
 9.17275935e+08 -6.59185372e+01 -3.38425998e+02 
 9.44060876e+08 -6.64059818e+01 -3.39688369e+02 
 9.71627952e+08 -6.68927348e+01 -3.40936238e+02 
 1.00000000e+09 -6.73787575e+01 -3.42170229e+02 
