 frequency       onoise_spectrum inoise_spectrum
 1.00000000e+00  7.25506085e-06  2.27161879e-07 
 1.02329299e+00  7.18034398e-06  2.24822433e-07 
 1.04712855e+00  7.10640822e-06  2.22507444e-07 
 1.07151931e+00  7.03324529e-06  2.20216653e-07 
 1.09647820e+00  6.96084699e-06  2.17949803e-07 
 1.12201845e+00  6.88920522e-06  2.15706640e-07 
 1.14815362e+00  6.81831194e-06  2.13486914e-07 
 1.17489755e+00  6.74815924e-06  2.11290375e-07 
 1.20226443e+00  6.67873924e-06  2.09116779e-07 
 1.23026877e+00  6.61004420e-06  2.06965881e-07 
 1.25892541e+00  6.54206642e-06  2.04837441e-07 
 1.28824955e+00  6.47479832e-06  2.02731222e-07 
 1.31825674e+00  6.40823236e-06  2.00646988e-07 
 1.34896288e+00  6.34236112e-06  1.98584505e-07 
 1.38038426e+00  6.27717724e-06  1.96543545e-07 
 1.41253754e+00  6.21267344e-06  1.94523878e-07 
 1.44543977e+00  6.14884252e-06  1.92525280e-07 
 1.47910839e+00  6.08567736e-06  1.90547527e-07 
 1.51356125e+00  6.02317092e-06  1.88590399e-07 
 1.54881662e+00  5.96131622e-06  1.86653678e-07 
 1.58489319e+00  5.90010637e-06  1.84737148e-07 
 1.62181010e+00  5.83953455e-06  1.82840595e-07 
 1.65958691e+00  5.77959402e-06  1.80963808e-07 
 1.69824365e+00  5.72027809e-06  1.79106578e-07 
 1.73780083e+00  5.66158017e-06  1.77268698e-07 
 1.77827941e+00  5.60349372e-06  1.75449964e-07 
 1.81970086e+00  5.54601229e-06  1.73650173e-07 
 1.86208714e+00  5.48912947e-06  1.71869126e-07 
 1.90546072e+00  5.43283895e-06  1.70106623e-07 
 1.94984460e+00  5.37713447e-06  1.68362471e-07 
 1.99526231e+00  5.32200984e-06  1.66636473e-07 
 2.04173794e+00  5.26745894e-06  1.64928440e-07 
 2.08929613e+00  5.21347571e-06  1.63238181e-07 
 2.13796209e+00  5.16005416e-06  1.61565509e-07 
 2.18776162e+00  5.10718836e-06  1.59910237e-07 
 2.23872114e+00  5.05487245e-06  1.58272184e-07 
 2.29086765e+00  5.00310062e-06  1.56651166e-07 
 2.34422882e+00  4.95186715e-06  1.55047004e-07 
 2.39883292e+00  4.90116635e-06  1.53459520e-07 
 2.45470892e+00  4.85099260e-06  1.51888539e-07 
 2.51188643e+00  4.80134035e-06  1.50333887e-07 
 2.57039578e+00  4.75220410e-06  1.48795390e-07 
 2.63026799e+00  4.70357841e-06  1.47272881e-07 
 2.69153480e+00  4.65545791e-06  1.45766188e-07 
 2.75422870e+00  4.60783728e-06  1.44275147e-07 
 2.81838293e+00  4.56071124e-06  1.42799593e-07 
 2.88403150e+00  4.51407458e-06  1.41339361e-07 
 2.95120923e+00  4.46792217e-06  1.39894291e-07 
 3.01995172e+00  4.42224889e-06  1.38464223e-07 
 3.09029543e+00  4.37704970e-06  1.37049000e-07 
 3.16227766e+00  4.33231963e-06  1.35648465e-07 
 3.23593657e+00  4.28805372e-06  1.34262463e-07 
 3.31131121e+00  4.24424710e-06  1.32890842e-07 
 3.38844156e+00  4.20089493e-06  1.31533450e-07 
 3.46736850e+00  4.15799245e-06  1.30190138e-07 
 3.54813389e+00  4.11553491e-06  1.28860758e-07 
 3.63078055e+00  4.07351764e-06  1.27545163e-07 
 3.71535229e+00  4.03193602e-06  1.26243209e-07 
 3.80189396e+00  3.99078546e-06  1.24954751e-07 
 3.89045145e+00  3.95006144e-06  1.23679649e-07 
 3.98107171e+00  3.90975948e-06  1.22417762e-07 
 4.07380278e+00  3.86987514e-06  1.21168950e-07 
 4.16869383e+00  3.83040404e-06  1.19933078e-07 
 4.26579519e+00  3.79134184e-06  1.18710008e-07 
 4.36515832e+00  3.75268424e-06  1.17499608e-07 
 4.46683592e+00  3.71442701e-06  1.16301742e-07 
 4.57088190e+00  3.67656593e-06  1.15116281e-07 
 4.67735141e+00  3.63909686e-06  1.13943094e-07 
 4.78630092e+00  3.60201568e-06  1.12782052e-07 
 4.89778819e+00  3.56531833e-06  1.11633028e-07 
 5.01187234e+00  3.52900077e-06  1.10495896e-07 
 5.12861384e+00  3.49305903e-06  1.09370530e-07 
 5.24807460e+00  3.45748917e-06  1.08256809e-07 
 5.37031796e+00  3.42228729e-06  1.07154609e-07 
 5.49540874e+00  3.38744953e-06  1.06063811e-07 
 5.62341325e+00  3.35297208e-06  1.04984294e-07 
 5.75439937e+00  3.31885117e-06  1.03915940e-07 
 5.88843655e+00  3.28508307e-06  1.02858633e-07 
 6.02559586e+00  3.25166407e-06  1.01812257e-07 
 6.16595002e+00  3.21859053e-06  1.00776697e-07 
 6.30957344e+00  3.18585882e-06  9.97518409e-08 
 6.45654229e+00  3.15346538e-06  9.87375758e-08 
 6.60693448e+00  3.12140666e-06  9.77337911e-08 
 6.76082975e+00  3.08967916e-06  9.67403772e-08 
 6.91830971e+00  3.05827942e-06  9.57572256e-08 
 7.07945784e+00  3.02720401e-06  9.47842292e-08 
 7.24435960e+00  2.99644954e-06  9.38212816e-08 
 7.41310241e+00  2.96601265e-06  9.28682778e-08 
 7.58577575e+00  2.93589003e-06  9.19251140e-08 
 7.76247117e+00  2.90607840e-06  9.09916874e-08 
 7.94328235e+00  2.87657449e-06  9.00678961e-08 
 8.12830516e+00  2.84737511e-06  8.91536396e-08 
 8.31763771e+00  2.81847707e-06  8.82488184e-08 
 8.51138038e+00  2.78987722e-06  8.73533338e-08 
 8.70963590e+00  2.76157246e-06  8.64670885e-08 
 8.91250938e+00  2.73355970e-06  8.55899860e-08 
 9.12010839e+00  2.70583589e-06  8.47219310e-08 
 9.33254301e+00  2.67839802e-06  8.38628290e-08 
 9.54992586e+00  2.65124312e-06  8.30125867e-08 
 9.77237221e+00  2.62436822e-06  8.21711117e-08 
 1.00000000e+01  2.59777041e-06  8.13383126e-08 
 1.02329299e+01  2.57144680e-06  8.05140989e-08 
 1.04712855e+01  2.54539454e-06  7.96983812e-08 
 1.07151931e+01  2.51961079e-06  7.88910709e-08 
 1.09647820e+01  2.49409275e-06  7.80920806e-08 
 1.12201845e+01  2.46883768e-06  7.73013234e-08 
 1.14815362e+01  2.44384281e-06  7.65187137e-08 
 1.17489755e+01  2.41910545e-06  7.57441667e-08 
 1.20226443e+01  2.39462291e-06  7.49775984e-08 
 1.23026877e+01  2.37039254e-06  7.42189258e-08 
 1.25892541e+01  2.34641172e-06  7.34680668e-08 
 1.28824955e+01  2.32267785e-06  7.27249401e-08 
 1.31825674e+01  2.29918837e-06  7.19894652e-08 
 1.34896288e+01  2.27594073e-06  7.12615626e-08 
 1.38038426e+01  2.25293242e-06  7.05411536e-08 
 1.41253754e+01  2.23016095e-06  6.98281603e-08 
 1.44543977e+01  2.20762386e-06  6.91225056e-08 
 1.47910839e+01  2.18531871e-06  6.84241132e-08 
 1.51356125e+01  2.16324310e-06  6.77329079e-08 
 1.54881662e+01  2.14139465e-06  6.70488148e-08 
 1.58489319e+01  2.11977098e-06  6.63717603e-08 
 1.62181010e+01  2.09836978e-06  6.57016711e-08 
 1.65958691e+01  2.07718873e-06  6.50384751e-08 
 1.69824365e+01  2.05622554e-06  6.43821006e-08 
 1.73780083e+01  2.03547797e-06  6.37324770e-08 
 1.77827941e+01  2.01494376e-06  6.30895343e-08 
 1.81970086e+01  1.99462071e-06  6.24532031e-08 
 1.86208714e+01  1.97450663e-06  6.18234149e-08 
 1.90546072e+01  1.95459936e-06  6.12001019e-08 
 1.94984460e+01  1.93489675e-06  6.05831970e-08 
 1.99526231e+01  1.91539667e-06  5.99726338e-08 
 2.04173794e+01  1.89609705e-06  5.93683467e-08 
 2.08929613e+01  1.87699579e-06  5.87702706e-08 
 2.13796209e+01  1.85809084e-06  5.81783413e-08 
 2.18776162e+01  1.83938017e-06  5.75924951e-08 
 2.23872114e+01  1.82086178e-06  5.70126691e-08 
 2.29086765e+01  1.80253367e-06  5.64388009e-08 
 2.34422882e+01  1.78439387e-06  5.58708291e-08 
 2.39883292e+01  1.76644044e-06  5.53086926e-08 
 2.45470892e+01  1.74867146e-06  5.47523311e-08 
 2.51188643e+01  1.73108500e-06  5.42016849e-08 
 2.57039578e+01  1.71367920e-06  5.36566949e-08 
 2.63026799e+01  1.69645218e-06  5.31173028e-08 
 2.69153480e+01  1.67940209e-06  5.25834507e-08 
 2.75422870e+01  1.66252711e-06  5.20550813e-08 
 2.81838293e+01  1.64582543e-06  5.15321382e-08 
 2.88403150e+01  1.62929527e-06  5.10145653e-08 
 2.95120923e+01  1.61293485e-06  5.05023071e-08 
 3.01995172e+01  1.59674242e-06  4.99953090e-08 
 3.09029543e+01  1.58071625e-06  4.94935165e-08 
 3.16227766e+01  1.56485463e-06  4.89968762e-08 
 3.23593657e+01  1.54915586e-06  4.85053348e-08 
 3.31131121e+01  1.53361826e-06  4.80188398e-08 
 3.38844156e+01  1.51824017e-06  4.75373393e-08 
 3.46736850e+01  1.50301994e-06  4.70607817e-08 
 3.54813389e+01  1.48795597e-06  4.65891162e-08 
 3.63078055e+01  1.47304662e-06  4.61222925e-08 
 3.71535229e+01  1.45829032e-06  4.56602607e-08 
 3.80189396e+01  1.44368549e-06  4.52029716e-08 
 3.89045145e+01  1.42923057e-06  4.47503762e-08 
 3.98107171e+01  1.41492402e-06  4.43024265e-08 
 4.07380278e+01  1.40076432e-06  4.38590745e-08 
 4.16869383e+01  1.38674995e-06  4.34202731e-08 
 4.26579519e+01  1.37287942e-06  4.29859756e-08 
 4.36515832e+01  1.35915126e-06  4.25561356e-08 
 4.46683592e+01  1.34556400e-06  4.21307074e-08 
 4.57088190e+01  1.33211619e-06  4.17096457e-08 
 4.67735141e+01  1.31880641e-06  4.12929057e-08 
 4.78630092e+01  1.30563325e-06  4.08804431e-08 
 4.89778819e+01  1.29259529e-06  4.04722139e-08 
 5.01187234e+01  1.27969115e-06  4.00681749e-08 
 5.12861384e+01  1.26691946e-06  3.96682830e-08 
 5.24807460e+01  1.25427887e-06  3.92724957e-08 
 5.37031796e+01  1.24176803e-06  3.88807710e-08 
 5.49540874e+01  1.22938561e-06  3.84930673e-08 
 5.62341325e+01  1.21713030e-06  3.81093435e-08 
 5.75439937e+01  1.20500079e-06  3.77295587e-08 
 5.88843655e+01  1.19299580e-06  3.73536728e-08 
 6.02559586e+01  1.18111406e-06  3.69816458e-08 
 6.16595002e+01  1.16935431e-06  3.66134382e-08 
 6.30957344e+01  1.15771529e-06  3.62490111e-08 
 6.45654229e+01  1.14619578e-06  3.58883258e-08 
 6.60693448e+01  1.13479455e-06  3.55313441e-08 
 6.76082975e+01  1.12351040e-06  3.51780282e-08 
 6.91830971e+01  1.11234214e-06  3.48283406e-08 
 7.07945784e+01  1.10128857e-06  3.44822443e-08 
 7.24435960e+01  1.09034853e-06  3.41397028e-08 
 7.41310241e+01  1.07952086e-06  3.38006797e-08 
 7.58577575e+01  1.06880442e-06  3.34651392e-08 
 7.76247117e+01  1.05819807e-06  3.31330457e-08 
 7.94328235e+01  1.04770069e-06  3.28043643e-08 
 8.12830516e+01  1.03731118e-06  3.24790601e-08 
 8.31763771e+01  1.02702843e-06  3.21570988e-08 
 8.51138038e+01  1.01685136e-06  3.18384464e-08 
 8.70963590e+01  1.00677889e-06  3.15230691e-08 
 8.91250938e+01  9.96809956e-07  3.12109338e-08 
 9.12010839e+01  9.86943513e-07  3.09020074e-08 
 9.33254301e+01  9.77178516e-07  3.05962574e-08 
 9.54992586e+01  9.67513934e-07  3.02936514e-08 
 9.77237221e+01  9.57948749e-07  2.99941577e-08 
 1.00000000e+02  9.48481951e-07  2.96977445e-08 
 1.02329299e+02  9.39112543e-07  2.94043807e-08 
 1.04712855e+02  9.29839537e-07  2.91140354e-08 
 1.07151931e+02  9.20661956e-07  2.88266778e-08 
 1.09647820e+02  9.11578834e-07  2.85422778e-08 
 1.12201845e+02  9.02589213e-07  2.82608055e-08 
 1.14815362e+02  8.93692148e-07  2.79822311e-08 
 1.17489755e+02  8.84886701e-07  2.77065254e-08 
 1.20226443e+02  8.76171947e-07  2.74336593e-08 
 1.23026877e+02  8.67546968e-07  2.71636042e-08 
 1.25892541e+02  8.59010856e-07  2.68963316e-08 
 1.28824955e+02  8.50562715e-07  2.66318134e-08 
 1.31825674e+02  8.42201657e-07  2.63700219e-08 
 1.34896288e+02  8.33926802e-07  2.61109294e-08 
 1.38038426e+02  8.25737280e-07  2.58545088e-08 
 1.41253754e+02  8.17632233e-07  2.56007332e-08 
 1.44543977e+02  8.09610807e-07  2.53495758e-08 
 1.47910839e+02  8.01672161e-07  2.51010103e-08 
 1.51356125e+02  7.93815462e-07  2.48550107e-08 
 1.54881662e+02  7.86039885e-07  2.46115510e-08 
 1.58489319e+02  7.78344613e-07  2.43706058e-08 
 1.62181010e+02  7.70728840e-07  2.41321498e-08 
 1.65958691e+02  7.63191767e-07  2.38961578e-08 
 1.69824365e+02  7.55732602e-07  2.36626053e-08 
 1.73780083e+02  7.48350565e-07  2.34314678e-08 
 1.77827941e+02  7.41044881e-07  2.32027208e-08 
 1.81970086e+02  7.33814785e-07  2.29763407e-08 
 1.86208714e+02  7.26659519e-07  2.27523035e-08 
 1.90546072e+02  7.19578334e-07  2.25305858e-08 
 1.94984460e+02  7.12570487e-07  2.23111644e-08 
 1.99526231e+02  7.05635245e-07  2.20940163e-08 
 2.04173794e+02  6.98771882e-07  2.18791188e-08 
 2.08929613e+02  6.91979679e-07  2.16664495e-08 
 2.13796209e+02  6.85257925e-07  2.14559859e-08 
 2.18776162e+02  6.78605918e-07  2.12477061e-08 
 2.23872114e+02  6.72022960e-07  2.10415884e-08 
 2.29086765e+02  6.65508364e-07  2.08376111e-08 
 2.34422882e+02  6.59061448e-07  2.06357529e-08 
 2.39883292e+02  6.52681538e-07  2.04359927e-08 
 2.45470892e+02  6.46367966e-07  2.02383097e-08 
 2.51188643e+02  6.40120073e-07  2.00426831e-08 
 2.57039578e+02  6.33937206e-07  1.98490925e-08 
 2.63026799e+02  6.27818719e-07  1.96575177e-08 
 2.69153480e+02  6.21763971e-07  1.94679387e-08 
 2.75422870e+02  6.15772331e-07  1.92803356e-08 
 2.81838293e+02  6.09843173e-07  1.90946888e-08 
 2.88403150e+02  6.03975876e-07  1.89109790e-08 
 2.95120923e+02  5.98169829e-07  1.87291870e-08 
 3.01995172e+02  5.92424425e-07  1.85492937e-08 
 3.09029543e+02  5.86739065e-07  1.83712805e-08 
 3.16227766e+02  5.81113153e-07  1.81951287e-08 
 3.23593657e+02  5.75546104e-07  1.80208199e-08 
 3.31131121e+02  5.70037335e-07  1.78483359e-08 
 3.38844156e+02  5.64586272e-07  1.76776587e-08 
 3.46736850e+02  5.59192347e-07  1.75087705e-08 
 3.54813389e+02  5.53854994e-07  1.73416537e-08 
 3.63078055e+02  5.48573659e-07  1.71762909e-08 
 3.71535229e+02  5.43347789e-07  1.70126647e-08 
 3.80189396e+02  5.38176840e-07  1.68507581e-08 
 3.89045145e+02  5.33060271e-07  1.66905542e-08 
 3.98107171e+02  5.27997548e-07  1.65320363e-08 
 4.07380278e+02  5.22988144e-07  1.63751879e-08 
 4.16869383e+02  5.18031536e-07  1.62199925e-08 
 4.26579519e+02  5.13127205e-07  1.60664340e-08 
 4.36515832e+02  5.08274641e-07  1.59144963e-08 
 4.46683592e+02  5.03473337e-07  1.57641637e-08 
 4.57088190e+02  4.98722792e-07  1.56154203e-08 
 4.67735141e+02  4.94022510e-07  1.54682507e-08 
 4.78630092e+02  4.89372000e-07  1.53226396e-08 
 4.89778819e+02  4.84770778e-07  1.51785716e-08 
 5.01187234e+02  4.80218361e-07  1.50360318e-08 
 5.12861384e+02  4.75714276e-07  1.48950054e-08 
 5.24807460e+02  4.71258052e-07  1.47554775e-08 
 5.37031796e+02  4.66849224e-07  1.46174336e-08 
 5.49540874e+02  4.62487330e-07  1.44808592e-08 
 5.62341325e+02  4.58171915e-07  1.43457402e-08 
 5.75439937e+02  4.53902529e-07  1.42120624e-08 
 5.88843655e+02  4.49678726e-07  1.40798117e-08 
 6.02559586e+02  4.45500063e-07  1.39489745e-08 
 6.16595002e+02  4.41366103e-07  1.38195370e-08 
 6.30957344e+02  4.37276415e-07  1.36914857e-08 
 6.45654229e+02  4.33230571e-07  1.35648072e-08 
 6.60693448e+02  4.29228147e-07  1.34394882e-08 
 6.76082975e+02  4.25268724e-07  1.33155156e-08 
 6.91830971e+02  4.21351888e-07  1.31928764e-08 
 7.07945784e+02  4.17477228e-07  1.30715578e-08 
 7.24435960e+02  4.13644339e-07  1.29515471e-08 
 7.41310241e+02  4.09852819e-07  1.28328317e-08 
 7.58577575e+02  4.06102270e-07  1.27153992e-08 
 7.76247117e+02  4.02392299e-07  1.25992372e-08 
 7.94328235e+02  3.98722516e-07  1.24843335e-08 
 8.12830516e+02  3.95092537e-07  1.23706761e-08 
 8.31763771e+02  3.91501979e-07  1.22582530e-08 
 8.51138038e+02  3.87950465e-07  1.21470525e-08 
 8.70963590e+02  3.84437622e-07  1.20370627e-08 
 8.91250938e+02  3.80963081e-07  1.19282723e-08 
 9.12010839e+02  3.77526475e-07  1.18206696e-08 
 9.33254301e+02  3.74127442e-07  1.17142434e-08 
 9.54992586e+02  3.70765624e-07  1.16089824e-08 
 9.77237221e+02  3.67440666e-07  1.15048756e-08 
 1.00000000e+03  3.64152217e-07  1.14019119e-08 
 1.02329299e+03  3.60899930e-07  1.13000804e-08 
 1.04712855e+03  3.57683461e-07  1.11993705e-08 
 1.07151931e+03  3.54502469e-07  1.10997714e-08 
 1.09647820e+03  3.51356617e-07  1.10012726e-08 
 1.12201845e+03  3.48245573e-07  1.09038636e-08 
 1.14815362e+03  3.45169005e-07  1.08075341e-08 
 1.17489755e+03  3.42126587e-07  1.07122740e-08 
 1.20226443e+03  3.39117995e-07  1.06180729e-08 
 1.23026877e+03  3.36142910e-07  1.05249210e-08 
 1.25892541e+03  3.33201013e-07  1.04328083e-08 
 1.28824955e+03  3.30291992e-07  1.03417249e-08 
 1.31825674e+03  3.27415535e-07  1.02516612e-08 
 1.34896288e+03  3.24571336e-07  1.01626075e-08 
 1.38038426e+03  3.21759088e-07  1.00745543e-08 
 1.41253754e+03  3.18978491e-07  9.98749207e-09 
 1.44543977e+03  3.16229247e-07  9.90141155e-09 
 1.47910839e+03  3.13511059e-07  9.81630346e-09 
 1.51356125e+03  3.10823635e-07  9.73215864e-09 
 1.54881662e+03  3.08166685e-07  9.64896801e-09 
 1.58489319e+03  3.05539922e-07  9.56672258e-09 
 1.62181010e+03  3.02943061e-07  9.48541346e-09 
 1.65958691e+03  3.00375823e-07  9.40503184e-09 
 1.69824365e+03  2.97837926e-07  9.32556898e-09 
 1.73780083e+03  2.95329097e-07  9.24701626e-09 
 1.77827941e+03  2.92849060e-07  9.16936510e-09 
 1.81970086e+03  2.90397546e-07  9.09260704e-09 
 1.86208714e+03  2.87974287e-07  9.01673367e-09 
 1.90546072e+03  2.85579016e-07  8.94173669e-09 
 1.94984460e+03  2.83211470e-07  8.86760784e-09 
 1.99526231e+03  2.80871389e-07  8.79433898e-09 
 2.04173794e+03  2.78558515e-07  8.72192202e-09 
 2.08929613e+03  2.76272591e-07  8.65034895e-09 
 2.13796209e+03  2.74013365e-07  8.57961183e-09 
 2.18776162e+03  2.71780585e-07  8.50970282e-09 
 2.23872114e+03  2.69574003e-07  8.44061411e-09 
 2.29086765e+03  2.67393372e-07  8.37233800e-09 
 2.34422882e+03  2.65238447e-07  8.30486683e-09 
 2.39883292e+03  2.63108987e-07  8.23819303e-09 
 2.45470892e+03  2.61004752e-07  8.17230910e-09 
 2.51188643e+03  2.58925504e-07  8.10720759e-09 
 2.57039578e+03  2.56871007e-07  8.04288112e-09 
 2.63026799e+03  2.54841028e-07  7.97932240e-09 
 2.69153480e+03  2.52835336e-07  7.91652416e-09 
 2.75422870e+03  2.50853701e-07  7.85447924e-09 
 2.81838293e+03  2.48895896e-07  7.79318052e-09 
 2.88403150e+03  2.46961695e-07  7.73262093e-09 
 2.95120923e+03  2.45050875e-07  7.67279348e-09 
 3.01995172e+03  2.43163214e-07  7.61369125e-09 
 3.09029543e+03  2.41298492e-07  7.55530734e-09 
 3.16227766e+03  2.39456492e-07  7.49763494e-09 
 3.23593657e+03  2.37636997e-07  7.44066729e-09 
 3.31131121e+03  2.35839793e-07  7.38439768e-09 
 3.38844156e+03  2.34064668e-07  7.32881947e-09 
 3.46736850e+03  2.32311411e-07  7.27392606e-09 
 3.54813389e+03  2.30579813e-07  7.21971091e-09 
 3.63078055e+03  2.28869667e-07  7.16616753e-09 
 3.71535229e+03  2.27180766e-07  7.11328949e-09 
 3.80189396e+03  2.25512908e-07  7.06107040e-09 
 3.89045145e+03  2.23865888e-07  7.00950393e-09 
 3.98107171e+03  2.22239508e-07  6.95858380e-09 
 4.07380278e+03  2.20633567e-07  6.90830377e-09 
 4.16869383e+03  2.19047867e-07  6.85865765e-09 
 4.26579519e+03  2.17482213e-07  6.80963932e-09 
 4.36515832e+03  2.15936410e-07  6.76124268e-09 
 4.46683592e+03  2.14410264e-07  6.71346167e-09 
 4.57088190e+03  2.12903584e-07  6.66629032e-09 
 4.67735141e+03  2.11416180e-07  6.61972266e-09 
 4.78630092e+03  2.09947862e-07  6.57375278e-09 
 4.89778819e+03  2.08498442e-07  6.52837482e-09 
 5.01187234e+03  2.07067736e-07  6.48358295e-09 
 5.12861384e+03  2.05655557e-07  6.43937141e-09 
 5.24807460e+03  2.04261722e-07  6.39573443e-09 
 5.37031796e+03  2.02886050e-07  6.35266634e-09 
 5.49540874e+03  2.01528359e-07  6.31016148e-09 
 5.62341325e+03  2.00188469e-07  6.26821422e-09 
 5.75439937e+03  1.98866202e-07  6.22681899e-09 
 5.88843655e+03  1.97561381e-07  6.18597026e-09 
 6.02559586e+03  1.96273830e-07  6.14566252e-09 
 6.16595002e+03  1.95003375e-07  6.10589032e-09 
 6.30957344e+03  1.93749840e-07  6.06664823e-09 
 6.45654229e+03  1.92513055e-07  6.02793086e-09 
 6.60693448e+03  1.91292848e-07  5.98973287e-09 
 6.76082975e+03  1.90089049e-07  5.95204894e-09 
 6.91830971e+03  1.88901488e-07  5.91487379e-09 
 7.07945784e+03  1.87729999e-07  5.87820219e-09 
 7.24435960e+03  1.86574413e-07  5.84202892e-09 
 7.41310241e+03  1.85434566e-07  5.80634881e-09 
 7.58577575e+03  1.84310292e-07  5.77115672e-09 
 7.76247117e+03  1.83201429e-07  5.73644755e-09 
 7.94328235e+03  1.82107813e-07  5.70221623e-09 
 8.12830516e+03  1.81029284e-07  5.66845771e-09 
 8.31763771e+03  1.79965680e-07  5.63516700e-09 
 8.51138038e+03  1.78916842e-07  5.60233911e-09 
 8.70963590e+03  1.77882611e-07  5.56996911e-09 
 8.91250938e+03  1.76862831e-07  5.53805210e-09 
 9.12010839e+03  1.75857345e-07  5.50658318e-09 
 9.33254301e+03  1.74865996e-07  5.47555752e-09 
 9.54992586e+03  1.73888631e-07  5.44497031e-09 
 9.77237221e+03  1.72925096e-07  5.41481675e-09 
 1.00000000e+04  1.71975239e-07  5.38509211e-09 
 1.02329299e+04  1.71038907e-07  5.35579165e-09 
 1.04712855e+04  1.70115950e-07  5.32691069e-09 
 1.07151931e+04  1.69206217e-07  5.29844456e-09 
 1.09647820e+04  1.68309561e-07  5.27038864e-09 
 1.12201845e+04  1.67425833e-07  5.24273832e-09 
 1.14815362e+04  1.66554886e-07  5.21548903e-09 
 1.17489755e+04  1.65696573e-07  5.18863625e-09 
 1.20226443e+04  1.64850749e-07  5.16217544e-09 
 1.23026877e+04  1.64017271e-07  5.13610214e-09 
 1.25892541e+04  1.63195994e-07  5.11041189e-09 
 1.28824955e+04  1.62386775e-07  5.08510027e-09 
 1.31825674e+04  1.61589474e-07  5.06016288e-09 
 1.34896288e+04  1.60803948e-07  5.03559537e-09 
 1.38038426e+04  1.60030058e-07  5.01139340e-09 
 1.41253754e+04  1.59267666e-07  4.98755267e-09 
 1.44543977e+04  1.58516631e-07  4.96406890e-09 
 1.47910839e+04  1.57776818e-07  4.94093784e-09 
 1.51356125e+04  1.57048089e-07  4.91815529e-09 
 1.54881662e+04  1.56330308e-07  4.89571704e-09 
 1.58489319e+04  1.55623341e-07  4.87361896e-09 
 1.62181010e+04  1.54927054e-07  4.85185689e-09 
 1.65958691e+04  1.54241313e-07  4.83042676e-09 
 1.69824365e+04  1.53565985e-07  4.80932449e-09 
 1.73780083e+04  1.52900940e-07  4.78854603e-09 
 1.77827941e+04  1.52246047e-07  4.76808739e-09 
 1.81970086e+04  1.51601175e-07  4.74794457e-09 
 1.86208714e+04  1.50966196e-07  4.72811362e-09 
 1.90546072e+04  1.50340980e-07  4.70859063e-09 
 1.94984460e+04  1.49725401e-07  4.68937170e-09 
 1.99526231e+04  1.49119332e-07  4.67045296e-09 
 2.04173794e+04  1.48522647e-07  4.65183060e-09 
 2.08929613e+04  1.47935221e-07  4.63350079e-09 
 2.13796209e+04  1.47356929e-07  4.61545978e-09 
 2.18776162e+04  1.46787648e-07  4.59770381e-09 
 2.23872114e+04  1.46227255e-07  4.58022917e-09 
 2.29086765e+04  1.45675629e-07  4.56303219e-09 
 2.34422882e+04  1.45132647e-07  4.54610920e-09 
 2.39883292e+04  1.44598189e-07  4.52945659e-09 
 2.45470892e+04  1.44072136e-07  4.51307076e-09 
 2.51188643e+04  1.43554369e-07  4.49694815e-09 
 2.57039578e+04  1.43044769e-07  4.48108523e-09 
 2.63026799e+04  1.42543219e-07  4.46547850e-09 
 2.69153480e+04  1.42049601e-07  4.45012448e-09 
 2.75422870e+04  1.41563801e-07  4.43501974e-09 
 2.81838293e+04  1.41085701e-07  4.42016087e-09 
 2.88403150e+04  1.40615189e-07  4.40554449e-09 
 2.95120923e+04  1.40152148e-07  4.39116725e-09 
 3.01995172e+04  1.39696467e-07  4.37702584e-09 
 3.09029543e+04  1.39248031e-07  4.36311696e-09 
 3.16227766e+04  1.38806730e-07  4.34943737e-09 
 3.23593657e+04  1.38372450e-07  4.33598383e-09 
 3.31131121e+04  1.37945082e-07  4.32275316e-09 
 3.38844156e+04  1.37524515e-07  4.30974219e-09 
 3.46736850e+04  1.37110639e-07  4.29694779e-09 
 3.54813389e+04  1.36703345e-07  4.28436686e-09 
 3.63078055e+04  1.36302523e-07  4.27199634e-09 
 3.71535229e+04  1.35908066e-07  4.25983317e-09 
 3.80189396e+04  1.35519866e-07  4.24787436e-09 
 3.89045145e+04  1.35137815e-07  4.23611692e-09 
 3.98107171e+04  1.34761806e-07  4.22455792e-09 
 4.07380278e+04  1.34391733e-07  4.21319444e-09 
 4.16869383e+04  1.34027489e-07  4.20202359e-09 
 4.26579519e+04  1.33668969e-07  4.19104253e-09 
 4.36515832e+04  1.33316067e-07  4.18024842e-09 
 4.46683592e+04  1.32968678e-07  4.16963849e-09 
 4.57088190e+04  1.32626696e-07  4.15920996e-09 
 4.67735141e+04  1.32290017e-07  4.14896011e-09 
 4.78630092e+04  1.31958536e-07  4.13888625e-09 
 4.89778819e+04  1.31632149e-07  4.12898570e-09 
 5.01187234e+04  1.31310750e-07  4.11925583e-09 
 5.12861384e+04  1.30994236e-07  4.10969403e-09 
 5.24807460e+04  1.30682503e-07  4.10029773e-09 
 5.37031796e+04  1.30375445e-07  4.09106438e-09 
 5.49540874e+04  1.30072958e-07  4.08199146e-09 
 5.62341325e+04  1.29774937e-07  4.07307649e-09 
 5.75439937e+04  1.29481278e-07  4.06431701e-09 
 5.88843655e+04  1.29191875e-07  4.05571060e-09 
 6.02559586e+04  1.28906623e-07  4.04725487e-09 
 6.16595002e+04  1.28625416e-07  4.03894745e-09 
 6.30957344e+04  1.28348147e-07  4.03078600e-09 
 6.45654229e+04  1.28074710e-07  4.02276822e-09 
 6.60693448e+04  1.27804997e-07  4.01489182e-09 
 6.76082975e+04  1.27538900e-07  4.00715457e-09 
 6.91830971e+04  1.27276311e-07  3.99955425e-09 
 7.07945784e+04  1.27017119e-07  3.99208866e-09 
 7.24435960e+04  1.26761215e-07  3.98475565e-09 
 7.41310241e+04  1.26508486e-07  3.97755309e-09 
 7.58577575e+04  1.26258821e-07  3.97047886e-09 
 7.76247117e+04  1.26012105e-07  3.96353090e-09 
 7.94328235e+04  1.25768224e-07  3.95670716e-09 
 8.12830516e+04  1.25527061e-07  3.95000563e-09 
 8.31763771e+04  1.25288499e-07  3.94342430e-09 
 8.51138038e+04  1.25052418e-07  3.93696123e-09 
 8.70963590e+04  1.24818698e-07  3.93061447e-09 
 8.91250938e+04  1.24587215e-07  3.92438211e-09 
 9.12010839e+04  1.24357844e-07  3.91826229e-09 
 9.33254301e+04  1.24130460e-07  3.91225313e-09 
 9.54992586e+04  1.23904933e-07  3.90635282e-09 
 9.77237221e+04  1.23681131e-07  3.90055956e-09 
 1.00000000e+05  1.23458922e-07  3.89487158e-09 
 1.02329299e+05  1.23238169e-07  3.88928712e-09 
 1.04712855e+05  1.23018732e-07  3.88380447e-09 
 1.07151931e+05  1.22800470e-07  3.87842192e-09 
 1.09647820e+05  1.22583238e-07  3.87313783e-09 
 1.12201845e+05  1.22366887e-07  3.86795053e-09 
 1.14815362e+05  1.22151266e-07  3.86285841e-09 
 1.17489755e+05  1.21936220e-07  3.85785988e-09 
 1.20226443e+05  1.21721589e-07  3.85295337e-09 
 1.23026877e+05  1.21507210e-07  3.84813734e-09 
 1.25892541e+05  1.21292917e-07  3.84341027e-09 
 1.28824955e+05  1.21078537e-07  3.83877066e-09 
 1.31825674e+05  1.20863895e-07  3.83421705e-09 
 1.34896288e+05  1.20648809e-07  3.82974799e-09 
 1.38038426e+05  1.20433094e-07  3.82536206e-09 
 1.41253754e+05  1.20216558e-07  3.82105786e-09 
 1.44543977e+05  1.19999005e-07  3.81683402e-09 
 1.47910839e+05  1.19780232e-07  3.81268919e-09 
 1.51356125e+05  1.19560031e-07  3.80862203e-09 
 1.54881662e+05  1.19338188e-07  3.80463125e-09 
 1.58489319e+05  1.19114481e-07  3.80071556e-09 
 1.62181010e+05  1.18888682e-07  3.79687370e-09 
 1.65958691e+05  1.18660558e-07  3.79310444e-09 
 1.69824365e+05  1.18429866e-07  3.78940656e-09 
 1.73780083e+05  1.18196356e-07  3.78577888e-09 
 1.77827941e+05  1.17959772e-07  3.78222022e-09 
 1.81970086e+05  1.17719848e-07  3.77872943e-09 
 1.86208714e+05  1.17476311e-07  3.77530539e-09 
 1.90546072e+05  1.17228880e-07  3.77194700e-09 
 1.94984460e+05  1.16977262e-07  3.76865317e-09 
 1.99526231e+05  1.16721158e-07  3.76542284e-09 
 2.04173794e+05  1.16460259e-07  3.76225497e-09 
 2.08929613e+05  1.16194246e-07  3.75914855e-09 
 2.13796209e+05  1.15922790e-07  3.75610257e-09 
 2.18776162e+05  1.15645553e-07  3.75311607e-09 
 2.23872114e+05  1.15362185e-07  3.75018808e-09 
 2.29086765e+05  1.15072328e-07  3.74731767e-09 
 2.34422882e+05  1.14775610e-07  3.74450393e-09 
 2.39883292e+05  1.14471653e-07  3.74174597e-09 
 2.45470892e+05  1.14160063e-07  3.73904292e-09 
 2.51188643e+05  1.13840438e-07  3.73639391e-09 
 2.57039578e+05  1.13512364e-07  3.73379814e-09 
 2.63026799e+05  1.13175417e-07  3.73125477e-09 
 2.69153480e+05  1.12829160e-07  3.72876304e-09 
 2.75422870e+05  1.12473147e-07  3.72632216e-09 
 2.81838293e+05  1.12106921e-07  3.72393139e-09 
 2.88403150e+05  1.11730011e-07  3.72159001e-09 
 2.95120923e+05  1.11341941e-07  3.71929730e-09 
 3.01995172e+05  1.10942220e-07  3.71705259e-09 
 3.09029543e+05  1.10530350e-07  3.71485520e-09 
 3.16227766e+05  1.10105824e-07  3.71270450e-09 
 3.23593657e+05  1.09668124e-07  3.71059986e-09 
 3.31131121e+05  1.09216726e-07  3.70854068e-09 
 3.38844156e+05  1.08751098e-07  3.70652638e-09 
 3.46736850e+05  1.08270702e-07  3.70455641e-09 
 3.54813389e+05  1.07774996e-07  3.70263022e-09 
 3.63078055e+05  1.07263432e-07  3.70074730e-09 
 3.71535229e+05  1.06735460e-07  3.69890715e-09 
 3.80189396e+05  1.06190529e-07  3.69710931e-09 
 3.89045145e+05  1.05628089e-07  3.69535332e-09 
 3.98107171e+05  1.05047591e-07  3.69363877e-09 
 4.07380278e+05  1.04448492e-07  3.69196523e-09 
 4.16869383e+05  1.03830253e-07  3.69033234e-09 
 4.26579519e+05  1.03192345e-07  3.68873973e-09 
 4.36515832e+05  1.02534251e-07  3.68718707e-09 
 4.46683592e+05  1.01855468e-07  3.68567405e-09 
 4.57088190e+05  1.01155509e-07  3.68420038e-09 
 4.67735141e+05  1.00433907e-07  3.68276580e-09 
 4.78630092e+05  9.96902200e-08  3.68137008e-09 
 4.89778819e+05  9.89240310e-08  3.68001299e-09 
 5.01187234e+05  9.81349547e-08  3.67869436e-09 
 5.12861384e+05  9.73226396e-08  3.67741403e-09 
 5.24807460e+05  9.64867727e-08  3.67617186e-09 
 5.37031796e+05  9.56270830e-08  3.67496774e-09 
 5.49540874e+05  9.47433460e-08  3.67380160e-09 
 5.62341325e+05  9.38353875e-08  3.67267338e-09 
 5.75439937e+05  9.29030879e-08  3.67158307e-09 
 5.88843655e+05  9.19463865e-08  3.67053066e-09 
 6.02559586e+05  9.09652853e-08  3.66951620e-09 
 6.16595002e+05  8.99598530e-08  3.66853975e-09 
 6.30957344e+05  8.89302287e-08  3.66760142e-09 
 6.45654229e+05  8.78766255e-08  3.66670131e-09 
 6.60693448e+05  8.67993336e-08  3.66583961e-09 
 6.76082975e+05  8.56987233e-08  3.66501650e-09 
 6.91830971e+05  8.45752473e-08  3.66423220e-09 
 7.07945784e+05  8.34294429e-08  3.66348699e-09 
 7.24435960e+05  8.22619330e-08  3.66278114e-09 
 7.41310241e+05  8.10734275e-08  3.66211500e-09 
 7.58577575e+05  7.98647233e-08  3.66148892e-09 
 7.76247117e+05  7.86367037e-08  3.66090332e-09 
 7.94328235e+05  7.73903373e-08  3.66035863e-09 
 8.12830516e+05  7.61266764e-08  3.65985533e-09 
 8.31763771e+05  7.48468539e-08  3.65939393e-09 
 8.51138038e+05  7.35520800e-08  3.65897500e-09 
 8.70963590e+05  7.22436381e-08  3.65859912e-09 
 8.91250938e+05  7.09228797e-08  3.65826694e-09 
 9.12010839e+05  6.95912191e-08  3.65797914e-09 
 9.33254301e+05  6.82501264e-08  3.65773643e-09 
 9.54992586e+05  6.69011213e-08  3.65753958e-09 
 9.77237221e+05  6.55457651e-08  3.65738940e-09 
 1.00000000e+06  6.41856530e-08  3.65728673e-09 
 1.02329299e+06  6.28224056e-08  3.65723248e-09 
 1.04712855e+06  6.14576607e-08  3.65722758e-09 
 1.07151931e+06  6.00930640e-08  3.65727303e-09 
 1.09647820e+06  5.87302606e-08  3.65736985e-09 
 1.12201845e+06  5.73708859e-08  3.65751913e-09 
 1.14815362e+06  5.60165572e-08  3.65772200e-09 
 1.17489755e+06  5.46688652e-08  3.65797964e-09 
 1.20226443e+06  5.33293655e-08  3.65829326e-09 
 1.23026877e+06  5.19995713e-08  3.65866415e-09 
 1.25892541e+06  5.06809461e-08  3.65909363e-09 
 1.28824955e+06  4.93748971e-08  3.65958307e-09 
 1.31825674e+06  4.80827688e-08  3.66013391e-09 
 1.34896288e+06  4.68058383e-08  3.66074761e-09 
 1.38038426e+06  4.55453101e-08  3.66142572e-09 
 1.41253754e+06  4.43023127e-08  3.66216980e-09 
 1.44543977e+06  4.30778951e-08  3.66298149e-09 
 1.47910839e+06  4.18730242e-08  3.66386249e-09 
 1.51356125e+06  4.06885839e-08  3.66481453e-09 
 1.54881662e+06  3.95253733e-08  3.66583942e-09 
 1.58489319e+06  3.83841066e-08  3.66693900e-09 
 1.62181010e+06  3.72654138e-08  3.66811519e-09 
 1.65958691e+06  3.61698413e-08  3.66936996e-09 
 1.69824365e+06  3.50978530e-08  3.67070533e-09 
 1.73780083e+06  3.40498333e-08  3.67212341e-09 
 1.77827941e+06  3.30260883e-08  3.67362634e-09 
 1.81970086e+06  3.20268494e-08  3.67521635e-09 
 1.86208714e+06  3.10522759e-08  3.67689572e-09 
 1.90546072e+06  3.01024587e-08  3.67866681e-09 
 1.94984460e+06  2.91774237e-08  3.68053207e-09 
 1.99526231e+06  2.82771355e-08  3.68249398e-09 
 2.04173794e+06  2.74015015e-08  3.68455516e-09 
 2.08929613e+06  2.65503756e-08  3.68671826e-09 
 2.13796209e+06  2.57235621e-08  3.68898606e-09 
 2.18776162e+06  2.49208201e-08  3.69136143e-09 
 2.23872114e+06  2.41418669e-08  3.69384731e-09 
 2.29086765e+06  2.33863823e-08  3.69644679e-09 
 2.34422882e+06  2.26540121e-08  3.69916304e-09 
 2.39883292e+06  2.19443717e-08  3.70199938e-09 
 2.45470892e+06  2.12570502e-08  3.70495924e-09 
 2.51188643e+06  2.05916129e-08  3.70804620e-09 
 2.57039578e+06  1.99476054e-08  3.71126397e-09 
 2.63026799e+06  1.93245561e-08  3.71461646e-09 
 2.69153480e+06  1.87219793e-08  3.71810770e-09 
 2.75422870e+06  1.81393778e-08  3.72174194e-09 
 2.81838293e+06  1.75762458e-08  3.72552360e-09 
 2.88403150e+06  1.70320707e-08  3.72945732e-09 
 2.95120923e+06  1.65063359e-08  3.73354794e-09 
 3.01995172e+06  1.59985225e-08  3.73780057e-09 
 3.09029543e+06  1.55081109e-08  3.74222052e-09 
 3.16227766e+06  1.50345831e-08  3.74681340e-09 
 3.23593657e+06  1.45774239e-08  3.75158507e-09 
 3.31131121e+06  1.41361223e-08  3.75654171e-09 
 3.38844156e+06  1.37101726e-08  3.76168978e-09 
 3.46736850e+06  1.32990758e-08  3.76703609e-09 
 3.54813389e+06  1.29023405e-08  3.77258776e-09 
 3.63078055e+06  1.25194837e-08  3.77835231e-09 
 3.71535229e+06  1.21500315e-08  3.78433760e-09 
 3.80189396e+06  1.17935197e-08  3.79055189e-09 
 3.89045145e+06  1.14494946e-08  3.79700384e-09 
 3.98107171e+06  1.11175131e-08  3.80370257e-09 
 4.07380278e+06  1.07971434e-08  3.81065758e-09 
 4.16869383e+06  1.04879650e-08  3.81787888e-09 
 4.26579519e+06  1.01895690e-08  3.82537691e-09 
 4.36515832e+06  9.90155829e-09  3.83316263e-09 
 4.46683592e+06  9.62354766e-09  3.84124748e-09 
 4.57088190e+06  9.35516368e-09  3.84964342e-09 
 4.67735141e+06  9.09604479e-09  3.85836295e-09 
 4.78630092e+06  8.84584120e-09  3.86741909e-09 
 4.89778819e+06  8.60421482e-09  3.87682543e-09 
 5.01187234e+06  8.37083905e-09  3.88659613e-09 
 5.12861384e+06  8.14539870e-09  3.89674592e-09 
 5.24807460e+06  7.92758970e-09  3.90729012e-09 
 5.37031796e+06  7.71711895e-09  3.91824464e-09 
 5.49540874e+06  7.51370405e-09  3.92962601e-09 
 5.62341325e+06  7.31707302e-09  3.94145135e-09 
 5.75439937e+06  7.12696409e-09  3.95373842e-09 
 5.88843655e+06  6.94312536e-09  3.96650559e-09 
 6.02559586e+06  6.76531453e-09  3.97977186e-09 
 6.16595002e+06  6.59329860e-09  3.99355685e-09 
 6.30957344e+06  6.42685359e-09  4.00788084e-09 
 6.45654229e+06  6.26576420e-09  4.02276469e-09 
 6.60693448e+06  6.10982353e-09  4.03822994e-09 
 6.76082975e+06  5.95883277e-09  4.05429873e-09 
 6.91830971e+06  5.81260087e-09  4.07099380e-09 
 7.07945784e+06  5.67094431e-09  4.08833854e-09 
 7.24435960e+06  5.53368672e-09  4.10635692e-09 
 7.41310241e+06  5.40065864e-09  4.12507350e-09 
 7.58577575e+06  5.27169724e-09  4.14451344e-09 
 7.76247117e+06  5.14664601e-09  4.16470245e-09 
 7.94328235e+06  5.02535453e-09  4.18566679e-09 
 8.12830516e+06  4.90767816e-09  4.20743325e-09 
 8.31763771e+06  4.79347784e-09  4.23002911e-09 
 8.51138038e+06  4.68261980e-09  4.25348217e-09 
 8.70963590e+06  4.57497535e-09  4.27782064e-09 
 8.91250938e+06  4.47042065e-09  4.30307319e-09 
 9.12010839e+06  4.36883649e-09  4.32926887e-09 
 9.33254301e+06  4.27010807e-09  4.35643707e-09 
 9.54992586e+06  4.17412485e-09  4.38460754e-09 
 9.77237221e+06  4.08078030e-09  4.41381027e-09 
 1.00000000e+07  3.98997175e-09  4.44407551e-09 
 1.02329299e+07  3.90160023e-09  4.47543368e-09 
 1.04712855e+07  3.81557032e-09  4.50791535e-09 
 1.07151931e+07  3.73178996e-09  4.54155117e-09 
 1.09647820e+07  3.65017035e-09  4.57637181e-09 
 1.12201845e+07  3.57062580e-09  4.61240794e-09 
 1.14815362e+07  3.49307361e-09  4.64969010e-09 
 1.17489755e+07  3.41743395e-09  4.68824869e-09 
 1.20226443e+07  3.34362979e-09  4.72811388e-09 
 1.23026877e+07  3.27158673e-09  4.76931555e-09 
 1.25892541e+07  3.20123301e-09  4.81188319e-09 
 1.28824955e+07  3.13249932e-09  4.85584584e-09 
 1.31825674e+07  3.06531880e-09  4.90123204e-09 
 1.34896288e+07  2.99962696e-09  4.94806969e-09 
 1.38038426e+07  2.93536158e-09  4.99638598e-09 
 1.41253754e+07  2.87246268e-09  5.04620734e-09 
 1.44543977e+07  2.81087250e-09  5.09755931e-09 
 1.47910839e+07  2.75053538e-09  5.15046645e-09 
 1.51356125e+07  2.69139778e-09  5.20495228e-09 
 1.54881662e+07  2.63340823e-09  5.26103913e-09 
 1.58489319e+07  2.57651731e-09  5.31874809e-09 
 1.62181010e+07  2.52067757e-09  5.37809888e-09 
 1.65958691e+07  2.46584360e-09  5.43910977e-09 
 1.69824365e+07  2.41197193e-09  5.50179747e-09 
 1.73780083e+07  2.35902107e-09  5.56617702e-09 
 1.77827941e+07  2.30695149e-09  5.63226173e-09 
 1.81970086e+07  2.25572558e-09  5.70006304e-09 
 1.86208714e+07  2.20530771e-09  5.76959043e-09 
 1.90546072e+07  2.15566420e-09  5.84085136e-09 
 1.94984460e+07  2.10676333e-09  5.91385115e-09 
 1.99526231e+07  2.05857533e-09  5.98859293e-09 
 2.04173794e+07  2.01107244e-09  6.06507751e-09 
 2.08929613e+07  1.96422889e-09  6.14330337e-09 
 2.13796209e+07  1.91802091e-09  6.22326656e-09 
 2.18776162e+07  1.87242679e-09  6.30496068e-09 
 2.23872114e+07  1.82742684e-09  6.38837683e-09 
 2.29086765e+07  1.78300345e-09  6.47350356e-09 
 2.34422882e+07  1.73914107e-09  6.56032690e-09 
 2.39883292e+07  1.69582625e-09  6.64883035e-09 
 2.45470892e+07  1.65304761e-09  6.73899491e-09 
 2.51188643e+07  1.61079586e-09  6.83079911e-09 
 2.57039578e+07  1.56906379e-09  6.92421909e-09 
 2.63026799e+07  1.52784620e-09  7.01922869e-09 
 2.69153480e+07  1.48713992e-09  7.11579955e-09 
 2.75422870e+07  1.44694376e-09  7.21390125e-09 
 2.81838293e+07  1.40725838e-09  7.31350150e-09 
 2.88403150e+07  1.36808629e-09  7.41456626e-09 
 2.95120923e+07  1.32943169e-09  7.51706005e-09 
 3.01995172e+07  1.29130041e-09  7.62094612e-09 
 3.09029543e+07  1.25369973e-09  7.72618673e-09 
 3.16227766e+07  1.21663829e-09  7.83274350e-09 
 3.23593657e+07  1.18012585e-09  7.94057765e-09 
 3.31131121e+07  1.14417321e-09  8.04965043e-09 
 3.38844156e+07  1.10879196e-09  8.15992341e-09 
 3.46736850e+07  1.07399427e-09  8.27135895e-09 
 3.54813389e+07  1.03979278e-09  8.38392055e-09 
 3.63078055e+07  1.00620029e-09  8.49757332e-09 
 3.71535229e+07  9.73229624e-10  8.61228440e-09 
 3.80189396e+07  9.40893404e-10  8.72802344e-09 
 3.89045145e+07  9.09203864e-10  8.84476306e-09 
 3.98107171e+07  8.78172660e-10  8.96247933e-09 
 4.07380278e+07  8.47810704e-10  9.08115225e-09 
 4.16869383e+07  8.18128003e-10  9.20076627e-09 
 4.26579519e+07  7.89133522e-10  9.32131073e-09 
 4.36515832e+07  7.60835063e-10  9.44278037e-09 
 4.46683592e+07  7.33239164e-10  9.56517585e-09 
 4.57088190e+07  7.06351019e-10  9.68850418e-09 
 4.67735141e+07  6.80174418e-10  9.81277922e-09 
 4.78630092e+07  6.54711709e-10  9.93802215e-09 
 4.89778819e+07  6.29963779e-10  1.00642619e-08 
 5.01187234e+07  6.05930053e-10  1.01915357e-08 
 5.12861384e+07  5.82608512e-10  1.03198894e-08 
 5.24807460e+07  5.59995726e-10  1.04493778e-08 
 5.37031796e+07  5.38086900e-10  1.05800656e-08 
 5.49540874e+07  5.16875936e-10  1.07120270e-08 
 5.62341325e+07  4.96355498e-10  1.08453469e-08 
 5.75439937e+07  4.76517095e-10  1.09801207e-08 
 5.88843655e+07  4.57351158e-10  1.11164552e-08 
 6.02559586e+07  4.38847136e-10  1.12544685e-08 
 6.16595002e+07  4.20993584e-10  1.13942909e-08 
 6.30957344e+07  4.03778254e-10  1.15360649e-08 
 6.45654229e+07  3.87188192e-10  1.16799458e-08 
 6.60693448e+07  3.71209828e-10  1.18261022e-08 
 6.76082975e+07  3.55829064e-10  1.19747163e-08 
 6.91830971e+07  3.41031362e-10  1.21259843e-08 
 7.07945784e+07  3.26801828e-10  1.22801172e-08 
 7.24435960e+07  3.13125288e-10  1.24373407e-08 
 7.41310241e+07  2.99986362e-10  1.25978964e-08 
 7.58577575e+07  2.87369536e-10  1.27620419e-08 
 7.76247117e+07  2.75259221e-10  1.29300517e-08 
 7.94328235e+07  2.63639817e-10  1.31022175e-08 
 8.12830516e+07  2.52495758e-10  1.32788492e-08 
 8.31763771e+07  2.41811571e-10  1.34602752e-08 
 8.51138038e+07  2.31571911e-10  1.36468439e-08 
 8.70963590e+07  2.21761602e-10  1.38389236e-08 
 8.91250938e+07  2.12365672e-10  1.40369042e-08 
 9.12010839e+07  2.03369382e-10  1.42411979e-08 
 9.33254301e+07  1.94758251e-10  1.44522398e-08 
 9.54992586e+07  1.86518081e-10  1.46704896e-08 
 9.77237221e+07  1.78634971e-10  1.48964327e-08 
 1.00000000e+08  1.71095336e-10  1.51305811e-08 
 1.02329299e+08  1.63885917e-10  1.53734748e-08 
 1.04712855e+08  1.56993794e-10  1.56256838e-08 
 1.07151931e+08  1.50406390e-10  1.58878089e-08 
 1.09647820e+08  1.44111478e-10  1.61604839e-08 
 1.12201845e+08  1.38097185e-10  1.64443768e-08 
 1.14815362e+08  1.32351992e-10  1.67401923e-08 
 1.17489755e+08  1.26864735e-10  1.70486733e-08 
 1.20226443e+08  1.21624606e-10  1.73706028e-08 
 1.23026877e+08  1.16621147e-10  1.77068070e-08 
 1.25892541e+08  1.11844249e-10  1.80581564e-08 
 1.28824955e+08  1.07284147e-10  1.84255695e-08 
 1.31825674e+08  1.02931416e-10  1.88100143e-08 
 1.34896288e+08  9.87769645e-11  1.92125120e-08 
 1.38038426e+08  9.48120304e-11  1.96341391e-08 
 1.41253754e+08  9.10281720e-11  2.00760310e-08 
 1.44543977e+08  8.74172629e-11  2.05393850e-08 
 1.47910839e+08  8.39714846e-11  2.10254636e-08 
 1.51356125e+08  8.06833190e-11  2.15355981e-08 
 1.54881662e+08  7.75455411e-11  2.20711923e-08 
 1.58489319e+08  7.45512116e-11  2.26337262e-08 
 1.62181010e+08  7.16936690e-11  2.32247604e-08 
 1.65958691e+08  6.89665219e-11  2.38459399e-08 
 1.69824365e+08  6.63636417e-11  2.44989987e-08 
 1.73780083e+08  6.38791544e-11  2.51857644e-08 
 1.77827941e+08  6.15074332e-11  2.59081627e-08 
 1.81970086e+08  5.92430909e-11  2.66682226e-08 
 1.86208714e+08  5.70809724e-11  2.74680815e-08 
 1.90546072e+08  5.50161471e-11  2.83099903e-08 
 1.94984460e+08  5.30439014e-11  2.91963190e-08 
 1.99526231e+08  5.11597320e-11  3.01295622e-08 
 2.04173794e+08  4.93593381e-11  3.11123452e-08 
 2.08929613e+08  4.76386145e-11  3.21474297e-08 
 2.13796209e+08  4.59936451e-11  3.32377203e-08 
 2.18776162e+08  4.44206954e-11  3.43862704e-08 
 2.23872114e+08  4.29162063e-11  3.55962890e-08 
 2.29086765e+08  4.14767875e-11  3.68711471e-08 
 2.34422882e+08  4.00992108e-11  3.82143847e-08 
 2.39883292e+08  3.87804040e-11  3.96297177e-08 
 2.45470892e+08  3.75174449e-11  4.11210445e-08 
 2.51188643e+08  3.63075549e-11  4.26924537e-08 
 2.57039578e+08  3.51480935e-11  4.43482310e-08 
 2.63026799e+08  3.40365522e-11  4.60928665e-08 
 2.69153480e+08  3.29705492e-11  4.79310625e-08 
 2.75422870e+08  3.19478240e-11  4.98677404e-08 
 2.81838293e+08  3.09662317e-11  5.19080488e-08 
 2.88403150e+08  3.00237383e-11  5.40573705e-08 
 2.95120923e+08  2.91184154e-11  5.63213308e-08 
 3.01995172e+08  2.82484356e-11  5.87058045e-08 
 3.09029543e+08  2.74120674e-11  6.12169236e-08 
 3.16227766e+08  2.66076712e-11  6.38610854e-08 
 3.23593657e+08  2.58336943e-11  6.66449595e-08 
 3.31131121e+08  2.50886671e-11  6.95754956e-08 
 3.38844156e+08  2.43711986e-11  7.26599308e-08 
 3.46736850e+08  2.36799731e-11  7.59057975e-08 
 3.54813389e+08  2.30137455e-11  7.93209300e-08 
 3.63078055e+08  2.23713383e-11  8.29134724e-08 
 3.71535229e+08  2.17516379e-11  8.66918850e-08 
 3.80189396e+08  2.11535912e-11  9.06649521e-08 
 3.89045145e+08  2.05762022e-11  9.48417881e-08 
 3.98107171e+08  2.00185294e-11  9.92318445e-08 
 4.07380278e+08  1.94796821e-11  1.03844916e-07 
 4.16869383e+08  1.89588185e-11  1.08691148e-07 
 4.26579519e+08  1.84551420e-11  1.13781040e-07 
 4.36515832e+08  1.79678996e-11  1.19125455e-07 
 4.46683592e+08  1.74963788e-11  1.24735621e-07 
 4.57088190e+08  1.70399054e-11  1.30623139e-07 
 4.67735141e+08  1.65978417e-11  1.36799987e-07 
 4.78630092e+08  1.61695837e-11  1.43278522e-07 
 4.89778819e+08  1.57545599e-11  1.50071489e-07 
 5.01187234e+08  1.53522289e-11  1.57192018e-07 
 5.12861384e+08  1.49620777e-11  1.64653633e-07 
 5.24807460e+08  1.45836205e-11  1.72470249e-07 
 5.37031796e+08  1.42163962e-11  1.80656175e-07 
 5.49540874e+08  1.38599680e-11  1.89226117e-07 
 5.62341325e+08  1.35139210e-11  1.98195173e-07 
 5.75439937e+08  1.31778616e-11  2.07578837e-07 
 5.88843655e+08  1.28514160e-11  2.17392992e-07 
 6.02559586e+08  1.25342288e-11  2.27653909e-07 
 6.16595002e+08  1.22259623e-11  2.38378242e-07 
 6.30957344e+08  1.19262953e-11  2.49583021e-07 
 6.45654229e+08  1.16349221e-11  2.61285645e-07 
 6.60693448e+08  1.13515514e-11  2.73503873e-07 
 6.76082975e+08  1.10759060e-11  2.86255811e-07 
 6.91830971e+08  1.08077214e-11  2.99559902e-07 
 7.07945784e+08  1.05467454e-11  3.13434907e-07 
 7.24435960e+08  1.02927371e-11  3.27899893e-07 
 7.41310241e+08  1.00454669e-11  3.42974212e-07 
 7.58577575e+08  9.80471482e-12  3.58677476e-07 
 7.76247117e+08  9.57027096e-12  3.75029539e-07 
 7.94328235e+08  9.34193433e-12  3.92050466e-07 
 8.12830516e+08  9.11951256e-12  4.09760509e-07 
 8.31763771e+08  8.90282137e-12  4.28180070e-07 
 8.51138038e+08  8.69168417e-12  4.47329673e-07 
 8.70963590e+08  8.48593158e-12  4.67229924e-07 
 8.91250938e+08  8.28540111e-12  4.87901473e-07 
 9.12010839e+08  8.08993672e-12  5.09364973e-07 
 9.33254301e+08  7.89938855e-12  5.31641039e-07 
 9.54992586e+08  7.71361253e-12  5.54750198e-07 
 9.77237221e+08  7.53247011e-12  5.78712844e-07 
 1.00000000e+09  7.35582800e-12  6.03549188e-07 
