 frequency       av              ph             
 1.00000000e+00  1.19585392e+01 -6.18181720e-05 
 1.02920053e+00  1.19585392e+01 -6.36232953e-05 
 1.05925373e+00  1.19585392e+01 -6.54811290e-05 
 1.09018449e+00  1.19585392e+01 -6.73932125e-05 
 1.12201845e+00  1.19585392e+01 -6.93611298e-05 
 1.15478198e+00  1.19585392e+01 -7.13865114e-05 
 1.18850223e+00  1.19585392e+01 -7.34710352e-05 
 1.22320712e+00  1.19585392e+01 -7.56164281e-05 
 1.25892541e+00  1.19585392e+01 -7.78244677e-05 
 1.29568670e+00  1.19585392e+01 -8.00969832e-05 
 1.33352143e+00  1.19585392e+01 -8.24358573e-05 
 1.37246096e+00  1.19585392e+01 -8.48430278e-05 
 1.41253754e+00  1.19585392e+01 -8.73204889e-05 
 1.45378439e+00  1.19585392e+01 -8.98702933e-05 
 1.49623566e+00  1.19585392e+01 -9.24945532e-05 
 1.53992653e+00  1.19585392e+01 -9.51954429e-05 
 1.58489319e+00  1.19585392e+01 -9.79752000e-05 
 1.63117291e+00  1.19585392e+01 -1.00836128e-04 
 1.67880402e+00  1.19585392e+01 -1.03780596e-04 
 1.72782598e+00  1.19585392e+01 -1.06811044e-04 
 1.77827941e+00  1.19585392e+01 -1.09929983e-04 
 1.83020611e+00  1.19585392e+01 -1.13139996e-04 
 1.88364909e+00  1.19585392e+01 -1.16443743e-04 
 1.93865264e+00  1.19585392e+01 -1.19843962e-04 
 1.99526231e+00  1.19585392e+01 -1.23343469e-04 
 2.05352503e+00  1.19585392e+01 -1.26945163e-04 
 2.11348904e+00  1.19585392e+01 -1.30652029e-04 
 2.17520403e+00  1.19585392e+01 -1.34467137e-04 
 2.23872114e+00  1.19585392e+01 -1.38393648e-04 
 2.30409298e+00  1.19585392e+01 -1.42434816e-04 
 2.37137371e+00  1.19585392e+01 -1.46593988e-04 
 2.44061907e+00  1.19585392e+01 -1.50874609e-04 
 2.51188643e+00  1.19585392e+01 -1.55280228e-04 
 2.58523484e+00  1.19585392e+01 -1.59814492e-04 
 2.66072506e+00  1.19585392e+01 -1.64481159e-04 
 2.73841963e+00  1.19585392e+01 -1.69284096e-04 
 2.81838293e+00  1.19585392e+01 -1.74227281e-04 
 2.90068120e+00  1.19585392e+01 -1.79314809e-04 
 2.98538262e+00  1.19585392e+01 -1.84550896e-04 
 3.07255737e+00  1.19585392e+01 -1.89939880e-04 
 3.16227766e+00  1.19585392e+01 -1.95486224e-04 
 3.25461783e+00  1.19585392e+01 -2.01194525e-04 
 3.34965439e+00  1.19585392e+01 -2.07069511e-04 
 3.44746607e+00  1.19585392e+01 -2.13116050e-04 
 3.54813389e+00  1.19585392e+01 -2.19339151e-04 
 3.65174127e+00  1.19585392e+01 -2.25743970e-04 
 3.75837404e+00  1.19585392e+01 -2.32335813e-04 
 3.86812055e+00  1.19585392e+01 -2.39120141e-04 
 3.98107171e+00  1.19585392e+01 -2.46102576e-04 
 4.09732110e+00  1.19585392e+01 -2.53288901e-04 
 4.21696503e+00  1.19585392e+01 -2.60685070e-04 
 4.34010264e+00  1.19585392e+01 -2.68297211e-04 
 4.46683592e+00  1.19585392e+01 -2.76131631e-04 
 4.59726989e+00  1.19585392e+01 -2.84194821e-04 
 4.73151259e+00  1.19585392e+01 -2.92493459e-04 
 4.86967525e+00  1.19585392e+01 -3.01034422e-04 
 5.01187234e+00  1.19585392e+01 -3.09824786e-04 
 5.15822165e+00  1.19585392e+01 -3.18871833e-04 
 5.30884444e+00  1.19585392e+01 -3.28183059e-04 
 5.46386550e+00  1.19585392e+01 -3.37766177e-04 
 5.62341325e+00  1.19585392e+01 -3.47629128e-04 
 5.78761988e+00  1.19585392e+01 -3.57780082e-04 
 5.95662144e+00  1.19585392e+01 -3.68227449e-04 
 6.13055792e+00  1.19585392e+01 -3.78979884e-04 
 6.30957344e+00  1.19585392e+01 -3.90046297e-04 
 6.49381632e+00  1.19585392e+01 -4.01435854e-04 
 6.68343918e+00  1.19585392e+01 -4.13157993e-04 
 6.87859912e+00  1.19585392e+01 -4.25222424e-04 
 7.07945784e+00  1.19585392e+01 -4.37639143e-04 
 7.28618175e+00  1.19585392e+01 -4.50418437e-04 
 7.49894209e+00  1.19585392e+01 -4.63570892e-04 
 7.71791516e+00  1.19585392e+01 -4.77107407e-04 
 7.94328235e+00  1.19585392e+01 -4.91039195e-04 
 8.17523038e+00  1.19585392e+01 -5.05377798e-04 
 8.41395142e+00  1.19585392e+01 -5.20135096e-04 
 8.65964323e+00  1.19585392e+01 -5.35323315e-04 
 8.91250938e+00  1.19585392e+01 -5.50955038e-04 
 9.17275935e+00  1.19585392e+01 -5.67043216e-04 
 9.44060876e+00  1.19585392e+01 -5.83601177e-04 
 9.71627952e+00  1.19585392e+01 -6.00642639e-04 
 1.00000000e+01  1.19585392e+01 -6.18181720e-04 
 1.02920053e+01  1.19585392e+01 -6.36232953e-04 
 1.05925373e+01  1.19585392e+01 -6.54811290e-04 
 1.09018449e+01  1.19585392e+01 -6.73932125e-04 
 1.12201845e+01  1.19585392e+01 -6.93611298e-04 
 1.15478198e+01  1.19585392e+01 -7.13865114e-04 
 1.18850223e+01  1.19585392e+01 -7.34710352e-04 
 1.22320712e+01  1.19585392e+01 -7.56164281e-04 
 1.25892541e+01  1.19585392e+01 -7.78244677e-04 
 1.29568670e+01  1.19585392e+01 -8.00969832e-04 
 1.33352143e+01  1.19585392e+01 -8.24358573e-04 
 1.37246096e+01  1.19585392e+01 -8.48430278e-04 
 1.41253754e+01  1.19585392e+01 -8.73204889e-04 
 1.45378439e+01  1.19585392e+01 -8.98702933e-04 
 1.49623566e+01  1.19585392e+01 -9.24945532e-04 
 1.53992653e+01  1.19585392e+01 -9.51954429e-04 
 1.58489319e+01  1.19585392e+01 -9.79752000e-04 
 1.63117291e+01  1.19585392e+01 -1.00836128e-03 
 1.67880402e+01  1.19585392e+01 -1.03780596e-03 
 1.72782598e+01  1.19585392e+01 -1.06811044e-03 
 1.77827941e+01  1.19585392e+01 -1.09929983e-03 
 1.83020611e+01  1.19585392e+01 -1.13139996e-03 
 1.88364909e+01  1.19585392e+01 -1.16443743e-03 
 1.93865264e+01  1.19585392e+01 -1.19843962e-03 
 1.99526231e+01  1.19585392e+01 -1.23343469e-03 
 2.05352503e+01  1.19585392e+01 -1.26945163e-03 
 2.11348904e+01  1.19585392e+01 -1.30652029e-03 
 2.17520403e+01  1.19585392e+01 -1.34467137e-03 
 2.23872114e+01  1.19585392e+01 -1.38393648e-03 
 2.30409298e+01  1.19585392e+01 -1.42434816e-03 
 2.37137371e+01  1.19585392e+01 -1.46593988e-03 
 2.44061907e+01  1.19585392e+01 -1.50874609e-03 
 2.51188643e+01  1.19585392e+01 -1.55280228e-03 
 2.58523484e+01  1.19585392e+01 -1.59814492e-03 
 2.66072506e+01  1.19585392e+01 -1.64481159e-03 
 2.73841963e+01  1.19585392e+01 -1.69284096e-03 
 2.81838293e+01  1.19585392e+01 -1.74227281e-03 
 2.90068120e+01  1.19585392e+01 -1.79314809e-03 
 2.98538262e+01  1.19585392e+01 -1.84550896e-03 
 3.07255737e+01  1.19585392e+01 -1.89939880e-03 
 3.16227766e+01  1.19585392e+01 -1.95486224e-03 
 3.25461783e+01  1.19585392e+01 -2.01194525e-03 
 3.34965439e+01  1.19585392e+01 -2.07069511e-03 
 3.44746607e+01  1.19585392e+01 -2.13116050e-03 
 3.54813389e+01  1.19585392e+01 -2.19339151e-03 
 3.65174127e+01  1.19585392e+01 -2.25743970e-03 
 3.75837404e+01  1.19585392e+01 -2.32335813e-03 
 3.86812055e+01  1.19585392e+01 -2.39120141e-03 
 3.98107171e+01  1.19585392e+01 -2.46102576e-03 
 4.09732110e+01  1.19585392e+01 -2.53288901e-03 
 4.21696503e+01  1.19585392e+01 -2.60685070e-03 
 4.34010264e+01  1.19585392e+01 -2.68297211e-03 
 4.46683592e+01  1.19585392e+01 -2.76131631e-03 
 4.59726989e+01  1.19585392e+01 -2.84194821e-03 
 4.73151259e+01  1.19585392e+01 -2.92493459e-03 
 4.86967525e+01  1.19585392e+01 -3.01034422e-03 
 5.01187234e+01  1.19585392e+01 -3.09824786e-03 
 5.15822165e+01  1.19585392e+01 -3.18871833e-03 
 5.30884444e+01  1.19585392e+01 -3.28183059e-03 
 5.46386550e+01  1.19585392e+01 -3.37766177e-03 
 5.62341325e+01  1.19585392e+01 -3.47629128e-03 
 5.78761988e+01  1.19585392e+01 -3.57780082e-03 
 5.95662144e+01  1.19585392e+01 -3.68227449e-03 
 6.13055792e+01  1.19585392e+01 -3.78979884e-03 
 6.30957344e+01  1.19585392e+01 -3.90046297e-03 
 6.49381632e+01  1.19585392e+01 -4.01435854e-03 
 6.68343918e+01  1.19585392e+01 -4.13157993e-03 
 6.87859912e+01  1.19585392e+01 -4.25222424e-03 
 7.07945784e+01  1.19585392e+01 -4.37639143e-03 
 7.28618175e+01  1.19585392e+01 -4.50418437e-03 
 7.49894209e+01  1.19585392e+01 -4.63570892e-03 
 7.71791516e+01  1.19585392e+01 -4.77107407e-03 
 7.94328235e+01  1.19585392e+01 -4.91039195e-03 
 8.17523038e+01  1.19585392e+01 -5.05377798e-03 
 8.41395142e+01  1.19585392e+01 -5.20135096e-03 
 8.65964323e+01  1.19585392e+01 -5.35323315e-03 
 8.91250938e+01  1.19585392e+01 -5.50955038e-03 
 9.17275935e+01  1.19585392e+01 -5.67043216e-03 
 9.44060876e+01  1.19585392e+01 -5.83601177e-03 
 9.71627952e+01  1.19585392e+01 -6.00642639e-03 
 1.00000000e+02  1.19585392e+01 -6.18181720e-03 
 1.02920053e+02  1.19585392e+01 -6.36232952e-03 
 1.05925373e+02  1.19585392e+01 -6.54811290e-03 
 1.09018449e+02  1.19585392e+01 -6.73932125e-03 
 1.12201845e+02  1.19585392e+01 -6.93611298e-03 
 1.15478198e+02  1.19585392e+01 -7.13865114e-03 
 1.18850223e+02  1.19585392e+01 -7.34710351e-03 
 1.22320712e+02  1.19585392e+01 -7.56164281e-03 
 1.25892541e+02  1.19585392e+01 -7.78244677e-03 
 1.29568670e+02  1.19585392e+01 -8.00969832e-03 
 1.33352143e+02  1.19585392e+01 -8.24358573e-03 
 1.37246096e+02  1.19585392e+01 -8.48430278e-03 
 1.41253754e+02  1.19585392e+01 -8.73204889e-03 
 1.45378439e+02  1.19585392e+01 -8.98702932e-03 
 1.49623566e+02  1.19585392e+01 -9.24945532e-03 
 1.53992653e+02  1.19585392e+01 -9.51954429e-03 
 1.58489319e+02  1.19585392e+01 -9.79752000e-03 
 1.63117291e+02  1.19585392e+01 -1.00836127e-02 
 1.67880402e+02  1.19585392e+01 -1.03780596e-02 
 1.72782598e+02  1.19585392e+01 -1.06811044e-02 
 1.77827941e+02  1.19585392e+01 -1.09929982e-02 
 1.83020611e+02  1.19585392e+01 -1.13139996e-02 
 1.88364909e+02  1.19585392e+01 -1.16443743e-02 
 1.93865264e+02  1.19585392e+01 -1.19843962e-02 
 1.99526231e+02  1.19585392e+01 -1.23343469e-02 
 2.05352503e+02  1.19585392e+01 -1.26945163e-02 
 2.11348904e+02  1.19585391e+01 -1.30652029e-02 
 2.17520403e+02  1.19585391e+01 -1.34467137e-02 
 2.23872114e+02  1.19585391e+01 -1.38393648e-02 
 2.30409298e+02  1.19585391e+01 -1.42434816e-02 
 2.37137371e+02  1.19585391e+01 -1.46593988e-02 
 2.44061907e+02  1.19585391e+01 -1.50874609e-02 
 2.51188643e+02  1.19585391e+01 -1.55280227e-02 
 2.58523484e+02  1.19585391e+01 -1.59814492e-02 
 2.66072506e+02  1.19585391e+01 -1.64481159e-02 
 2.73841963e+02  1.19585391e+01 -1.69284096e-02 
 2.81838293e+02  1.19585391e+01 -1.74227281e-02 
 2.90068120e+02  1.19585391e+01 -1.79314809e-02 
 2.98538262e+02  1.19585391e+01 -1.84550896e-02 
 3.07255737e+02  1.19585391e+01 -1.89939879e-02 
 3.16227766e+02  1.19585391e+01 -1.95486224e-02 
 3.25461783e+02  1.19585390e+01 -2.01194525e-02 
 3.34965439e+02  1.19585390e+01 -2.07069511e-02 
 3.44746607e+02  1.19585390e+01 -2.13116050e-02 
 3.54813389e+02  1.19585390e+01 -2.19339151e-02 
 3.65174127e+02  1.19585390e+01 -2.25743970e-02 
 3.75837404e+02  1.19585390e+01 -2.32335813e-02 
 3.86812055e+02  1.19585390e+01 -2.39120141e-02 
 3.98107171e+02  1.19585390e+01 -2.46102575e-02 
 4.09732110e+02  1.19585389e+01 -2.53288900e-02 
 4.21696503e+02  1.19585389e+01 -2.60685069e-02 
 4.34010264e+02  1.19585389e+01 -2.68297211e-02 
 4.46683592e+02  1.19585389e+01 -2.76131631e-02 
 4.59726989e+02  1.19585389e+01 -2.84194820e-02 
 4.73151259e+02  1.19585389e+01 -2.92493458e-02 
 4.86967525e+02  1.19585388e+01 -3.01034421e-02 
 5.01187234e+02  1.19585388e+01 -3.09824785e-02 
 5.15822165e+02  1.19585388e+01 -3.18871832e-02 
 5.30884444e+02  1.19585388e+01 -3.28183057e-02 
 5.46386550e+02  1.19585387e+01 -3.37766176e-02 
 5.62341325e+02  1.19585387e+01 -3.47629126e-02 
 5.78761988e+02  1.19585387e+01 -3.57780080e-02 
 5.95662144e+02  1.19585386e+01 -3.68227446e-02 
 6.13055792e+02  1.19585386e+01 -3.78979882e-02 
 6.30957344e+02  1.19585386e+01 -3.90046294e-02 
 6.49381632e+02  1.19585385e+01 -4.01435851e-02 
 6.68343918e+02  1.19585385e+01 -4.13157990e-02 
 6.87859912e+02  1.19585385e+01 -4.25222421e-02 
 7.07945784e+02  1.19585384e+01 -4.37639139e-02 
 7.28618175e+02  1.19585384e+01 -4.50418433e-02 
 7.49894209e+02  1.19585383e+01 -4.63570888e-02 
 7.71791516e+02  1.19585383e+01 -4.77107402e-02 
 7.94328235e+02  1.19585382e+01 -4.91039189e-02 
 8.17523038e+02  1.19585381e+01 -5.05377792e-02 
 8.41395142e+02  1.19585381e+01 -5.20135090e-02 
 8.65964323e+02  1.19585380e+01 -5.35323308e-02 
 8.91250938e+02  1.19585379e+01 -5.50955031e-02 
 9.17275935e+02  1.19585379e+01 -5.67043208e-02 
 9.44060876e+02  1.19585378e+01 -5.83601168e-02 
 9.71627952e+02  1.19585377e+01 -6.00642629e-02 
 1.00000000e+03  1.19585376e+01 -6.18181710e-02 
 1.02920053e+03  1.19585375e+01 -6.36232941e-02 
 1.05925373e+03  1.19585374e+01 -6.54811278e-02 
 1.09018449e+03  1.19585373e+01 -6.73932111e-02 
 1.12201845e+03  1.19585372e+01 -6.93611283e-02 
 1.15478198e+03  1.19585371e+01 -7.13865098e-02 
 1.18850223e+03  1.19585369e+01 -7.34710334e-02 
 1.22320712e+03  1.19585368e+01 -7.56164262e-02 
 1.25892541e+03  1.19585367e+01 -7.78244656e-02 
 1.29568670e+03  1.19585365e+01 -8.00969809e-02 
 1.33352143e+03  1.19585364e+01 -8.24358548e-02 
 1.37246096e+03  1.19585362e+01 -8.48430251e-02 
 1.41253754e+03  1.19585360e+01 -8.73204860e-02 
 1.45378439e+03  1.19585358e+01 -8.98702900e-02 
 1.49623566e+03  1.19585356e+01 -9.24945497e-02 
 1.53992653e+03  1.19585354e+01 -9.51954391e-02 
 1.58489319e+03  1.19585352e+01 -9.79751958e-02 
 1.63117291e+03  1.19585349e+01 -1.00836123e-01 
 1.67880402e+03  1.19585347e+01 -1.03780591e-01 
 1.72782598e+03  1.19585344e+01 -1.06811038e-01 
 1.77827941e+03  1.19585341e+01 -1.09929977e-01 
 1.83020611e+03  1.19585338e+01 -1.13139989e-01 
 1.88364909e+03  1.19585335e+01 -1.16443736e-01 
 1.93865264e+03  1.19585332e+01 -1.19843954e-01 
 1.99526231e+03  1.19585328e+01 -1.23343461e-01 
 2.05352503e+03  1.19585324e+01 -1.26945154e-01 
 2.11348904e+03  1.19585320e+01 -1.30652019e-01 
 2.17520403e+03  1.19585316e+01 -1.34467126e-01 
 2.23872114e+03  1.19585312e+01 -1.38393637e-01 
 2.30409298e+03  1.19585307e+01 -1.42434803e-01 
 2.37137371e+03  1.19585302e+01 -1.46593974e-01 
 2.44061907e+03  1.19585296e+01 -1.50874594e-01 
 2.51188643e+03  1.19585291e+01 -1.55280211e-01 
 2.58523484e+03  1.19585285e+01 -1.59814474e-01 
 2.66072506e+03  1.19585278e+01 -1.64481140e-01 
 2.73841963e+03  1.19585272e+01 -1.69284074e-01 
 2.81838293e+03  1.19585265e+01 -1.74227257e-01 
 2.90068120e+03  1.19585257e+01 -1.79314784e-01 
 2.98538262e+03  1.19585249e+01 -1.84550868e-01 
 3.07255737e+03  1.19585240e+01 -1.89939849e-01 
 3.16227766e+03  1.19585231e+01 -1.95486191e-01 
 3.25461783e+03  1.19585222e+01 -2.01194489e-01 
 3.34965439e+03  1.19585212e+01 -2.07069472e-01 
 3.44746607e+03  1.19585201e+01 -2.13116007e-01 
 3.54813389e+03  1.19585190e+01 -2.19339104e-01 
 3.65174127e+03  1.19585178e+01 -2.25743919e-01 
 3.75837404e+03  1.19585165e+01 -2.32335757e-01 
 3.86812055e+03  1.19585152e+01 -2.39120080e-01 
 3.98107171e+03  1.19585137e+01 -2.46102509e-01 
 4.09732110e+03  1.19585122e+01 -2.53288828e-01 
 4.21696503e+03  1.19585106e+01 -2.60684991e-01 
 4.34010264e+03  1.19585089e+01 -2.68297125e-01 
 4.46683592e+03  1.19585071e+01 -2.76131537e-01 
 4.59726989e+03  1.19585052e+01 -2.84194718e-01 
 4.73151259e+03  1.19585032e+01 -2.92493347e-01 
 4.86967525e+03  1.19585011e+01 -3.01034300e-01 
 5.01187234e+03  1.19584988e+01 -3.09824653e-01 
 5.15822165e+03  1.19584965e+01 -3.18871688e-01 
 5.30884444e+03  1.19584939e+01 -3.28182901e-01 
 5.46386550e+03  1.19584912e+01 -3.37766005e-01 
 5.62341325e+03  1.19584884e+01 -3.47628940e-01 
 5.78761988e+03  1.19584854e+01 -3.57779877e-01 
 5.95662144e+03  1.19584822e+01 -3.68227225e-01 
 6.13055792e+03  1.19584788e+01 -3.78979641e-01 
 6.30957344e+03  1.19584752e+01 -3.90046031e-01 
 6.49381632e+03  1.19584714e+01 -4.01435565e-01 
 6.68343918e+03  1.19584674e+01 -4.13157677e-01 
 6.87859912e+03  1.19584632e+01 -4.25222080e-01 
 7.07945784e+03  1.19584587e+01 -4.37638768e-01 
 7.28618175e+03  1.19584539e+01 -4.50418028e-01 
 7.49894209e+03  1.19584488e+01 -4.63570447e-01 
 7.71791516e+03  1.19584435e+01 -4.77106921e-01 
 7.94328235e+03  1.19584378e+01 -4.91038665e-01 
 8.17523038e+03  1.19584318e+01 -5.05377221e-01 
 8.41395142e+03  1.19584254e+01 -5.20134467e-01 
 8.65964323e+03  1.19584187e+01 -5.35322629e-01 
 8.91250938e+03  1.19584116e+01 -5.50954290e-01 
 9.17275935e+03  1.19584040e+01 -5.67042400e-01 
 9.44060876e+03  1.19583960e+01 -5.83600287e-01 
 9.71627952e+03  1.19583875e+01 -6.00641669e-01 
 1.00000000e+04  1.19583785e+01 -6.18180664e-01 
 1.02920053e+04  1.19583690e+01 -6.36231800e-01 
 1.05925373e+04  1.19583589e+01 -6.54810034e-01 
 1.09018449e+04  1.19583482e+01 -6.73930756e-01 
 1.12201845e+04  1.19583369e+01 -6.93609806e-01 
 1.15478198e+04  1.19583249e+01 -7.13863486e-01 
 1.18850223e+04  1.19583122e+01 -7.34708577e-01 
 1.22320712e+04  1.19582987e+01 -7.56162347e-01 
 1.25892541e+04  1.19582845e+01 -7.78242568e-01 
 1.29568670e+04  1.19582694e+01 -8.00967533e-01 
 1.33352143e+04  1.19582534e+01 -8.24356067e-01 
 1.37246096e+04  1.19582365e+01 -8.48427546e-01 
 1.41253754e+04  1.19582185e+01 -8.73201911e-01 
 1.45378439e+04  1.19581995e+01 -8.98699685e-01 
 1.49623566e+04  1.19581794e+01 -9.24941992e-01 
 1.53992653e+04  1.19581581e+01 -9.51950569e-01 
 1.58489319e+04  1.19581355e+01 -9.79747792e-01 
 1.63117291e+04  1.19581116e+01 -1.00835669e+00 
 1.67880402e+04  1.19580862e+01 -1.03780095e+00 
 1.72782598e+04  1.19580594e+01 -1.06810498e+00 
 1.77827941e+04  1.19580310e+01 -1.09929388e+00 
 1.83020611e+04  1.19580008e+01 -1.13139348e+00 
 1.88364909e+04  1.19579689e+01 -1.16443037e+00 
 1.93865264e+04  1.19579351e+01 -1.19843192e+00 
 1.99526231e+04  1.19578994e+01 -1.23342629e+00 
 2.05352503e+04  1.19578614e+01 -1.26944248e+00 
 2.11348904e+04  1.19578213e+01 -1.30651031e+00 
 2.17520403e+04  1.19577787e+01 -1.34466049e+00 
 2.23872114e+04  1.19577337e+01 -1.38392462e+00 
 2.30409298e+04  1.19576859e+01 -1.42433523e+00 
 2.37137371e+04  1.19576354e+01 -1.46592578e+00 
 2.44061907e+04  1.19575818e+01 -1.50873072e+00 
 2.51188643e+04  1.19575251e+01 -1.55278552e+00 
 2.58523484e+04  1.19574650e+01 -1.59812665e+00 
 2.66072506e+04  1.19574013e+01 -1.64479168e+00 
 2.73841963e+04  1.19573339e+01 -1.69281925e+00 
 2.81838293e+04  1.19572625e+01 -1.74224914e+00 
 2.90068120e+04  1.19571868e+01 -1.79312228e+00 
 2.98538262e+04  1.19571067e+01 -1.84548082e+00 
 3.07255737e+04  1.19570218e+01 -1.89936812e+00 
 3.16227766e+04  1.19569319e+01 -1.95482880e+00 
 3.25461783e+04  1.19568366e+01 -2.01190879e+00 
 3.34965439e+04  1.19567357e+01 -2.07065536e+00 
 3.44746607e+04  1.19566288e+01 -2.13111716e+00 
 3.54813389e+04  1.19565156e+01 -2.19334426e+00 
 3.65174127e+04  1.19563957e+01 -2.25738818e+00 
 3.75837404e+04  1.19562687e+01 -2.32330196e+00 
 3.86812055e+04  1.19561341e+01 -2.39114017e+00 
 3.98107171e+04  1.19559916e+01 -2.46095899e+00 
 4.09732110e+04  1.19558406e+01 -2.53281621e+00 
 4.21696503e+04  1.19556807e+01 -2.60677133e+00 
 4.34010264e+04  1.19555113e+01 -2.68288558e+00 
 4.46683592e+04  1.19553319e+01 -2.76122197e+00 
 4.59726989e+04  1.19551418e+01 -2.84184534e+00 
 4.73151259e+04  1.19549404e+01 -2.92482244e+00 
 4.86967525e+04  1.19547271e+01 -3.01022194e+00 
 5.01187234e+04  1.19545012e+01 -3.09811454e+00 
 5.15822165e+04  1.19542619e+01 -3.18857296e+00 
 5.30884444e+04  1.19540084e+01 -3.28167209e+00 
 5.46386550e+04  1.19537399e+01 -3.37748895e+00 
 5.62341325e+04  1.19534554e+01 -3.47610284e+00 
 5.78761988e+04  1.19531541e+01 -3.57759535e+00 
 5.95662144e+04  1.19528349e+01 -3.68205046e+00 
 6.13055792e+04  1.19524968e+01 -3.78955457e+00 
 6.30957344e+04  1.19521386e+01 -3.90019661e+00 
 6.49381632e+04  1.19517592e+01 -4.01406810e+00 
 6.68343918e+04  1.19513573e+01 -4.13126323e+00 
 6.87859912e+04  1.19509316e+01 -4.25187890e+00 
 7.07945784e+04  1.19504807e+01 -4.37601485e+00 
 7.28618175e+04  1.19500029e+01 -4.50377372e+00 
 7.49894209e+04  1.19494969e+01 -4.63526113e+00 
 7.71791516e+04  1.19489608e+01 -4.77058575e+00 
 7.94328235e+04  1.19483930e+01 -4.90985943e+00 
 8.17523038e+04  1.19477915e+01 -5.05319725e+00 
 8.41395142e+04  1.19471542e+01 -5.20071764e+00 
 8.65964323e+04  1.19464792e+01 -5.35254247e+00 
 8.91250938e+04  1.19457641e+01 -5.50879712e+00 
 9.17275935e+04  1.19450066e+01 -5.66961063e+00 
 9.44060876e+04  1.19442042e+01 -5.83511577e+00 
 9.71627952e+04  1.19433541e+01 -6.00544915e+00 
 1.00000000e+05  1.19424536e+01 -6.18075132e+00 
 1.02920053e+05  1.19414996e+01 -6.36116693e+00 
 1.05925373e+05  1.19404890e+01 -6.54684478e+00 
 1.09018449e+05  1.19394184e+01 -6.73793798e+00 
 1.12201845e+05  1.19382843e+01 -6.93460406e+00 
 1.15478198e+05  1.19370828e+01 -7.13700509e+00 
 1.18850223e+05  1.19358099e+01 -7.34530782e+00 
 1.22320712e+05  1.19344614e+01 -7.55968378e+00 
 1.25892541e+05  1.19330329e+01 -7.78030946e+00 
 1.29568670e+05  1.19315194e+01 -8.00736640e+00 
 1.33352143e+05  1.19299161e+01 -8.24104137e+00 
 1.37246096e+05  1.19282174e+01 -8.48152649e+00 
 1.41253754e+05  1.19264178e+01 -8.72901939e+00 
 1.45378439e+05  1.19245112e+01 -8.98372332e+00 
 1.49623566e+05  1.19224912e+01 -9.24584737e+00 
 1.53992653e+05  1.19203511e+01 -9.51560659e+00 
 1.58489319e+05  1.19180837e+01 -9.79322214e+00 
 1.63117291e+05  1.19156814e+01 -1.00789215e+01 
 1.67880402e+05  1.19131361e+01 -1.03729385e+01 
 1.72782598e+05  1.19104393e+01 -1.06755137e+01 
 1.77827941e+05  1.19075820e+01 -1.09868945e+01 
 1.83020611e+05  1.19045544e+01 -1.13073350e+01 
 1.88364909e+05  1.19013465e+01 -1.16370968e+01 
 1.93865264e+05  1.18979474e+01 -1.19764487e+01 
 1.99526231e+05  1.18943457e+01 -1.23256668e+01 
 2.05352503e+05  1.18905293e+01 -1.26850352e+01 
 2.11348904e+05  1.18864852e+01 -1.30548457e+01 
 2.17520403e+05  1.18821997e+01 -1.34353983e+01 
 2.23872114e+05  1.18776585e+01 -1.38270010e+01 
 2.30409298e+05  1.18728461e+01 -1.42299705e+01 
 2.37137371e+05  1.18677462e+01 -1.46446321e+01 
 2.44061907e+05  1.18623415e+01 -1.50713197e+01 
 2.51188643e+05  1.18566136e+01 -1.55103766e+01 
 2.58523484e+05  1.18505431e+01 -1.59621549e+01 
 2.66072506e+05  1.18441093e+01 -1.64270162e+01 
 2.73841963e+05  1.18372903e+01 -1.69053316e+01 
 2.81838293e+05  1.18300627e+01 -1.73974821e+01 
 2.90068120e+05  1.18224020e+01 -1.79038583e+01 
 2.98538262e+05  1.18142818e+01 -1.84248609e+01 
 3.07255737e+05  1.18056743e+01 -1.89609008e+01 
 3.16227766e+05  1.17965500e+01 -1.95123990e+01 
 3.25461783e+05  1.17868776e+01 -2.00797872e+01 
 3.34965439e+05  1.17766237e+01 -2.06635071e+01 
 3.44746607e+05  1.17657530e+01 -2.12640113e+01 
 3.54813389e+05  1.17542280e+01 -2.18817628e+01 
 3.65174127e+05  1.17420089e+01 -2.25172352e+01 
 3.75837404e+05  1.17290533e+01 -2.31709127e+01 
 3.86812055e+05  1.17153164e+01 -2.38432897e+01 
 3.98107171e+05  1.17007506e+01 -2.45348713e+01 
 4.09732110e+05  1.16853051e+01 -2.52461725e+01 
 4.21696503e+05  1.16689263e+01 -2.59777185e+01 
 4.34010264e+05  1.16515571e+01 -2.67300441e+01 
 4.46683592e+05  1.16331371e+01 -2.75036931e+01 
 4.59726989e+05  1.16136019e+01 -2.82992186e+01 
 4.73151259e+05  1.15928834e+01 -2.91171817e+01 
 4.86967525e+05  1.15709094e+01 -2.99581511e+01 
 5.01187234e+05  1.15476029e+01 -3.08227025e+01 
 5.15822165e+05  1.15228828e+01 -3.17114175e+01 
 5.30884444e+05  1.14966626e+01 -3.26248825e+01 
 5.46386550e+05  1.14688511e+01 -3.35636875e+01 
 5.62341325e+05  1.14393514e+01 -3.45284250e+01 
 5.78761988e+05  1.14080609e+01 -3.55196877e+01 
 5.95662144e+05  1.13748711e+01 -3.65380675e+01 
 6.13055792e+05  1.13396672e+01 -3.75841528e+01 
 6.30957344e+05  1.13023279e+01 -3.86585267e+01 
 6.49381632e+05  1.12627251e+01 -3.97617638e+01 
 6.68343918e+05  1.12207235e+01 -4.08944278e+01 
 6.87859912e+05  1.11761805e+01 -4.20570683e+01 
 7.07945784e+05  1.11289462e+01 -4.32502169e+01 
 7.28618175e+05  1.10788627e+01 -4.44743836e+01 
 7.49894209e+05  1.10257640e+01 -4.57300526e+01 
 7.71791516e+05  1.09694763e+01 -4.70176773e+01 
 7.94328235e+05  1.09098175e+01 -4.83376759e+01 
 8.17523038e+05  1.08465973e+01 -4.96904255e+01 
 8.41395142e+05  1.07796171e+01 -5.10762568e+01 
 8.65964323e+05  1.07086704e+01 -5.24954477e+01 
 8.91250938e+05  1.06335427e+01 -5.39482172e+01 
 9.17275935e+05  1.05540120e+01 -5.54347186e+01 
 9.44060876e+05  1.04698489e+01 -5.69550327e+01 
 9.71627952e+05  1.03808176e+01 -5.85091610e+01 
 1.00000000e+06  1.02866761e+01 -6.00970182e+01 
 1.02920053e+06  1.01871774e+01 -6.17184257e+01 
 1.05925373e+06  1.00820702e+01 -6.33731046e+01 
 1.09018449e+06  9.97109995e+00 -6.50606691e+01 
 1.12201845e+06  9.85401051e+00 -6.67806206e+01 
 1.15478198e+06  9.73054520e+00 -6.85323421e+01 
 1.18850223e+06  9.60044856e+00 -7.03150941e+01 
 1.22320712e+06  9.46346809e+00 -7.21280102e+01 
 1.25892541e+06  9.31935608e+00 -7.39700955e+01 
 1.29568670e+06  9.16787165e+00 -7.58402250e+01 
 1.33352143e+06  9.00878276e+00 -7.77371440e+01 
 1.37246096e+06  8.84186840e+00 -7.96594705e+01 
 1.41253754e+06  8.66692072e+00 -8.16056989e+01 
 1.45378439e+06  8.48374718e+00 -8.35742058e+01 
 1.49623566e+06  8.29217264e+00 -8.55632572e+01 
 1.53992653e+06  8.09204131e+00 -8.75710183e+01 
 1.58489319e+06  7.88321863e+00 -8.95955649e+01 
 1.63117291e+06  7.66559285e+00 -9.16348957e+01 
 1.67880402e+06  7.43907651e+00 -9.36869472e+01 
 1.72782598e+06  7.20360750e+00 -9.57496092e+01 
 1.77827941e+06  6.95914994e+00 -9.78207413e+01 
 1.83020611e+06  6.70569471e+00 -9.98981903e+01 
 1.88364909e+06  6.44325958e+00 -1.01979808e+02 
 1.93865264e+06  6.17188906e+00 -1.04063469e+02 
 1.99526231e+06  5.89165392e+00 -1.06147087e+02 
 2.05352503e+06  5.60265034e+00 -1.08228632e+02 
 2.11348904e+06  5.30499880e+00 -1.10306147e+02 
 2.17520403e+06  4.99884268e+00 -1.12377761e+02 
 2.23872114e+06  4.68434665e+00 -1.14441702e+02 
 2.30409298e+06  4.36169484e+00 -1.16496307e+02 
 2.37137371e+06  4.03108888e+00 -1.18540036e+02 
 2.44061907e+06  3.69274585e+00 -1.20571472e+02 
 2.51188643e+06  3.34689615e+00 -1.22589334e+02 
 2.58523484e+06  2.99378138e+00 -1.24592476e+02 
 2.66072506e+06  2.63365221e+00 -1.26579891e+02 
 2.73841963e+06  2.26676635e+00 -1.28550710e+02 
 2.81838293e+06  1.89338660e+00 -1.30504203e+02 
 2.90068120e+06  1.51377897e+00 -1.32439774e+02 
 2.98538262e+06  1.12821102e+00 -1.34356959e+02 
 3.07255737e+06  7.36950256e-01 -1.36255420e+02 
 3.16227766e+06  3.40262756e-01 -1.38134941e+02 
 3.25461783e+06 -6.15880954e-02 -1.39995419e+02 
 3.34965439e+06 -4.68342682e-01 -1.41836863e+02 
 3.44746607e+06 -8.79746082e-01 -1.43659379e+02 
 3.54813389e+06 -1.29554885e+00 -1.45463171e+02 
 3.65174127e+06 -1.71550762e+00 -1.47248526e+02 
 3.75837404e+06 -2.13938567e+00 -1.49015816e+02 
 3.86812055e+06 -2.56695320e+00 -1.50765480e+02 
 3.98107171e+06 -2.99798768e+00 -1.52498027e+02 
 4.09732110e+06 -3.43227398e+00 -1.54214023e+02 
 4.21696503e+06 -3.86960444e+00 -1.55914088e+02 
 4.34010264e+06 -4.30977891e+00 -1.57598889e+02 
 4.46683592e+06 -4.75260462e+00 -1.59269132e+02 
 4.59726989e+06 -5.19789613e+00 -1.60925560e+02 
 4.73151259e+06 -5.64547513e+00 -1.62568948e+02 
 4.86967525e+06 -6.09517026e+00 -1.64200095e+02 
 5.01187234e+06 -6.54681686e+00 -1.65819822e+02 
 5.15822165e+06 -7.00025673e+00 -1.67428967e+02 
 5.30884444e+06 -7.45533788e+00 -1.69028381e+02 
 5.46386550e+06 -7.91191422e+00 -1.70618928e+02 
 5.62341325e+06 -8.36984533e+00 -1.72201473e+02 
 5.78761988e+06 -8.82899615e+00 -1.73776891e+02 
 5.95662144e+06 -9.28923670e+00 -1.75346052e+02 
 6.13055792e+06 -9.75044185e+00 -1.76909827e+02 
 6.30957344e+06 -1.02124910e+01 -1.78469081e+02 
 6.49381632e+06 -1.06752679e+01 -1.80024673e+02 
 6.68343918e+06 -1.11386604e+01 -1.81577449e+02 
 6.87859912e+06 -1.16025602e+01 -1.83128247e+02 
 7.07945784e+06 -1.20668627e+01 -1.84677889e+02 
 7.28618175e+06 -1.25314668e+01 -1.86227181e+02 
 7.49894209e+06 -1.29962748e+01 -1.87776911e+02 
 7.71791516e+06 -1.34611920e+01 -1.89327846e+02 
 7.94328235e+06 -1.39261270e+01 -1.90880732e+02 
 8.17523038e+06 -1.43909914e+01 -1.92436290e+02 
 8.41395142e+06 -1.48556996e+01 -1.93995214e+02 
 8.65964323e+06 -1.53201690e+01 -1.95558172e+02 
 8.91250938e+06 -1.57843199e+01 -1.97125801e+02 
 9.17275935e+06 -1.62480754e+01 -1.98698705e+02 
 9.44060876e+06 -1.67113614e+01 -2.00277456e+02 
 9.71627952e+06 -1.71741070e+01 -2.01862588e+02 
 1.00000000e+07 -1.76362442e+01 -2.03454602e+02 
 1.02920053e+07 -1.80977080e+01 -2.05053954e+02 
 1.05925373e+07 -1.85584368e+01 -2.06661064e+02 
 1.09018449e+07 -1.90183723e+01 -2.08276307e+02 
 1.12201845e+07 -1.94774599e+01 -2.09900013e+02 
 1.15478198e+07 -1.99356485e+01 -2.11532468e+02 
 1.18850223e+07 -2.03928909e+01 -2.13173910e+02 
 1.22320712e+07 -2.08491442e+01 -2.14824528e+02 
 1.25892541e+07 -2.13043696e+01 -2.16484461e+02 
 1.29568670e+07 -2.17585329e+01 -2.18153799e+02 
 1.33352143e+07 -2.22116047e+01 -2.19832577e+02 
 1.37246096e+07 -2.26635605e+01 -2.21520780e+02 
 1.41253754e+07 -2.31143811e+01 -2.23218339e+02 
 1.45378439e+07 -2.35640524e+01 -2.24925130e+02 
 1.49623566e+07 -2.40125663e+01 -2.26640977e+02 
 1.53992653e+07 -2.44599202e+01 -2.28365650e+02 
 1.58489319e+07 -2.49061175e+01 -2.30098865e+02 
 1.63117291e+07 -2.53511677e+01 -2.31840286e+02 
 1.67880402e+07 -2.57950864e+01 -2.33589522e+02 
 1.72782598e+07 -2.62378955e+01 -2.35346135e+02 
 1.77827941e+07 -2.66796231e+01 -2.37109633e+02 
 1.83020611e+07 -2.71203035e+01 -2.38879478e+02 
 1.88364909e+07 -2.75599774e+01 -2.40655085e+02 
 1.93865264e+07 -2.79986915e+01 -2.42435823e+02 
 1.99526231e+07 -2.84364983e+01 -2.44221019e+02 
 2.05352503e+07 -2.88734563e+01 -2.46009959e+02 
 2.11348904e+07 -2.93096293e+01 -2.47801893e+02 
 2.17520403e+07 -2.97450864e+01 -2.49596032e+02 
 2.23872114e+07 -3.01799016e+01 -2.51391559e+02 
 2.30409298e+07 -3.06141533e+01 -2.53187627e+02 
 2.37137371e+07 -3.10479238e+01 -2.54983360e+02 
 2.44061907e+07 -3.14812993e+01 -2.56777863e+02 
 2.51188643e+07 -3.19143688e+01 -2.58570219e+02 
 2.58523484e+07 -3.23472238e+01 -2.60359497e+02 
 2.66072506e+07 -3.27799580e+01 -2.62144752e+02 
 2.73841963e+07 -3.32126662e+01 -2.63925031e+02 
 2.81838293e+07 -3.36454441e+01 -2.65699375e+02 
 2.90068120e+07 -3.40783878e+01 -2.67466824e+02 
 2.98538262e+07 -3.45115927e+01 -2.69226417e+02 
 3.07255737e+07 -3.49451534e+01 -2.70977200e+02 
 3.16227766e+07 -3.53791630e+01 -2.72718228e+02 
 3.25461783e+07 -3.58137123e+01 -2.74448564e+02 
 3.34965439e+07 -3.62488897e+01 -2.76167290e+02 
 3.44746607e+07 -3.66847806e+01 -2.77873502e+02 
 3.54813389e+07 -3.71214666e+01 -2.79566319e+02 
 3.65174127e+07 -3.75590254e+01 -2.81244882e+02 
 3.75837404e+07 -3.79975307e+01 -2.82908358e+02 
 3.86812055e+07 -3.84370512e+01 -2.84555944e+02 
 3.98107171e+07 -3.88776510e+01 -2.86186866e+02 
 4.09732110e+07 -3.93193888e+01 -2.87800384e+02 
 4.21696503e+07 -3.97623184e+01 -2.89395791e+02 
 4.34010264e+07 -4.02064879e+01 -2.90972418e+02 
 4.46683592e+07 -4.06519401e+01 -2.92529634e+02 
 4.59726989e+07 -4.10987124e+01 -2.94066846e+02 
 4.73151259e+07 -4.15468365e+01 -2.95583500e+02 
 4.86967525e+07 -4.19963390e+01 -2.97079086e+02 
 5.01187234e+07 -4.24472411e+01 -2.98553134e+02 
 5.15822165e+07 -4.28995588e+01 -3.00005214e+02 
 5.30884444e+07 -4.33533033e+01 -3.01434942e+02 
 5.46386550e+07 -4.38084809e+01 -3.02841971e+02 
 5.62341325e+07 -4.42650935e+01 -3.04226001e+02 
 5.78761988e+07 -4.47231385e+01 -3.05586771e+02 
 5.95662144e+07 -4.51826096e+01 -3.06924059e+02 
 6.13055792e+07 -4.56434963e+01 -3.08237686e+02 
 6.30957344e+07 -4.61057850e+01 -3.09527510e+02 
 6.49381632e+07 -4.65694588e+01 -3.10793429e+02 
 6.68343918e+07 -4.70344977e+01 -3.12035377e+02 
 6.87859912e+07 -4.75008794e+01 -3.13253322e+02 
 7.07945784e+07 -4.79685789e+01 -3.14447268e+02 
 7.28618175e+07 -4.84375695e+01 -3.15617252e+02 
 7.49894209e+07 -4.89078223e+01 -3.16763342e+02 
 7.71791516e+07 -4.93793072e+01 -3.17885634e+02 
 7.94328235e+07 -4.98519926e+01 -3.18984255e+02 
 8.17523038e+07 -5.03258459e+01 -3.20059355e+02 
 8.41395142e+07 -5.08008336e+01 -3.21111111e+02 
 8.65964323e+07 -5.12769217e+01 -3.22139723e+02 
 8.91250938e+07 -5.17540756e+01 -3.23145412e+02 
 9.17275935e+07 -5.22322604e+01 -3.24128419e+02 
 9.44060876e+07 -5.27114413e+01 -3.25089002e+02 
 9.71627952e+07 -5.31915833e+01 -3.26027437e+02 
 1.00000000e+08 -5.36726517e+01 -3.26944014e+02 
 1.02920053e+08 -5.41546120e+01 -3.27839039e+02 
 1.05925373e+08 -5.46374303e+01 -3.28712827e+02 
 1.09018449e+08 -5.51210729e+01 -3.29565706e+02 
 1.12201845e+08 -5.56055069e+01 -3.30398012e+02 
 1.15478198e+08 -5.60907000e+01 -3.31210090e+02 
 1.18850223e+08 -5.65766205e+01 -3.32002292e+02 
 1.22320712e+08 -5.70632377e+01 -3.32774977e+02 
 1.25892541e+08 -5.75505214e+01 -3.33528506e+02 
 1.29568670e+08 -5.80384424e+01 -3.34263246e+02 
 1.33352143e+08 -5.85269724e+01 -3.34979567e+02 
 1.37246096e+08 -5.90160839e+01 -3.35677839e+02 
 1.41253754e+08 -5.95057503e+01 -3.36358437e+02 
 1.45378439e+08 -5.99959460e+01 -3.37021731e+02 
 1.49623566e+08 -6.04866462e+01 -3.37668096e+02 
 1.53992653e+08 -6.09778271e+01 -3.38297903e+02 
 1.58489319e+08 -6.14694656e+01 -3.38911521e+02 
 1.63117291e+08 -6.19615396e+01 -3.39509321e+02 
 1.67880402e+08 -6.24540281e+01 -3.40091666e+02 
 1.72782598e+08 -6.29469106e+01 -3.40658920e+02 
 1.77827941e+08 -6.34401677e+01 -3.41211442e+02 
 1.83020611e+08 -6.39337806e+01 -3.41749588e+02 
 1.88364909e+08 -6.44277315e+01 -3.42273710e+02 
 1.93865264e+08 -6.49220033e+01 -3.42784153e+02 
 1.99526231e+08 -6.54165797e+01 -3.43281262e+02 
 2.05352503e+08 -6.59114450e+01 -3.43765373e+02 
 2.11348904e+08 -6.64065845e+01 -3.44236821e+02 
 2.17520403e+08 -6.69019838e+01 -3.44695931e+02 
 2.23872114e+08 -6.73976295e+01 -3.45143027e+02 
 2.30409298e+08 -6.78935086e+01 -3.45578425e+02 
 2.37137371e+08 -6.83896089e+01 -3.46002438e+02 
 2.44061907e+08 -6.88859186e+01 -3.46415370e+02 
 2.51188643e+08 -6.93824267e+01 -3.46817523e+02 
 2.58523484e+08 -6.98791226e+01 -3.47209192e+02 
 2.66072506e+08 -7.03759961e+01 -3.47590664e+02 
 2.73841963e+08 -7.08730377e+01 -3.47962224e+02 
 2.81838293e+08 -7.13702383e+01 -3.48324151e+02 
 2.90068120e+08 -7.18675892e+01 -3.48676715e+02 
 2.98538262e+08 -7.23650823e+01 -3.49020184e+02 
 3.07255737e+08 -7.28627096e+01 -3.49354819e+02 
 3.16227766e+08 -7.33604639e+01 -3.49680876e+02 
 3.25461783e+08 -7.38583381e+01 -3.49998606e+02 
 3.34965439e+08 -7.43563254e+01 -3.50308253e+02 
 3.44746607e+08 -7.48544195e+01 -3.50610057e+02 
 3.54813389e+08 -7.53526145e+01 -3.50904254e+02 
 3.65174127e+08 -7.58509045e+01 -3.51191073e+02 
 3.75837404e+08 -7.63492841e+01 -3.51470738e+02 
 3.86812055e+08 -7.68477482e+01 -3.51743470e+02 
 3.98107171e+08 -7.73462918e+01 -3.52009483e+02 
 4.09732110e+08 -7.78449103e+01 -3.52268989e+02 
 4.21696503e+08 -7.83435992e+01 -3.52522192e+02 
 4.34010264e+08 -7.88423544e+01 -3.52769294e+02 
 4.46683592e+08 -7.93411718e+01 -3.53010492e+02 
 4.59726989e+08 -7.98400476e+01 -3.53245979e+02 
 4.73151259e+08 -8.03389782e+01 -3.53475943e+02 
 4.86967525e+08 -8.08379600e+01 -3.53700569e+02 
 5.01187234e+08 -8.13369899e+01 -3.53920037e+02 
 5.15822165e+08 -8.18360647e+01 -3.54134525e+02 
 5.30884444e+08 -8.23351812e+01 -3.54344204e+02 
 5.46386550e+08 -8.28343368e+01 -3.54549246e+02 
 5.62341325e+08 -8.33335286e+01 -3.54749814e+02 
 5.78761988e+08 -8.38327539e+01 -3.54946073e+02 
 5.95662144e+08 -8.43320103e+01 -3.55138182e+02 
 6.13055792e+08 -8.48312953e+01 -3.55326295e+02 
 6.30957344e+08 -8.53306066e+01 -3.55510568e+02 
 6.49381632e+08 -8.58299420e+01 -3.55691149e+02 
 6.68343918e+08 -8.63292991e+01 -3.55868186e+02 
 6.87859912e+08 -8.68286760e+01 -3.56041823e+02 
 7.07945784e+08 -8.73280706e+01 -3.56212203e+02 
 7.28618175e+08 -8.78274809e+01 -3.56379464e+02 
 7.49894209e+08 -8.83269050e+01 -3.56543743e+02 
 7.71791516e+08 -8.88263409e+01 -3.56705175e+02 
 7.94328235e+08 -8.93257868e+01 -3.56863893e+02 
 8.17523038e+08 -8.98252409e+01 -3.57020026e+02 
 8.41395142e+08 -9.03247014e+01 -3.57173703e+02 
 8.65964323e+08 -9.08241665e+01 -3.57325049e+02 
 8.91250938e+08 -9.13236344e+01 -3.57474189e+02 
 9.17275935e+08 -9.18231035e+01 -3.57621246e+02 
 9.44060876e+08 -9.23225719e+01 -3.57766341e+02 
 9.71627952e+08 -9.28220378e+01 -3.57909592e+02 
 1.00000000e+09 -9.33214996e+01 -3.58051118e+02 
