 frequency       onoise_spectrum inoise_spectrum
 1.00000000e+00  9.03903065e-06  3.00789467e-07 
 1.02329299e+00  8.94715687e-06  2.97732207e-07 
 1.04712855e+00  8.85622971e-06  2.94706448e-07 
 1.07151931e+00  8.76623929e-06  2.91711860e-07 
 1.09647820e+00  8.67717582e-06  2.88748118e-07 
 1.12201845e+00  8.58902960e-06  2.85814899e-07 
 1.14815362e+00  8.50179106e-06  2.82911885e-07 
 1.17489755e+00  8.41545071e-06  2.80038760e-07 
 1.20226443e+00  8.32999918e-06  2.77195211e-07 
 1.23026877e+00  8.24542718e-06  2.74380931e-07 
 1.25892541e+00  8.16172552e-06  2.71595613e-07 
 1.28824955e+00  8.07888513e-06  2.68838955e-07 
 1.31825674e+00  7.99689702e-06  2.66110658e-07 
 1.34896288e+00  7.91575228e-06  2.63410425e-07 
 1.38038426e+00  7.83544212e-06  2.60737965e-07 
 1.41253754e+00  7.75595784e-06  2.58092987e-07 
 1.44543977e+00  7.67729081e-06  2.55475205e-07 
 1.47910839e+00  7.59943253e-06  2.52884335e-07 
 1.51356125e+00  7.52237454e-06  2.50320097e-07 
 1.54881662e+00  7.44610852e-06  2.47782212e-07 
 1.58489319e+00  7.37062620e-06  2.45270407e-07 
 1.62181010e+00  7.29591943e-06  2.42784409e-07 
 1.65958691e+00  7.22198011e-06  2.40323950e-07 
 1.69824365e+00  7.14880025e-06  2.37888763e-07 
 1.73780083e+00  7.07637194e-06  2.35478585e-07 
 1.77827941e+00  7.00468736e-06  2.33093156e-07 
 1.81970086e+00  6.93373876e-06  2.30732217e-07 
 1.86208714e+00  6.86351847e-06  2.28395515e-07 
 1.90546072e+00  6.79401892e-06  2.26082797e-07 
 1.94984460e+00  6.72523261e-06  2.23793813e-07 
 1.99526231e+00  6.65715211e-06  2.21528316e-07 
 2.04173794e+00  6.58977008e-06  2.19286061e-07 
 2.08929613e+00  6.52307925e-06  2.17066808e-07 
 2.13796209e+00  6.45707244e-06  2.14870316e-07 
 2.18776162e+00  6.39174253e-06  2.12696350e-07 
 2.23872114e+00  6.32708248e-06  2.10544675e-07 
 2.29086765e+00  6.26308533e-06  2.08415058e-07 
 2.34422882e+00  6.19974420e-06  2.06307272e-07 
 2.39883292e+00  6.13705226e-06  2.04221088e-07 
 2.45470892e+00  6.07500276e-06  2.02156283e-07 
 2.51188643e+00  6.01358904e-06  2.00112635e-07 
 2.57039578e+00  5.95280449e-06  1.98089924e-07 
 2.63026799e+00  5.89264258e-06  1.96087931e-07 
 2.69153480e+00  5.83309684e-06  1.94106443e-07 
 2.75422870e+00  5.77416087e-06  1.92145246e-07 
 2.81838293e+00  5.71582835e-06  1.90204130e-07 
 2.88403150e+00  5.65809301e-06  1.88282886e-07 
 2.95120923e+00  5.60094866e-06  1.86381309e-07 
 3.01995172e+00  5.54438916e-06  1.84499193e-07 
 3.09029543e+00  5.48840846e-06  1.82636338e-07 
 3.16227766e+00  5.43300053e-06  1.80792543e-07 
 3.23593657e+00  5.37815946e-06  1.78967611e-07 
 3.31131121e+00  5.32387935e-06  1.77161346e-07 
 3.38844156e+00  5.27015440e-06  1.75373554e-07 
 3.46736850e+00  5.21697886e-06  1.73604046e-07 
 3.54813389e+00  5.16434702e-06  1.71852630e-07 
 3.63078055e+00  5.11225325e-06  1.70119119e-07 
 3.71535229e+00  5.06069199e-06  1.68403328e-07 
 3.80189396e+00  5.00965771e-06  1.66705074e-07 
 3.89045145e+00  4.95914496e-06  1.65024174e-07 
 3.98107171e+00  4.90914835e-06  1.63360450e-07 
 4.07380278e+00  4.85966252e-06  1.61713723e-07 
 4.16869383e+00  4.81068219e-06  1.60083817e-07 
 4.26579519e+00  4.76220212e-06  1.58470559e-07 
 4.36515832e+00  4.71421716e-06  1.56873776e-07 
 4.46683592e+00  4.66672216e-06  1.55293297e-07 
 4.57088190e+00  4.61971207e-06  1.53728954e-07 
 4.67735141e+00  4.57318187e-06  1.52180581e-07 
 4.78630092e+00  4.52712659e-06  1.50648012e-07 
 4.89778819e+00  4.48154134e-06  1.49131083e-07 
 5.01187234e+00  4.43642124e-06  1.47629633e-07 
 5.12861384e+00  4.39176150e-06  1.46143503e-07 
 5.24807460e+00  4.34755735e-06  1.44672533e-07 
 5.37031796e+00  4.30380409e-06  1.43216567e-07 
 5.49540874e+00  4.26049707e-06  1.41775450e-07 
 5.62341325e+00  4.21763167e-06  1.40349030e-07 
 5.75439937e+00  4.17520333e-06  1.38937153e-07 
 5.88843655e+00  4.13320755e-06  1.37539670e-07 
 6.02559586e+00  4.09163985e-06  1.36156433e-07 
 6.16595002e+00  4.05049582e-06  1.34787294e-07 
 6.30957344e+00  4.00977110e-06  1.33432108e-07 
 6.45654229e+00  3.96946134e-06  1.32090730e-07 
 6.60693448e+00  3.92956228e-06  1.30763020e-07 
 6.76082975e+00  3.89006967e-06  1.29448835e-07 
 6.91830971e+00  3.85097933e-06  1.28148036e-07 
 7.07945784e+00  3.81228711e-06  1.26860485e-07 
 7.24435960e+00  3.77398891e-06  1.25586045e-07 
 7.41310241e+00  3.73608066e-06  1.24324582e-07 
 7.58577575e+00  3.69855834e-06  1.23075962e-07 
 7.76247117e+00  3.66141799e-06  1.21840052e-07 
 7.94328235e+00  3.62465566e-06  1.20616722e-07 
 8.12830516e+00  3.58826746e-06  1.19405841e-07 
 8.31763771e+00  3.55224955e-06  1.18207282e-07 
 8.51138038e+00  3.51659810e-06  1.17020918e-07 
 8.70963590e+00  3.48130935e-06  1.15846624e-07 
 8.91250938e+00  3.44637957e-06  1.14684275e-07 
 9.12010839e+00  3.41180505e-06  1.13533747e-07 
 9.33254301e+00  3.37758215e-06  1.12394921e-07 
 9.54992586e+00  3.34370725e-06  1.11267675e-07 
 9.77237221e+00  3.31017676e-06  1.10151889e-07 
 1.00000000e+01  3.27698716e-06  1.09047448e-07 
 1.02329299e+01  3.24413493e-06  1.07954232e-07 
 1.04712855e+01  3.21161660e-06  1.06872129e-07 
 1.07151931e+01  3.17942875e-06  1.05801022e-07 
 1.09647820e+01  3.14756798e-06  1.04740799e-07 
 1.12201845e+01  3.11603092e-06  1.03691349e-07 
 1.14815362e+01  3.08481426e-06  1.02652560e-07 
 1.17489755e+01  3.05391470e-06  1.01624324e-07 
 1.20226443e+01  3.02332899e-06  1.00606531e-07 
 1.23026877e+01  2.99305390e-06  9.95990747e-08 
 1.25892541e+01  2.96308626e-06  9.86018490e-08 
 1.28824955e+01  2.93342289e-06  9.76147488e-08 
 1.31825674e+01  2.90406068e-06  9.66376703e-08 
 1.34896288e+01  2.87499654e-06  9.56705106e-08 
 1.38038426e+01  2.84622742e-06  9.47131679e-08 
 1.41253754e+01  2.81775028e-06  9.37655416e-08 
 1.44543977e+01  2.78956214e-06  9.28275321e-08 
 1.47910839e+01  2.76166002e-06  9.18990408e-08 
 1.51356125e+01  2.73404101e-06  9.09799701e-08 
 1.54881662e+01  2.70670220e-06  9.00702235e-08 
 1.58489319e+01  2.67964071e-06  8.91697055e-08 
 1.62181010e+01  2.65285371e-06  8.82783215e-08 
 1.65958691e+01  2.62633839e-06  8.73959780e-08 
 1.69824365e+01  2.60009196e-06  8.65225824e-08 
 1.73780083e+01  2.57411167e-06  8.56580431e-08 
 1.77827941e+01  2.54839480e-06  8.48022694e-08 
 1.81970086e+01  2.52293864e-06  8.39551717e-08 
 1.86208714e+01  2.49774055e-06  8.31166611e-08 
 1.90546072e+01  2.47279786e-06  8.22866499e-08 
 1.94984460e+01  2.44810797e-06  8.14650510e-08 
 1.99526231e+01  2.42366830e-06  8.06517785e-08 
 2.04173794e+01  2.39947629e-06  7.98467472e-08 
 2.08929613e+01  2.37552940e-06  7.90498728e-08 
 2.13796209e+01  2.35182513e-06  7.82610720e-08 
 2.18776162e+01  2.32836101e-06  7.74802624e-08 
 2.23872114e+01  2.30513457e-06  7.67073622e-08 
 2.29086765e+01  2.28214338e-06  7.59422906e-08 
 2.34422882e+01  2.25938506e-06  7.51849677e-08 
 2.39883292e+01  2.23685721e-06  7.44353144e-08 
 2.45470892e+01  2.21455749e-06  7.36932524e-08 
 2.51188643e+01  2.19248357e-06  7.29587042e-08 
 2.57039578e+01  2.17063314e-06  7.22315932e-08 
 2.63026799e+01  2.14900392e-06  7.15118433e-08 
 2.69153480e+01  2.12759366e-06  7.07993796e-08 
 2.75422870e+01  2.10640012e-06  7.00941278e-08 
 2.81838293e+01  2.08542109e-06  6.93960142e-08 
 2.88403150e+01  2.06465439e-06  6.87049662e-08 
 2.95120923e+01  2.04409786e-06  6.80209116e-08 
 3.01995172e+01  2.02374934e-06  6.73437793e-08 
 3.09029543e+01  2.00360672e-06  6.66734987e-08 
 3.16227766e+01  1.98366791e-06  6.60100001e-08 
 3.23593657e+01  1.96393083e-06  6.53532142e-08 
 3.31131121e+01  1.94439341e-06  6.47030729e-08 
 3.38844156e+01  1.92505364e-06  6.40595084e-08 
 3.46736850e+01  1.90590950e-06  6.34224538e-08 
 3.54813389e+01  1.88695900e-06  6.27918429e-08 
 3.63078055e+01  1.86820016e-06  6.21676100e-08 
 3.71535229e+01  1.84963105e-06  6.15496904e-08 
 3.80189396e+01  1.83124972e-06  6.09380198e-08 
 3.89045145e+01  1.81305428e-06  6.03325347e-08 
 3.98107171e+01  1.79504282e-06  5.97331722e-08 
 4.07380278e+01  1.77721349e-06  5.91398700e-08 
 4.16869383e+01  1.75956442e-06  5.85525667e-08 
 4.26579519e+01  1.74209379e-06  5.79712012e-08 
 4.36515832e+01  1.72479979e-06  5.73957133e-08 
 4.46683592e+01  1.70768063e-06  5.68260432e-08 
 4.57088190e+01  1.69073452e-06  5.62621319e-08 
 4.67735141e+01  1.67395971e-06  5.57039210e-08 
 4.78630092e+01  1.65735446e-06  5.51513525e-08 
 4.89778819e+01  1.64091706e-06  5.46043694e-08 
 5.01187234e+01  1.62464579e-06  5.40629148e-08 
 5.12861384e+01  1.60853899e-06  5.35269328e-08 
 5.24807460e+01  1.59259497e-06  5.29963678e-08 
 5.37031796e+01  1.57681209e-06  5.24711650e-08 
 5.49540874e+01  1.56118871e-06  5.19512699e-08 
 5.62341325e+01  1.54572322e-06  5.14366289e-08 
 5.75439937e+01  1.53041402e-06  5.09271888e-08 
 5.88843655e+01  1.51525953e-06  5.04228967e-08 
 6.02559586e+01  1.50025818e-06  4.99237007e-08 
 6.16595002e+01  1.48540842e-06  4.94295492e-08 
 6.30957344e+01  1.47070872e-06  4.89403910e-08 
 6.45654229e+01  1.45615756e-06  4.84561757e-08 
 6.60693448e+01  1.44175343e-06  4.79768533e-08 
 6.76082975e+01  1.42749485e-06  4.75023743e-08 
 6.91830971e+01  1.41338035e-06  4.70326897e-08 
 7.07945784e+01  1.39940847e-06  4.65677511e-08 
 7.24435960e+01  1.38557777e-06  4.61075106e-08 
 7.41310241e+01  1.37188683e-06  4.56519206e-08 
 7.58577575e+01  1.35833422e-06  4.52009342e-08 
 7.76247117e+01  1.34491857e-06  4.47545049e-08 
 7.94328235e+01  1.33163848e-06  4.43125868e-08 
 8.12830516e+01  1.31849258e-06  4.38751342e-08 
 8.31763771e+01  1.30547953e-06  4.34421022e-08 
 8.51138038e+01  1.29259797e-06  4.30134462e-08 
 8.70963590e+01  1.27984660e-06  4.25891219e-08 
 8.91250938e+01  1.26722408e-06  4.21690859e-08 
 9.12010839e+01  1.25472913e-06  4.17532947e-08 
 9.33254301e+01  1.24236047e-06  4.13417058e-08 
 9.54992586e+01  1.23011681e-06  4.09342767e-08 
 9.77237221e+01  1.21799689e-06  4.05309656e-08 
 1.00000000e+02  1.20599949e-06  4.01317310e-08 
 1.02329299e+02  1.19412335e-06  3.97365318e-08 
 1.04712855e+02  1.18236726e-06  3.93453276e-08 
 1.07151931e+02  1.17073001e-06  3.89580780e-08 
 1.09647820e+02  1.15921042e-06  3.85747434e-08 
 1.12201845e+02  1.14780728e-06  3.81952844e-08 
 1.14815362e+02  1.13651945e-06  3.78196620e-08 
 1.17489755e+02  1.12534575e-06  3.74478377e-08 
 1.20226443e+02  1.11428504e-06  3.70797733e-08 
 1.23026877e+02  1.10333618e-06  3.67154311e-08 
 1.25892541e+02  1.09249806e-06  3.63547738e-08 
 1.28824955e+02  1.08176956e-06  3.59977643e-08 
 1.31825674e+02  1.07114958e-06  3.56443661e-08 
 1.34896288e+02  1.06063704e-06  3.52945430e-08 
 1.38038426e+02  1.05023085e-06  3.49482591e-08 
 1.41253754e+02  1.03992996e-06  3.46054789e-08 
 1.44543977e+02  1.02973330e-06  3.42661674e-08 
 1.47910839e+02  1.01963984e-06  3.39302898e-08 
 1.51356125e+02  1.00964853e-06  3.35978118e-08 
 1.54881662e+02  9.99758361e-07  3.32686993e-08 
 1.58489319e+02  9.89968318e-07  3.29429186e-08 
 1.62181010e+02  9.80277399e-07  3.26204364e-08 
 1.65958691e+02  9.70684613e-07  3.23012198e-08 
 1.69824365e+02  9.61188980e-07  3.19852362e-08 
 1.73780083e+02  9.51789528e-07  3.16724531e-08 
 1.77827941e+02  9.42485297e-07  3.13628387e-08 
 1.81970086e+02  9.33275337e-07  3.10563613e-08 
 1.86208714e+02  9.24158707e-07  3.07529896e-08 
 1.90546072e+02  9.15134476e-07  3.04526926e-08 
 1.94984460e+02  9.06201722e-07  3.01554398e-08 
 1.99526231e+02  8.97359533e-07  2.98612006e-08 
 2.04173794e+02  8.88607007e-07  2.95699451e-08 
 2.08929613e+02  8.79943251e-07  2.92816436e-08 
 2.13796209e+02  8.71367382e-07  2.89962667e-08 
 2.18776162e+02  8.62878523e-07  2.87137852e-08 
 2.23872114e+02  8.54475810e-07  2.84341704e-08 
 2.29086765e+02  8.46158386e-07  2.81573937e-08 
 2.34422882e+02  8.37925403e-07  2.78834269e-08 
 2.39883292e+02  8.29776021e-07  2.76122421e-08 
 2.45470892e+02  8.21709412e-07  2.73438117e-08 
 2.51188643e+02  8.13724752e-07  2.70781083e-08 
 2.57039578e+02  8.05821228e-07  2.68151049e-08 
 2.63026799e+02  7.97998036e-07  2.65547747e-08 
 2.69153480e+02  7.90254379e-07  2.62970911e-08 
 2.75422870e+02  7.82589468e-07  2.60420279e-08 
 2.81838293e+02  7.75002525e-07  2.57895593e-08 
 2.88403150e+02  7.67492775e-07  2.55396594e-08 
 2.95120923e+02  7.60059456e-07  2.52923028e-08 
 3.01995172e+02  7.52701811e-07  2.50474645e-08 
 3.09029543e+02  7.45419092e-07  2.48051194e-08 
 3.16227766e+02  7.38210558e-07  2.45652430e-08 
 3.23593657e+02  7.31075477e-07  2.43278109e-08 
 3.31131121e+02  7.24013122e-07  2.40927989e-08 
 3.38844156e+02  7.17022777e-07  2.38601831e-08 
 3.46736850e+02  7.10103730e-07  2.36299399e-08 
 3.54813389e+02  7.03255280e-07  2.34020459e-08 
 3.63078055e+02  6.96476729e-07  2.31764779e-08 
 3.71535229e+02  6.89767389e-07  2.29532131e-08 
 3.80189396e+02  6.83126579e-07  2.27322287e-08 
 3.89045145e+02  6.76553625e-07  2.25135024e-08 
 3.98107171e+02  6.70047860e-07  2.22970119e-08 
 4.07380278e+02  6.63608622e-07  2.20827352e-08 
 4.16869383e+02  6.57235258e-07  2.18706505e-08 
 4.26579519e+02  6.50927121e-07  2.16607365e-08 
 4.36515832e+02  6.44683572e-07  2.14529717e-08 
 4.46683592e+02  6.38503976e-07  2.12473350e-08 
 4.57088190e+02  6.32387706e-07  2.10438057e-08 
 4.67735141e+02  6.26334143e-07  2.08423630e-08 
 4.78630092e+02  6.20342672e-07  2.06429866e-08 
 4.89778819e+02  6.14412685e-07  2.04456562e-08 
 5.01187234e+02  6.08543581e-07  2.02503517e-08 
 5.12861384e+02  6.02734765e-07  2.00570535e-08 
 5.24807460e+02  5.96985648e-07  1.98657418e-08 
 5.37031796e+02  5.91295647e-07  1.96763974e-08 
 5.49540874e+02  5.85664185e-07  1.94890009e-08 
 5.62341325e+02  5.80090691e-07  1.93035334e-08 
 5.75439937e+02  5.74574601e-07  1.91199762e-08 
 5.88843655e+02  5.69115355e-07  1.89383105e-08 
 6.02559586e+02  5.63712399e-07  1.87585181e-08 
 6.16595002e+02  5.58365187e-07  1.85805806e-08 
 6.30957344e+02  5.53073177e-07  1.84044800e-08 
 6.45654229e+02  5.47835831e-07  1.82301985e-08 
 6.60693448e+02  5.42652620e-07  1.80577184e-08 
 6.76082975e+02  5.37523017e-07  1.78870223e-08 
 6.91830971e+02  5.32446504e-07  1.77180929e-08 
 7.07945784e+02  5.27422566e-07  1.75509129e-08 
 7.24435960e+02  5.22450694e-07  1.73854656e-08 
 7.41310241e+02  5.17530383e-07  1.72217341e-08 
 7.58577575e+02  5.12661136e-07  1.70597018e-08 
 7.76247117e+02  5.07842458e-07  1.68993523e-08 
 7.94328235e+02  5.03073862e-07  1.67406694e-08 
 8.12830516e+02  4.98354865e-07  1.65836370e-08 
 8.31763771e+02  4.93684987e-07  1.64282391e-08 
 8.51138038e+02  4.89063755e-07  1.62744601e-08 
 8.70963590e+02  4.84490702e-07  1.61222842e-08 
 8.91250938e+02  4.79965362e-07  1.59716962e-08 
 9.12010839e+02  4.75487279e-07  1.58226807e-08 
 9.33254301e+02  4.71055997e-07  1.56752226e-08 
 9.54992586e+02  4.66671067e-07  1.55293070e-08 
 9.77237221e+02  4.62332044e-07  1.53849191e-08 
 1.00000000e+03  4.58038489e-07  1.52420441e-08 
 1.02329299e+03  4.53789965e-07  1.51006678e-08 
 1.04712855e+03  4.49586042e-07  1.49607755e-08 
 1.07151931e+03  4.45426292e-07  1.48223533e-08 
 1.09647820e+03  4.41310293e-07  1.46853870e-08 
 1.12201845e+03  4.37237629e-07  1.45498627e-08 
 1.14815362e+03  4.33207883e-07  1.44157667e-08 
 1.17489755e+03  4.29220649e-07  1.42830853e-08 
 1.20226443e+03  4.25275519e-07  1.41518051e-08 
 1.23026877e+03  4.21372094e-07  1.40219127e-08 
 1.25892541e+03  4.17509977e-07  1.38933948e-08 
 1.28824955e+03  4.13688773e-07  1.37662386e-08 
 1.31825674e+03  4.09908096e-07  1.36404309e-08 
 1.34896288e+03  4.06167559e-07  1.35159590e-08 
 1.38038426e+03  4.02466783e-07  1.33928103e-08 
 1.41253754e+03  3.98805390e-07  1.32709721e-08 
 1.44543977e+03  3.95183006e-07  1.31504321e-08 
 1.47910839e+03  3.91599264e-07  1.30311779e-08 
 1.51356125e+03  3.88053796e-07  1.29131975e-08 
 1.54881662e+03  3.84546243e-07  1.27964788e-08 
 1.58489319e+03  3.81076244e-07  1.26810098e-08 
 1.62181010e+03  3.77643446e-07  1.25667788e-08 
 1.65958691e+03  3.74247498e-07  1.24537741e-08 
 1.69824365e+03  3.70888053e-07  1.23419842e-08 
 1.73780083e+03  3.67564766e-07  1.22313975e-08 
 1.77827941e+03  3.64277299e-07  1.21220028e-08 
 1.81970086e+03  3.61025312e-07  1.20137889e-08 
 1.86208714e+03  3.57808475e-07  1.19067447e-08 
 1.90546072e+03  3.54626455e-07  1.18008592e-08 
 1.94984460e+03  3.51478926e-07  1.16961215e-08 
 1.99526231e+03  3.48365566e-07  1.15925208e-08 
 2.04173794e+03  3.45286053e-07  1.14900466e-08 
 2.08929613e+03  3.42240071e-07  1.13886882e-08 
 2.13796209e+03  3.39227306e-07  1.12884353e-08 
 2.18776162e+03  3.36247446e-07  1.11892774e-08 
 2.23872114e+03  3.33300186e-07  1.10912044e-08 
 2.29086765e+03  3.30385219e-07  1.09942062e-08 
 2.34422882e+03  3.27502244e-07  1.08982726e-08 
 2.39883292e+03  3.24650963e-07  1.08033937e-08 
 2.45470892e+03  3.21831080e-07  1.07095598e-08 
 2.51188643e+03  3.19042303e-07  1.06167611e-08 
 2.57039578e+03  3.16284342e-07  1.05249880e-08 
 2.63026799e+03  3.13556909e-07  1.04342308e-08 
 2.69153480e+03  3.10859720e-07  1.03444802e-08 
 2.75422870e+03  3.08192495e-07  1.02557268e-08 
 2.81838293e+03  3.05554954e-07  1.01679613e-08 
 2.88403150e+03  3.02946822e-07  1.00811745e-08 
 2.95120923e+03  3.00367825e-07  9.99535742e-09 
 3.01995172e+03  2.97817692e-07  9.91050098e-09 
 3.09029543e+03  2.95296156e-07  9.82659628e-09 
 3.16227766e+03  2.92802951e-07  9.74363450e-09 
 3.23593657e+03  2.90337815e-07  9.66160688e-09 
 3.31131121e+03  2.87900485e-07  9.58050477e-09 
 3.38844156e+03  2.85490706e-07  9.50031960e-09 
 3.46736850e+03  2.83108221e-07  9.42104285e-09 
 3.54813389e+03  2.80752776e-07  9.34266612e-09 
 3.63078055e+03  2.78424122e-07  9.26518107e-09 
 3.71535229e+03  2.76122010e-07  9.18857944e-09 
 3.80189396e+03  2.73846194e-07  9.11285305e-09 
 3.89045145e+03  2.71596429e-07  9.03799379e-09 
 3.98107171e+03  2.69372474e-07  8.96399363e-09 
 4.07380278e+03  2.67174091e-07  8.89084462e-09 
 4.16869383e+03  2.65001041e-07  8.81853886e-09 
 4.26579519e+03  2.62853090e-07  8.74706855e-09 
 4.36515832e+03  2.60730004e-07  8.67642595e-09 
 4.46683592e+03  2.58631554e-07  8.60660338e-09 
 4.57088190e+03  2.56557509e-07  8.53759324e-09 
 4.67735141e+03  2.54507644e-07  8.46938801e-09 
 4.78630092e+03  2.52481734e-07  8.40198021e-09 
 4.89778819e+03  2.50479555e-07  8.33536244e-09 
 5.01187234e+03  2.48500888e-07  8.26952737e-09 
 5.12861384e+03  2.46545512e-07  8.20446773e-09 
 5.24807460e+03  2.44613212e-07  8.14017631e-09 
 5.37031796e+03  2.42703772e-07  8.07664596e-09 
 5.49540874e+03  2.40816979e-07  8.01386960e-09 
 5.62341325e+03  2.38952621e-07  7.95184021e-09 
 5.75439937e+03  2.37110488e-07  7.89055083e-09 
 5.88843655e+03  2.35290373e-07  7.82999456e-09 
 6.02559586e+03  2.33492069e-07  7.77016453e-09 
 6.16595002e+03  2.31715372e-07  7.71105398e-09 
 6.30957344e+03  2.29960079e-07  7.65265617e-09 
 6.45654229e+03  2.28225989e-07  7.59496441e-09 
 6.60693448e+03  2.26512901e-07  7.53797209e-09 
 6.76082975e+03  2.24820618e-07  7.48167265e-09 
 6.91830971e+03  2.23148944e-07  7.42605956e-09 
 7.07945784e+03  2.21497684e-07  7.37112636e-09 
 7.24435960e+03  2.19866643e-07  7.31686664e-09 
 7.41310241e+03  2.18255631e-07  7.26327405e-09 
 7.58577575e+03  2.16664457e-07  7.21034227e-09 
 7.76247117e+03  2.15092931e-07  7.15806504e-09 
 7.94328235e+03  2.13540867e-07  7.10643615e-09 
 8.12830516e+03  2.12008078e-07  7.05544944e-09 
 8.31763771e+03  2.10494380e-07  7.00509878e-09 
 8.51138038e+03  2.08999588e-07  6.95537811e-09 
 8.70963590e+03  2.07523521e-07  6.90628140e-09 
 8.91250938e+03  2.06065998e-07  6.85780268e-09 
 9.12010839e+03  2.04626840e-07  6.80993600e-09 
 9.33254301e+03  2.03205868e-07  6.76267547e-09 
 9.54992586e+03  2.01802905e-07  6.71601525e-09 
 9.77237221e+03  2.00417776e-07  6.66994952e-09 
 1.00000000e+04  1.99050305e-07  6.62447253e-09 
 1.02329299e+04  1.97700320e-07  6.57957855e-09 
 1.04712855e+04  1.96367649e-07  6.53526190e-09 
 1.07151931e+04  1.95052119e-07  6.49151694e-09 
 1.09647820e+04  1.93753562e-07  6.44833805e-09 
 1.12201845e+04  1.92471808e-07  6.40571969e-09 
 1.14815362e+04  1.91206690e-07  6.36365632e-09 
 1.17489755e+04  1.89958041e-07  6.32214245e-09 
 1.20226443e+04  1.88725695e-07  6.28117264e-09 
 1.23026877e+04  1.87509487e-07  6.24074148e-09 
 1.25892541e+04  1.86309255e-07  6.20084358e-09 
 1.28824955e+04  1.85124834e-07  6.16147361e-09 
 1.31825674e+04  1.83956065e-07  6.12262626e-09 
 1.34896288e+04  1.82802785e-07  6.08429626e-09 
 1.38038426e+04  1.81664835e-07  6.04647838e-09 
 1.41253754e+04  1.80542057e-07  6.00916742e-09 
 1.44543977e+04  1.79434293e-07  5.97235820e-09 
 1.47910839e+04  1.78341384e-07  5.93604561e-09 
 1.51356125e+04  1.77263176e-07  5.90022454e-09 
 1.54881662e+04  1.76199513e-07  5.86488991e-09 
 1.58489319e+04  1.75150240e-07  5.83003671e-09 
 1.62181010e+04  1.74115205e-07  5.79565992e-09 
 1.65958691e+04  1.73094253e-07  5.76175458e-09 
 1.69824365e+04  1.72087233e-07  5.72831575e-09 
 1.73780083e+04  1.71093995e-07  5.69533853e-09 
 1.77827941e+04  1.70114386e-07  5.66281803e-09 
 1.81970086e+04  1.69148258e-07  5.63074941e-09 
 1.86208714e+04  1.68195462e-07  5.59912786e-09 
 1.90546072e+04  1.67255850e-07  5.56794860e-09 
 1.94984460e+04  1.66329273e-07  5.53720688e-09 
 1.99526231e+04  1.65415585e-07  5.50689796e-09 
 2.04173794e+04  1.64514641e-07  5.47701716e-09 
 2.08929613e+04  1.63626294e-07  5.44755982e-09 
 2.13796209e+04  1.62750399e-07  5.41852129e-09 
 2.18776162e+04  1.61886813e-07  5.38989699e-09 
 2.23872114e+04  1.61035391e-07  5.36168233e-09 
 2.29086765e+04  1.60195991e-07  5.33387276e-09 
 2.34422882e+04  1.59368471e-07  5.30646377e-09 
 2.39883292e+04  1.58552688e-07  5.27945088e-09 
 2.45470892e+04  1.57748501e-07  5.25282962e-09 
 2.51188643e+04  1.56955770e-07  5.22659557e-09 
 2.57039578e+04  1.56174354e-07  5.20074432e-09 
 2.63026799e+04  1.55404114e-07  5.17527151e-09 
 2.69153480e+04  1.54644910e-07  5.15017278e-09 
 2.75422870e+04  1.53896604e-07  5.12544383e-09 
 2.81838293e+04  1.53159057e-07  5.10108036e-09 
 2.88403150e+04  1.52432132e-07  5.07707813e-09 
 2.95120923e+04  1.51715690e-07  5.05343290e-09 
 3.01995172e+04  1.51009596e-07  5.03014048e-09 
 3.09029543e+04  1.50313712e-07  5.00719668e-09 
 3.16227766e+04  1.49627901e-07  4.98459738e-09 
 3.23593657e+04  1.48952029e-07  4.96233845e-09 
 3.31131121e+04  1.48285958e-07  4.94041581e-09 
 3.38844156e+04  1.47629555e-07  4.91882541e-09 
 3.46736850e+04  1.46982682e-07  4.89756321e-09 
 3.54813389e+04  1.46345207e-07  4.87662522e-09 
 3.63078055e+04  1.45716993e-07  4.85600747e-09 
 3.71535229e+04  1.45097907e-07  4.83570602e-09 
 3.80189396e+04  1.44487813e-07  4.81571696e-09 
 3.89045145e+04  1.43886578e-07  4.79603640e-09 
 3.98107171e+04  1.43294068e-07  4.77666049e-09 
 4.07380278e+04  1.42710147e-07  4.75758540e-09 
 4.16869383e+04  1.42134682e-07  4.73880735e-09 
 4.26579519e+04  1.41567539e-07  4.72032257e-09 
 4.36515832e+04  1.41008583e-07  4.70212732e-09 
 4.46683592e+04  1.40457680e-07  4.68421789e-09 
 4.57088190e+04  1.39914695e-07  4.66659061e-09 
 4.67735141e+04  1.39379495e-07  4.64924184e-09 
 4.78630092e+04  1.38851942e-07  4.63216795e-09 
 4.89778819e+04  1.38331904e-07  4.61536535e-09 
 5.01187234e+04  1.37819243e-07  4.59883051e-09 
 5.12861384e+04  1.37313824e-07  4.58255987e-09 
 5.24807460e+04  1.36815510e-07  4.56654996e-09 
 5.37031796e+04  1.36324165e-07  4.55079729e-09 
 5.49540874e+04  1.35839650e-07  4.53529844e-09 
 5.62341325e+04  1.35361829e-07  4.52005001e-09 
 5.75439937e+04  1.34890561e-07  4.50504861e-09 
 5.88843655e+04  1.34425708e-07  4.49029090e-09 
 6.02559586e+04  1.33967128e-07  4.47577357e-09 
 6.16595002e+04  1.33514682e-07  4.46149333e-09 
 6.30957344e+04  1.33068225e-07  4.44744694e-09 
 6.45654229e+04  1.32627615e-07  4.43363116e-09 
 6.60693448e+04  1.32192708e-07  4.42004282e-09 
 6.76082975e+04  1.31763357e-07  4.40667875e-09 
 6.91830971e+04  1.31339415e-07  4.39353582e-09 
 7.07945784e+04  1.30920734e-07  4.38061094e-09 
 7.24435960e+04  1.30507164e-07  4.36790104e-09 
 7.41310241e+04  1.30098552e-07  4.35540308e-09 
 7.58577575e+04  1.29694747e-07  4.34311407e-09 
 7.76247117e+04  1.29295591e-07  4.33103102e-09 
 7.94328235e+04  1.28900928e-07  4.31915101e-09 
 8.12830516e+04  1.28510598e-07  4.30747111e-09 
 8.31763771e+04  1.28124440e-07  4.29598845e-09 
 8.51138038e+04  1.27742290e-07  4.28470019e-09 
 8.70963590e+04  1.27363981e-07  4.27360351e-09 
 8.91250938e+04  1.26989345e-07  4.26269562e-09 
 9.12010839e+04  1.26618208e-07  4.25197377e-09 
 9.33254301e+04  1.26250397e-07  4.24143525e-09 
 9.54992586e+04  1.25885734e-07  4.23107736e-09 
 9.77237221e+04  1.25524037e-07  4.22089744e-09 
 1.00000000e+05  1.25165122e-07  4.21089287e-09 
 1.02329299e+05  1.24808800e-07  4.20106105e-09 
 1.04712855e+05  1.24454881e-07  4.19139942e-09 
 1.07151931e+05  1.24103167e-07  4.18190544e-09 
 1.09647820e+05  1.23753460e-07  4.17257663e-09 
 1.12201845e+05  1.23405554e-07  4.16341050e-09 
 1.14815362e+05  1.23059242e-07  4.15440461e-09 
 1.17489755e+05  1.22714309e-07  4.14555657e-09 
 1.20226443e+05  1.22370537e-07  4.13686400e-09 
 1.23026877e+05  1.22027703e-07  4.12832455e-09 
 1.25892541e+05  1.21685578e-07  4.11993590e-09 
 1.28824955e+05  1.21343928e-07  4.11169579e-09 
 1.31825674e+05  1.21002511e-07  4.10360195e-09 
 1.34896288e+05  1.20661083e-07  4.09565217e-09 
 1.38038426e+05  1.20319391e-07  4.08784426e-09 
 1.41253754e+05  1.19977175e-07  4.08017606e-09 
 1.44543977e+05  1.19634171e-07  4.07264545e-09 
 1.47910839e+05  1.19290107e-07  4.06525032e-09 
 1.51356125e+05  1.18944702e-07  4.05798862e-09 
 1.54881662e+05  1.18597671e-07  4.05085832e-09 
 1.58489319e+05  1.18248718e-07  4.04385740e-09 
 1.62181010e+05  1.17897541e-07  4.03698390e-09 
 1.65958691e+05  1.17543832e-07  4.03023587e-09 
 1.69824365e+05  1.17187271e-07  4.02361141e-09 
 1.73780083e+05  1.16827532e-07  4.01710863e-09 
 1.77827941e+05  1.16464280e-07  4.01072568e-09 
 1.81970086e+05  1.16097171e-07  4.00446075e-09 
 1.86208714e+05  1.15725852e-07  3.99831204e-09 
 1.90546072e+05  1.15349963e-07  3.99227780e-09 
 1.94984460e+05  1.14969133e-07  3.98635629e-09 
 1.99526231e+05  1.14582981e-07  3.98054583e-09 
 2.04173794e+05  1.14191119e-07  3.97484473e-09 
 2.08929613e+05  1.13793149e-07  3.96925137e-09 
 2.13796209e+05  1.13388663e-07  3.96376413e-09 
 2.18776162e+05  1.12977246e-07  3.95838144e-09 
 2.23872114e+05  1.12558470e-07  3.95310175e-09 
 2.29086765e+05  1.12131903e-07  3.94792355e-09 
 2.34422882e+05  1.11697100e-07  3.94284534e-09 
 2.39883292e+05  1.11253611e-07  3.93786566e-09 
 2.45470892e+05  1.10800974e-07  3.93298310e-09 
 2.51188643e+05  1.10338724e-07  3.92819624e-09 
 2.57039578e+05  1.09866384e-07  3.92350373e-09 
 2.63026799e+05  1.09383473e-07  3.91890423e-09 
 2.69153480e+05  1.08889504e-07  3.91439642e-09 
 2.75422870e+05  1.08383984e-07  3.90997903e-09 
 2.81838293e+05  1.07866414e-07  3.90565080e-09 
 2.88403150e+05  1.07336294e-07  3.90141053e-09 
 2.95120923e+05  1.06793120e-07  3.89725701e-09 
 3.01995172e+05  1.06236386e-07  3.89318909e-09 
 3.09029543e+05  1.05665588e-07  3.88920564e-09 
 3.16227766e+05  1.05080220e-07  3.88530556e-09 
 3.23593657e+05  1.04479782e-07  3.88148778e-09 
 3.31131121e+05  1.03863778e-07  3.87775124e-09 
 3.38844156e+05  1.03231717e-07  3.87409495e-09 
 3.46736850e+05  1.02583117e-07  3.87051792e-09 
 3.54813389e+05  1.01917508e-07  3.86701919e-09 
 3.63078055e+05  1.01234431e-07  3.86359784e-09 
 3.71535229e+05  1.00533443e-07  3.86025297e-09 
 3.80189396e+05  9.98141192e-08  3.85698372e-09 
 3.89045145e+05  9.90760551e-08  3.85378924e-09 
 3.98107171e+05  9.83188700e-08  3.85066874e-09 
 4.07380278e+05  9.75422096e-08  3.84762143e-09 
 4.16869383e+05  9.67457492e-08  3.84464655e-09 
 4.26579519e+05  9.59291970e-08  3.84174338e-09 
 4.36515832e+05  9.50922973e-08  3.83891123e-09 
 4.46683592e+05  9.42348339e-08  3.83614943e-09 
 4.57088190e+05  9.33566332e-08  3.83345734e-09 
 4.67735141e+05  9.24575682e-08  3.83083434e-09 
 4.78630092e+05  9.15375610e-08  3.82827984e-09 
 4.89778819e+05  9.05965870e-08  3.82579329e-09 
 5.01187234e+05  8.96346773e-08  3.82337415e-09 
 5.12861384e+05  8.86519222e-08  3.82102192e-09 
 5.24807460e+05  8.76484741e-08  3.81873609e-09 
 5.37031796e+05  8.66245499e-08  3.81651623e-09 
 5.49540874e+05  8.55804334e-08  3.81436188e-09 
 5.62341325e+05  8.45164776e-08  3.81227263e-09 
 5.75439937e+05  8.34331064e-08  3.81024809e-09 
 5.88843655e+05  8.23308155e-08  3.80828788e-09 
 6.02559586e+05  8.12101737e-08  3.80639167e-09 
 6.16595002e+05  8.00718230e-08  3.80455910e-09 
 6.30957344e+05  7.89164788e-08  3.80278987e-09 
 6.45654229e+05  7.77449285e-08  3.80108368e-09 
 6.60693448e+05  7.65580310e-08  3.79944024e-09 
 6.76082975e+05  7.53567144e-08  3.79785928e-09 
 6.91830971e+05  7.41419734e-08  3.79634055e-09 
 7.07945784e+05  7.29148667e-08  3.79488380e-09 
 7.24435960e+05  7.16765126e-08  3.79348879e-09 
 7.41310241e+05  7.04280856e-08  3.79215529e-09 
 7.58577575e+05  6.91708108e-08  3.79088307e-09 
 7.76247117e+05  6.79059590e-08  3.78967192e-09 
 7.94328235e+05  6.66348408e-08  3.78852161e-09 
 8.12830516e+05  6.53588004e-08  3.78743191e-09 
 8.31763771e+05  6.40792089e-08  3.78640262e-09 
 8.51138038e+05  6.27974575e-08  3.78543348e-09 
 8.70963590e+05  6.15149506e-08  3.78452427e-09 
 8.91250938e+05  6.02330984e-08  3.78367474e-09 
 9.12010839e+05  5.89533096e-08  3.78288462e-09 
 9.33254301e+05  5.76769843e-08  3.78215364e-09 
 9.54992586e+05  5.64055070e-08  3.78148150e-09 
 9.77237221e+05  5.51402390e-08  3.78086789e-09 
 1.00000000e+06  5.38825128e-08  3.78031248e-09 
 1.02329299e+06  5.26336246e-08  3.77981489e-09 
 1.04712855e+06  5.13948293e-08  3.77937475e-09 
 1.07151931e+06  5.01673343e-08  3.77899162e-09 
 1.09647820e+06  4.89522949e-08  3.77866506e-09 
 1.12201845e+06  4.77508097e-08  3.77839459e-09 
 1.14815362e+06  4.65639166e-08  3.77817968e-09 
 1.17489755e+06  4.53925896e-08  3.77801978e-09 
 1.20226443e+06  4.42377360e-08  3.77791429e-09 
 1.23026877e+06  4.31001943e-08  3.77786258e-09 
 1.25892541e+06  4.19807326e-08  3.77786397e-09 
 1.28824955e+06  4.08800478e-08  3.77791775e-09 
 1.31825674e+06  3.97987649e-08  3.77802316e-09 
 1.34896288e+06  3.87374374e-08  3.77817941e-09 
 1.38038426e+06  3.76965479e-08  3.77838566e-09 
 1.41253754e+06  3.66765089e-08  3.77864104e-09 
 1.44543977e+06  3.56776646e-08  3.77894465e-09 
 1.47910839e+06  3.47002927e-08  3.77929553e-09 
 1.51356125e+06  3.37446066e-08  3.77969272e-09 
 1.54881662e+06  3.28107577e-08  3.78013521e-09 
 1.58489319e+06  3.18988384e-08  3.78062198e-09 
 1.62181010e+06  3.10088851e-08  3.78115198e-09 
 1.65958691e+06  3.01408811e-08  3.78172414e-09 
 1.69824365e+06  2.92947598e-08  3.78233739e-09 
 1.73780083e+06  2.84704081e-08  3.78299066e-09 
 1.77827941e+06  2.76676700e-08  3.78368285e-09 
 1.81970086e+06  2.68863495e-08  3.78441291e-09 
 1.86208714e+06  2.61262143e-08  3.78517976e-09 
 1.90546072e+06  2.53869988e-08  3.78598238e-09 
 1.94984460e+06  2.46684079e-08  3.78681975e-09 
 1.99526231e+06  2.39701195e-08  3.78769089e-09 
 2.04173794e+06  2.32917879e-08  3.78859488e-09 
 2.08929613e+06  2.26330469e-08  3.78953083e-09 
 2.13796209e+06  2.19935124e-08  3.79049792e-09 
 2.18776162e+06  2.13727849e-08  3.79149539e-09 
 2.23872114e+06  2.07704525e-08  3.79252255e-09 
 2.29086765e+06  2.01860929e-08  3.79357882e-09 
 2.34422882e+06  1.96192758e-08  3.79466367e-09 
 2.39883292e+06  1.90695651e-08  3.79577670e-09 
 2.45470892e+06  1.85365206e-08  3.79691758e-09 
 2.51188643e+06  1.80196999e-08  3.79808613e-09 
 2.57039578e+06  1.75186599e-08  3.79928226e-09 
 2.63026799e+06  1.70329586e-08  3.80050602e-09 
 2.69153480e+06  1.65621561e-08  3.80175758e-09 
 2.75422870e+06  1.61058161e-08  3.80303724e-09 
 2.81838293e+06  1.56635069e-08  3.80434547e-09 
 2.88403150e+06  1.52348020e-08  3.80568285e-09 
 2.95120923e+06  1.48192818e-08  3.80705014e-09 
 3.01995172e+06  1.44165334e-08  3.80844824e-09 
 3.09029543e+06  1.40261518e-08  3.80987821e-09 
 3.16227766e+06  1.36477403e-08  3.81134128e-09 
 3.23593657e+06  1.32809111e-08  3.81283885e-09 
 3.31131121e+06  1.29252854e-08  3.81437247e-09 
 3.38844156e+06  1.25804939e-08  3.81594388e-09 
 3.46736850e+06  1.22461768e-08  3.81755500e-09 
 3.54813389e+06  1.19219844e-08  3.81920790e-09 
 3.63078055e+06  1.16075768e-08  3.82090486e-09 
 3.71535229e+06  1.13026240e-08  3.82264834e-09 
 3.80189396e+06  1.10068063e-08  3.82444096e-09 
 3.89045145e+06  1.07198138e-08  3.82628555e-09 
 3.98107171e+06  1.04413464e-08  3.82818513e-09 
 4.07380278e+06  1.01711141e-08  3.83014290e-09 
 4.16869383e+06  9.90883633e-09  3.83216226e-09 
 4.26579519e+06  9.65424217e-09  3.83424681e-09 
 4.36515832e+06  9.40707006e-09  3.83640036e-09 
 4.46683592e+06  9.16706759e-09  3.83862690e-09 
 4.57088190e+06  8.93399130e-09  3.84093064e-09 
 4.67735141e+06  8.70760650e-09  3.84331602e-09 
 4.78630092e+06  8.48768699e-09  3.84578765e-09 
 4.89778819e+06  8.27401484e-09  3.84835040e-09 
 5.01187234e+06  8.06638017e-09  3.85100934e-09 
 5.12861384e+06  7.86458089e-09  3.85376978e-09 
 5.24807460e+06  7.66842245e-09  3.85663726e-09 
 5.37031796e+06  7.47771756e-09  3.85961755e-09 
 5.49540874e+06  7.29228602e-09  3.86271668e-09 
 5.62341325e+06  7.11195440e-09  3.86594093e-09 
 5.75439937e+06  6.93655583e-09  3.86929683e-09 
 5.88843655e+06  6.76592974e-09  3.87279117e-09 
 6.02559586e+06  6.59992167e-09  3.87643102e-09 
 6.16595002e+06  6.43838296e-09  3.88022374e-09 
 6.30957344e+06  6.28117060e-09  3.88417697e-09 
 6.45654229e+06  6.12814698e-09  3.88829864e-09 
 6.60693448e+06  5.97917964e-09  3.89259699e-09 
 6.76082975e+06  5.83414112e-09  3.89708058e-09 
 6.91830971e+06  5.69290873e-09  3.90175830e-09 
 7.07945784e+06  5.55536435e-09  3.90663935e-09 
 7.24435960e+06  5.42139425e-09  3.91173329e-09 
 7.41310241e+06  5.29088889e-09  3.91705005e-09 
 7.58577575e+06  5.16374277e-09  3.92259990e-09 
 7.76247117e+06  5.03985426e-09  3.92839348e-09 
 7.94328235e+06  4.91912539e-09  3.93444184e-09 
 8.12830516e+06  4.80146177e-09  3.94075642e-09 
 8.31763771e+06  4.68677236e-09  3.94734904e-09 
 8.51138038e+06  4.57496940e-09  3.95423198e-09 
 8.70963590e+06  4.46596821e-09  3.96141791e-09 
 8.91250938e+06  4.35968710e-09  3.96891997e-09 
 9.12010839e+06  4.25604722e-09  3.97675172e-09 
 9.33254301e+06  4.15497245e-09  3.98492720e-09 
 9.54992586e+06  4.05638929e-09  3.99346090e-09 
 9.77237221e+06  3.96022673e-09  4.00236781e-09 
 1.00000000e+07  3.86641617e-09  4.01166340e-09 
 1.02329299e+07  3.77489129e-09  4.02136362e-09 
 1.04712855e+07  3.68558799e-09  4.03148494e-09 
 1.07151931e+07  3.59844428e-09  4.04204435e-09 
 1.09647820e+07  3.51340017e-09  4.05305932e-09 
 1.12201845e+07  3.43039763e-09  4.06454789e-09 
 1.14815362e+07  3.34938050e-09  4.07652860e-09 
 1.17489755e+07  3.27029440e-09  4.08902053e-09 
 1.20226443e+07  3.19308666e-09  4.10204329e-09 
 1.23026877e+07  3.11770627e-09  4.11561703e-09 
 1.25892541e+07  3.04410379e-09  4.12976245e-09 
 1.28824955e+07  2.97223132e-09  4.14450076e-09 
 1.31825674e+07  2.90204243e-09  4.15985372e-09 
 1.34896288e+07  2.83349208e-09  4.17584362e-09 
 1.38038426e+07  2.76653660e-09  4.19249327e-09 
 1.41253754e+07  2.70113363e-09  4.20982600e-09 
 1.44543977e+07  2.63724209e-09  4.22786565e-09 
 1.47910839e+07  2.57482208e-09  4.24663654e-09 
 1.51356125e+07  2.51383490e-09  4.26616349e-09 
 1.54881662e+07  2.45424300e-09  4.28647178e-09 
 1.58489319e+07  2.39600988e-09  4.30758716e-09 
 1.62181010e+07  2.33910016e-09  4.32953579e-09 
 1.65958691e+07  2.28347945e-09  4.35234425e-09 
 1.69824365e+07  2.22911436e-09  4.37603950e-09 
 1.73780083e+07  2.17597247e-09  4.40064888e-09 
 1.77827941e+07  2.12402230e-09  4.42620006e-09 
 1.81970086e+07  2.07323328e-09  4.45272099e-09 
 1.86208714e+07  2.02357571e-09  4.48023992e-09 
 1.90546072e+07  1.97502075e-09  4.50878534e-09 
 1.94984460e+07  1.92754041e-09  4.53838592e-09 
 1.99526231e+07  1.88110750e-09  4.56907050e-09 
 2.04173794e+07  1.83569561e-09  4.60086806e-09 
 2.08929613e+07  1.79127911e-09  4.63380764e-09 
 2.13796209e+07  1.74783312e-09  4.66791834e-09 
 2.18776162e+07  1.70533350e-09  4.70322923e-09 
 2.23872114e+07  1.66375680e-09  4.73976934e-09 
 2.29086765e+07  1.62308027e-09  4.77756760e-09 
 2.34422882e+07  1.58328187e-09  4.81665279e-09 
 2.39883292e+07  1.54434017e-09  4.85705348e-09 
 2.45470892e+07  1.50623442e-09  4.89879801e-09 
 2.51188643e+07  1.46894450e-09  4.94191441e-09 
 2.57039578e+07  1.43245088e-09  4.98643035e-09 
 2.63026799e+07  1.39673464e-09  5.03237312e-09 
 2.69153480e+07  1.36177747e-09  5.07976954e-09 
 2.75422870e+07  1.32756158e-09  5.12864594e-09 
 2.81838293e+07  1.29406977e-09  5.17902810e-09 
 2.88403150e+07  1.26128538e-09  5.23094119e-09 
 2.95120923e+07  1.22919225e-09  5.28440973e-09 
 3.01995172e+07  1.19777477e-09  5.33945756e-09 
 3.09029543e+07  1.16701780e-09  5.39610778e-09 
 3.16227766e+07  1.13690670e-09  5.45438270e-09 
 3.23593657e+07  1.10742730e-09  5.51430380e-09 
 3.31131121e+07  1.07856588e-09  5.57589172e-09 
 3.38844156e+07  1.05030920e-09  5.63916619e-09 
 3.46736850e+07  1.02264443e-09  5.70414598e-09 
 3.54813389e+07  9.95559179e-10  5.77084893e-09 
 3.63078055e+07  9.69041458e-10  5.83929187e-09 
 3.71535229e+07  9.43079696e-10  5.90949061e-09 
 3.80189396e+07  9.17662715e-10  5.98145989e-09 
 3.89045145e+07  8.92779723e-10  6.05521342e-09 
 3.98107171e+07  8.68420306e-10  6.13076381e-09 
 4.07380278e+07  8.44574420e-10  6.20812257e-09 
 4.16869383e+07  8.21232386e-10  6.28730012e-09 
 4.26579519e+07  7.98384878e-10  6.36830577e-09 
 4.36515832e+07  7.76022921e-10  6.45114772e-09 
 4.46683592e+07  7.54137881e-10  6.53583307e-09 
 4.57088190e+07  7.32721462e-10  6.62236785e-09 
 4.67735141e+07  7.11765694e-10  6.71075701e-09 
 4.78630092e+07  6.91262933e-10  6.80100448e-09 
 4.89778819e+07  6.71205851e-10  6.89311315e-09 
 5.01187234e+07  6.51587428e-10  6.98708498e-09 
 5.12861384e+07  6.32400942e-10  7.08292101e-09 
 5.24807460e+07  6.13639968e-10  7.18062142e-09 
 5.37031796e+07  5.95298356e-10  7.28018561e-09 
 5.49540874e+07  5.77370229e-10  7.38161228e-09 
 5.62341325e+07  5.59849969e-10  7.48489954e-09 
 5.75439937e+07  5.42732198e-10  7.59004498e-09 
 5.88843655e+07  5.26011768e-10  7.69704583e-09 
 6.02559586e+07  5.09683741e-10  7.80589904e-09 
 6.16595002e+07  4.93743371e-10  7.91660149e-09 
 6.30957344e+07  4.78186084e-10  8.02915012e-09 
 6.45654229e+07  4.63007457e-10  8.14354207e-09 
 6.60693448e+07  4.48203196e-10  8.25977494e-09 
 6.76082975e+07  4.33769110e-10  8.37784695e-09 
 6.91830971e+07  4.19701088e-10  8.49775715e-09 
 7.07945784e+07  4.05995076e-10  8.61950568e-09 
 7.24435960e+07  3.92647048e-10  8.74309401e-09 
 7.41310241e+07  3.79652988e-10  8.86852516e-09 
 7.58577575e+07  3.67008859e-10  8.99580404e-09 
 7.76247117e+07  3.54710582e-10  9.12493764e-09 
 7.94328235e+07  3.42754016e-10  9.25593538e-09 
 8.12830516e+07  3.31134939e-10  9.38880937e-09 
 8.31763771e+07  3.19849022e-10  9.52357471e-09 
 8.51138038e+07  3.08891824e-10  9.66024980e-09 
 8.70963590e+07  2.98258767e-10  9.79885661e-09 
 8.91250938e+07  2.87945134e-10  9.93942100e-09 
 9.12010839e+07  2.77946056e-10  1.00819730e-08 
 9.33254301e+07  2.68256505e-10  1.02265471e-08 
 9.54992586e+07  2.58871294e-10  1.03731825e-08 
 9.77237221e+07  2.49785077e-10  1.05219235e-08 
 1.00000000e+08  2.40992348e-10  1.06728195e-08 
 1.02329299e+08  2.32487447e-10  1.08259255e-08 
 1.04712855e+08  2.24264570e-10  1.09813022e-08 
 1.07151931e+08  2.16317773e-10  1.11390161e-08 
 1.09647820e+08  2.08640986e-10  1.12991400e-08 
 1.12201845e+08  2.01228028e-10  1.14617529e-08 
 1.14815362e+08  1.94072612e-10  1.16269401e-08 
 1.17489755e+08  1.87168370e-10  1.17947935e-08 
 1.20226443e+08  1.80508862e-10  1.19654117e-08 
 1.23026877e+08  1.74087594e-10  1.21389000e-08 
 1.25892541e+08  1.67898035e-10  1.23153705e-08 
 1.28824955e+08  1.61933631e-10  1.24949419e-08 
 1.31825674e+08  1.56187825e-10  1.26777401e-08 
 1.34896288e+08  1.50654068e-10  1.28638976e-08 
 1.38038426e+08  1.45325839e-10  1.30535537e-08 
 1.41253754e+08  1.40196657e-10  1.32468547e-08 
 1.44543977e+08  1.35260094e-10  1.34439533e-08 
 1.47910839e+08  1.30509790e-10  1.36450093e-08 
 1.51356125e+08  1.25939466e-10  1.38501887e-08 
 1.54881662e+08  1.21542933e-10  1.40596644e-08 
 1.58489319e+08  1.17314102e-10  1.42736154e-08 
 1.62181010e+08  1.13246994e-10  1.44922274e-08 
 1.65958691e+08  1.09335749e-10  1.47156921e-08 
 1.69824365e+08  1.05574632e-10  1.49442074e-08 
 1.73780083e+08  1.01958039e-10  1.51779776e-08 
 1.77827941e+08  9.84805019e-11  1.54172125e-08 
 1.81970086e+08  9.51366948e-11  1.56621283e-08 
 1.86208714e+08  9.19214355e-11  1.59129467e-08 
 1.90546072e+08  8.88296887e-11  1.61698954e-08 
 1.94984460e+08  8.58565681e-11  1.64332078e-08 
 1.99526231e+08  8.29973373e-11  1.67031229e-08 
 2.04173794e+08  8.02474105e-11  1.69798856e-08 
 2.08929613e+08  7.76023525e-11  1.72637462e-08 
 2.13796209e+08  7.50578782e-11  1.75549611e-08 
 2.18776162e+08  7.26098512e-11  1.78537922e-08 
 2.23872114e+08  7.02542825e-11  1.81605071e-08 
 2.29086765e+08  6.79873288e-11  1.84753795e-08 
 2.34422882e+08  6.58052899e-11  1.87986891e-08 
 2.39883292e+08  6.37046066e-11  1.91307215e-08 
 2.45470892e+08  6.16818574e-11  1.94717688e-08 
 2.51188643e+08  5.97337561e-11  1.98221295e-08 
 2.57039578e+08  5.78571482e-11  2.01821086e-08 
 2.63026799e+08  5.60490076e-11  2.05520181e-08 
 2.69153480e+08  5.43064334e-11  2.09321772e-08 
 2.75422870e+08  5.26266462e-11  2.13229124e-08 
 2.81838293e+08  5.10069843e-11  2.17245580e-08 
 2.88403150e+08  4.94449003e-11  2.21374565e-08 
 2.95120923e+08  4.79379574e-11  2.25619586e-08 
 3.01995172e+08  4.64838254e-11  2.29984242e-08 
 3.09029543e+08  4.50802776e-11  2.34472221e-08 
 3.16227766e+08  4.37251865e-11  2.39087311e-08 
 3.23593657e+08  4.24165203e-11  2.43833403e-08 
 3.31131121e+08  4.11523398e-11  2.48714493e-08 
 3.38844156e+08  3.99307941e-11  2.53734692e-08 
 3.46736850e+08  3.87501177e-11  2.58898229e-08 
 3.54813389e+08  3.76086270e-11  2.64209459e-08 
 3.63078055e+08  3.65047167e-11  2.69672868e-08 
 3.71535229e+08  3.54368569e-11  2.75293079e-08 
 3.80189396e+08  3.44035896e-11  2.81074861e-08 
 3.89045145e+08  3.34035260e-11  2.87023136e-08 
 3.98107171e+08  3.24353430e-11  2.93142984e-08 
 4.07380278e+08  3.14977809e-11  2.99439657e-08 
 4.16869383e+08  3.05896401e-11  3.05918578e-08 
 4.26579519e+08  2.97097788e-11  3.12585359e-08 
 4.36515832e+08  2.88571098e-11  3.19445804e-08 
 4.46683592e+08  2.80305987e-11  3.26505918e-08 
 4.57088190e+08  2.72292609e-11  3.33771922e-08 
 4.67735141e+08  2.64521592e-11  3.41250255e-08 
 4.78630092e+08  2.56984022e-11  3.48947590e-08 
 4.89778819e+08  2.49671413e-11  3.56870840e-08 
 5.01187234e+08  2.42575690e-11  3.65027172e-08 
 5.12861384e+08  2.35689169e-11  3.73424014e-08 
 5.24807460e+08  2.29004536e-11  3.82069070e-08 
 5.37031796e+08  2.22514830e-11  3.90970327e-08 
 5.49540874e+08  2.16213421e-11  4.00136067e-08 
 5.62341325e+08  2.10094000e-11  4.09574882e-08 
 5.75439937e+08  2.04150553e-11  4.19295679e-08 
 5.88843655e+08  1.98377352e-11  4.29307696e-08 
 6.02559586e+08  1.92768939e-11  4.39620514e-08 
 6.16595002e+08  1.87320107e-11  4.50244064e-08 
 6.30957344e+08  1.82025891e-11  4.61188642e-08 
 6.45654229e+08  1.76881548e-11  4.72464917e-08 
 6.60693448e+08  1.71882552e-11  4.84083946e-08 
 6.76082975e+08  1.67024575e-11  4.96057182e-08 
 6.91830971e+08  1.62303479e-11  5.08396483e-08 
 7.07945784e+08  1.57715302e-11  5.21114124e-08 
 7.24435960e+08  1.53256247e-11  5.34222809e-08 
 7.41310241e+08  1.48922675e-11  5.47735671e-08 
 7.58577575e+08  1.44711090e-11  5.61666292e-08 
 7.76247117e+08  1.40618136e-11  5.76028699e-08 
 7.94328235e+08  1.36640579e-11  5.90837382e-08 
 8.12830516e+08  1.32775310e-11  6.06107287e-08 
 8.31763771e+08  1.29019325e-11  6.21853835e-08 
 8.51138038e+08  1.25369726e-11  6.38092912e-08 
 8.70963590e+08  1.21823712e-11  6.54840882e-08 
 8.91250938e+08  1.18378569e-11  6.72114583e-08 
 9.12010839e+08  1.15031668e-11  6.89931328e-08 
 9.33254301e+08  1.11780456e-11  7.08308903e-08 
 9.54992586e+08  1.08622453e-11  7.27265568e-08 
 9.77237221e+08  1.05555247e-11  7.46820045e-08 
 1.00000000e+09  1.02576487e-11  7.66991520e-08 
