 frequency       onoise_spectrum inoise_spectrum
 1.00000000e+00  9.92100655e-06  3.12891249e-07 
 1.02329299e+00  9.81952416e-06  3.09690671e-07 
 1.04712855e+00  9.71909500e-06  3.06523311e-07 
 1.07151931e+00  9.61970798e-06  3.03388818e-07 
 1.09647820e+00  9.52135213e-06  3.00286846e-07 
 1.12201845e+00  9.42401660e-06  2.97217053e-07 
 1.14815362e+00  9.32769064e-06  2.94179100e-07 
 1.17489755e+00  9.23236364e-06  2.91172652e-07 
 1.20226443e+00  9.13802507e-06  2.88197378e-07 
 1.23026877e+00  9.04466455e-06  2.85252950e-07 
 1.25892541e+00  8.95227179e-06  2.82339044e-07 
 1.28824955e+00  8.86083660e-06  2.79455337e-07 
 1.31825674e+00  8.77034893e-06  2.76601514e-07 
 1.34896288e+00  8.68079880e-06  2.73777259e-07 
 1.38038426e+00  8.59217638e-06  2.70982262e-07 
 1.41253754e+00  8.50447189e-06  2.68216216e-07 
 1.44543977e+00  8.41767571e-06  2.65478815e-07 
 1.47910839e+00  8.33177829e-06  2.62769761e-07 
 1.51356125e+00  8.24677018e-06  2.60088753e-07 
 1.54881662e+00  8.16264206e-06  2.57435499e-07 
 1.58489319e+00  8.07938468e-06  2.54809706e-07 
 1.62181010e+00  7.99698889e-06  2.52211087e-07 
 1.65958691e+00  7.91544566e-06  2.49639355e-07 
 1.69824365e+00  7.83474603e-06  2.47094230e-07 
 1.73780083e+00  7.75488117e-06  2.44575431e-07 
 1.77827941e+00  7.67584230e-06  2.42082683e-07 
 1.81970086e+00  7.59762076e-06  2.39615712e-07 
 1.86208714e+00  7.52020799e-06  2.37174248e-07 
 1.90546072e+00  7.44359550e-06  2.34758024e-07 
 1.94984460e+00  7.36777490e-06  2.32366774e-07 
 1.99526231e+00  7.29273789e-06  2.30000238e-07 
 2.04173794e+00  7.21847626e-06  2.27658156e-07 
 2.08929613e+00  7.14498189e-06  2.25340271e-07 
 2.13796209e+00  7.07224673e-06  2.23046331e-07 
 2.18776162e+00  7.00026284e-06  2.20776085e-07 
 2.23872114e+00  6.92902234e-06  2.18529284e-07 
 2.29086765e+00  6.85851746e-06  2.16305683e-07 
 2.34422882e+00  6.78874048e-06  2.14105039e-07 
 2.39883292e+00  6.71968380e-06  2.11927111e-07 
 2.45470892e+00  6.65133987e-06  2.09771663e-07 
 2.51188643e+00  6.58370124e-06  2.07638458e-07 
 2.57039578e+00  6.51676052e-06  2.05527265e-07 
 2.63026799e+00  6.45051042e-06  2.03437852e-07 
 2.69153480e+00  6.38494371e-06  2.01369992e-07 
 2.75422870e+00  6.32005325e-06  1.99323460e-07 
 2.81838293e+00  6.25583196e-06  1.97298033e-07 
 2.88403150e+00  6.19227286e-06  1.95293490e-07 
 2.95120923e+00  6.12936902e-06  1.93309612e-07 
 3.01995172e+00  6.06711360e-06  1.91346185e-07 
 3.09029543e+00  6.00549982e-06  1.89402994e-07 
 3.16227766e+00  5.94452098e-06  1.87479827e-07 
 3.23593657e+00  5.88417045e-06  1.85576477e-07 
 3.31131121e+00  5.82444166e-06  1.83692735e-07 
 3.38844156e+00  5.76532813e-06  1.81828397e-07 
 3.46736850e+00  5.70682344e-06  1.79983261e-07 
 3.54813389e+00  5.64892122e-06  1.78157126e-07 
 3.63078055e+00  5.59161520e-06  1.76349794e-07 
 3.71535229e+00  5.53489916e-06  1.74561069e-07 
 3.80189396e+00  5.47876694e-06  1.72790757e-07 
 3.89045145e+00  5.42321245e-06  1.71038665e-07 
 3.98107171e+00  5.36822966e-06  1.69304604e-07 
 4.07380278e+00  5.31381263e-06  1.67588386e-07 
 4.16869383e+00  5.25995545e-06  1.65889824e-07 
 4.26579519e+00  5.20665228e-06  1.64208735e-07 
 4.36515832e+00  5.15389736e-06  1.62544937e-07 
 4.46683592e+00  5.10168498e-06  1.60898249e-07 
 4.57088190e+00  5.05000948e-06  1.59268494e-07 
 4.67735141e+00  4.99886526e-06  1.57655495e-07 
 4.78630092e+00  4.94824681e-06  1.56059077e-07 
 4.89778819e+00  4.89814865e-06  1.54479068e-07 
 5.01187234e+00  4.84856536e-06  1.52915298e-07 
 5.12861384e+00  4.79949158e-06  1.51367597e-07 
 5.24807460e+00  4.75092202e-06  1.49835797e-07 
 5.37031796e+00  4.70285143e-06  1.48319734e-07 
 5.49540874e+00  4.65527461e-06  1.46819245e-07 
 5.62341325e+00  4.60818644e-06  1.45334166e-07 
 5.75439937e+00  4.56158183e-06  1.43864338e-07 
 5.88843655e+00  4.51545576e-06  1.42409602e-07 
 6.02559586e+00  4.46980326e-06  1.40969802e-07 
 6.16595002e+00  4.42461940e-06  1.39544781e-07 
 6.30957344e+00  4.37989931e-06  1.38134388e-07 
 6.45654229e+00  4.33563818e-06  1.36738469e-07 
 6.60693448e+00  4.29183125e-06  1.35356875e-07 
 6.76082975e+00  4.24847379e-06  1.33989456e-07 
 6.91830971e+00  4.20556113e-06  1.32636066e-07 
 7.07945784e+00  4.16308868e-06  1.31296558e-07 
 7.24435960e+00  4.12105185e-06  1.29970790e-07 
 7.41310241e+00  4.07944612e-06  1.28658618e-07 
 7.58577575e+00  4.03826703e-06  1.27359901e-07 
 7.76247117e+00  3.99751014e-06  1.26074500e-07 
 7.94328235e+00  3.95717109e-06  1.24802277e-07 
 8.12830516e+00  3.91724554e-06  1.23543094e-07 
 8.31763771e+00  3.87772919e-06  1.22296818e-07 
 8.51138038e+00  3.83861783e-06  1.21063314e-07 
 8.70963590e+00  3.79990723e-06  1.19842449e-07 
 8.91250938e+00  3.76159327e-06  1.18634093e-07 
 9.12010839e+00  3.72367182e-06  1.17438117e-07 
 9.33254301e+00  3.68613882e-06  1.16254391e-07 
 9.54992586e+00  3.64899025e-06  1.15082790e-07 
 9.77237221e+00  3.61222213e-06  1.13923188e-07 
 1.00000000e+01  3.57583052e-06  1.12775460e-07 
 1.02329299e+01  3.53981154e-06  1.11639484e-07 
 1.04712855e+01  3.50416131e-06  1.10515138e-07 
 1.07151931e+01  3.46887604e-06  1.09402302e-07 
 1.09647820e+01  3.43395194e-06  1.08300857e-07 
 1.12201845e+01  3.39938528e-06  1.07210685e-07 
 1.14815362e+01  3.36517236e-06  1.06131669e-07 
 1.17489755e+01  3.33130954e-06  1.05063695e-07 
 1.20226443e+01  3.29779318e-06  1.04006647e-07 
 1.23026877e+01  3.26461972e-06  1.02960414e-07 
 1.25892541e+01  3.23178562e-06  1.01924884e-07 
 1.28824955e+01  3.19928736e-06  1.00899945e-07 
 1.31825674e+01  3.16712147e-06  9.98854894e-08 
 1.34896288e+01  3.13528454e-06  9.88814081e-08 
 1.38038426e+01  3.10377316e-06  9.78875942e-08 
 1.41253754e+01  3.07258398e-06  9.69039417e-08 
 1.44543977e+01  3.04171367e-06  9.59303459e-08 
 1.47910839e+01  3.01115894e-06  9.49667030e-08 
 1.51356125e+01  2.98091654e-06  9.40129104e-08 
 1.54881662e+01  2.95098325e-06  9.30688666e-08 
 1.58489319e+01  2.92135588e-06  9.21344710e-08 
 1.62181010e+01  2.89203128e-06  9.12096242e-08 
 1.65958691e+01  2.86300633e-06  9.02942279e-08 
 1.69824365e+01  2.83427794e-06  8.93881847e-08 
 1.73780083e+01  2.80584307e-06  8.84913983e-08 
 1.77827941e+01  2.77769868e-06  8.76037733e-08 
 1.81970086e+01  2.74984179e-06  8.67252155e-08 
 1.86208714e+01  2.72226943e-06  8.58556316e-08 
 1.90546072e+01  2.69497869e-06  8.49949292e-08 
 1.94984460e+01  2.66796666e-06  8.41430169e-08 
 1.99526231e+01  2.64123048e-06  8.32998044e-08 
 2.04173794e+01  2.61476731e-06  8.24652022e-08 
 2.08929613e+01  2.58857435e-06  8.16391217e-08 
 2.13796209e+01  2.56264881e-06  8.08214754e-08 
 2.18776162e+01  2.53698795e-06  8.00121767e-08 
 2.23872114e+01  2.51158905e-06  7.92111396e-08 
 2.29086765e+01  2.48644942e-06  7.84182795e-08 
 2.34422882e+01  2.46156639e-06  7.76335123e-08 
 2.39883292e+01  2.43693734e-06  7.68567550e-08 
 2.45470892e+01  2.41255966e-06  7.60879253e-08 
 2.51188643e+01  2.38843076e-06  7.53269419e-08 
 2.57039578e+01  2.36454809e-06  7.45737243e-08 
 2.63026799e+01  2.34090914e-06  7.38281928e-08 
 2.69153480e+01  2.31751139e-06  7.30902686e-08 
 2.75422870e+01  2.29435238e-06  7.23598738e-08 
 2.81838293e+01  2.27142966e-06  7.16369311e-08 
 2.88403150e+01  2.24874080e-06  7.09213643e-08 
 2.95120923e+01  2.22628342e-06  7.02130977e-08 
 3.01995172e+01  2.20405514e-06  6.95120565e-08 
 3.09029543e+01  2.18205362e-06  6.88181669e-08 
 3.16227766e+01  2.16027653e-06  6.81313555e-08 
 3.23593657e+01  2.13872158e-06  6.74515500e-08 
 3.31131121e+01  2.11738650e-06  6.67786786e-08 
 3.38844156e+01  2.09626903e-06  6.61126705e-08 
 3.46736850e+01  2.07536695e-06  6.54534554e-08 
 3.54813389e+01  2.05467806e-06  6.48009639e-08 
 3.63078055e+01  2.03420018e-06  6.41551273e-08 
 3.71535229e+01  2.01393116e-06  6.35158775e-08 
 3.80189396e+01  1.99386885e-06  6.28831474e-08 
 3.89045145e+01  1.97401115e-06  6.22568702e-08 
 3.98107171e+01  1.95435597e-06  6.16369801e-08 
 4.07380278e+01  1.93490125e-06  6.10234119e-08 
 4.16869383e+01  1.91564493e-06  6.04161012e-08 
 4.26579519e+01  1.89658499e-06  5.98149840e-08 
 4.36515832e+01  1.87771943e-06  5.92199971e-08 
 4.46683592e+01  1.85904627e-06  5.86310782e-08 
 4.57088190e+01  1.84056354e-06  5.80481653e-08 
 4.67735141e+01  1.82226931e-06  5.74711972e-08 
 4.78630092e+01  1.80416166e-06  5.69001134e-08 
 4.89778819e+01  1.78623868e-06  5.63348539e-08 
 5.01187234e+01  1.76849850e-06  5.57753594e-08 
 5.12861384e+01  1.75093924e-06  5.52215712e-08 
 5.24807460e+01  1.73355909e-06  5.46734314e-08 
 5.37031796e+01  1.71635620e-06  5.41308823e-08 
 5.49540874e+01  1.69932878e-06  5.35938672e-08 
 5.62341325e+01  1.68247505e-06  5.30623298e-08 
 5.75439937e+01  1.66579323e-06  5.25362145e-08 
 5.88843655e+01  1.64928159e-06  5.20154660e-08 
 6.02559586e+01  1.63293839e-06  5.15000300e-08 
 6.16595002e+01  1.61676192e-06  5.09898524e-08 
 6.30957344e+01  1.60075049e-06  5.04848800e-08 
 6.45654229e+01  1.58490243e-06  4.99850598e-08 
 6.60693448e+01  1.56921608e-06  4.94903396e-08 
 6.76082975e+01  1.55368980e-06  4.90006677e-08 
 6.91830971e+01  1.53832196e-06  4.85159929e-08 
 7.07945784e+01  1.52311096e-06  4.80362645e-08 
 7.24435960e+01  1.50805521e-06  4.75614326e-08 
 7.41310241e+01  1.49315314e-06  4.70914473e-08 
 7.58577575e+01  1.47840320e-06  4.66262598e-08 
 7.76247117e+01  1.46380384e-06  4.61658213e-08 
 7.94328235e+01  1.44935353e-06  4.57100840e-08 
 8.12830516e+01  1.43505078e-06  4.52590002e-08 
 8.31763771e+01  1.42089409e-06  4.48125229e-08 
 8.51138038e+01  1.40688198e-06  4.43706055e-08 
 8.70963590e+01  1.39301300e-06  4.39332019e-08 
 8.91250938e+01  1.37928570e-06  4.35002667e-08 
 9.12010839e+01  1.36569864e-06  4.30717546e-08 
 9.33254301e+01  1.35225041e-06  4.26476210e-08 
 9.54992586e+01  1.33893962e-06  4.22278218e-08 
 9.77237221e+01  1.32576487e-06  4.18123132e-08 
 1.00000000e+02  1.31272479e-06  4.14010520e-08 
 1.02329299e+02  1.29981804e-06  4.09939954e-08 
 1.04712855e+02  1.28704325e-06  4.05911010e-08 
 1.07151931e+02  1.27439911e-06  4.01923270e-08 
 1.09647820e+02  1.26188431e-06  3.97976318e-08 
 1.12201845e+02  1.24949753e-06  3.94069745e-08 
 1.14815362e+02  1.23723749e-06  3.90203144e-08 
 1.17489755e+02  1.22510293e-06  3.86376113e-08 
 1.20226443e+02  1.21309257e-06  3.82588255e-08 
 1.23026877e+02  1.20120516e-06  3.78839176e-08 
 1.25892541e+02  1.18943949e-06  3.75128488e-08 
 1.28824955e+02  1.17779432e-06  3.71455804e-08 
 1.31825674e+02  1.16626844e-06  3.67820743e-08 
 1.34896288e+02  1.15486066e-06  3.64222929e-08 
 1.38038426e+02  1.14356980e-06  3.60661988e-08 
 1.41253754e+02  1.13239468e-06  3.57137550e-08 
 1.44543977e+02  1.12133414e-06  3.53649251e-08 
 1.47910839e+02  1.11038704e-06  3.50196728e-08 
 1.51356125e+02  1.09955225e-06  3.46779623e-08 
 1.54881662e+02  1.08882864e-06  3.43397583e-08 
 1.58489319e+02  1.07821509e-06  3.40050257e-08 
 1.62181010e+02  1.06771052e-06  3.36737298e-08 
 1.65958691e+02  1.05731382e-06  3.33458362e-08 
 1.69824365e+02  1.04702393e-06  3.30213111e-08 
 1.73780083e+02  1.03683978e-06  3.27001209e-08 
 1.77827941e+02  1.02676032e-06  3.23822322e-08 
 1.81970086e+02  1.01678450e-06  3.20676123e-08 
 1.86208714e+02  1.00691129e-06  3.17562284e-08 
 1.90546072e+02  9.97139661e-07  3.14480485e-08 
 1.94984460e+02  9.87468614e-07  3.11430406e-08 
 1.99526231e+02  9.77897145e-07  3.08411732e-08 
 2.04173794e+02  9.68424262e-07  3.05424151e-08 
 2.08929613e+02  9.59048988e-07  3.02467354e-08 
 2.13796209e+02  9.49770353e-07  2.99541035e-08 
 2.18776162e+02  9.40587398e-07  2.96644892e-08 
 2.23872114e+02  9.31499174e-07  2.93778626e-08 
 2.29086765e+02  9.22504742e-07  2.90941940e-08 
 2.34422882e+02  9.13603174e-07  2.88134542e-08 
 2.39883292e+02  9.04793549e-07  2.85356140e-08 
 2.45470892e+02  8.96074957e-07  2.82606450e-08 
 2.51188643e+02  8.87446499e-07  2.79885186e-08 
 2.57039578e+02  8.78907284e-07  2.77192068e-08 
 2.63026799e+02  8.70456430e-07  2.74526817e-08 
 2.69153480e+02  8.62093065e-07  2.71889159e-08 
 2.75422870e+02  8.53816326e-07  2.69278821e-08 
 2.81838293e+02  8.45625358e-07  2.66695534e-08 
 2.88403150e+02  8.37519317e-07  2.64139031e-08 
 2.95120923e+02  8.29497366e-07  2.61609049e-08 
 3.01995172e+02  8.21558678e-07  2.59105327e-08 
 3.09029543e+02  8.13702434e-07  2.56627606e-08 
 3.16227766e+02  8.05927823e-07  2.54175631e-08 
 3.23593657e+02  7.98234043e-07  2.51749149e-08 
 3.31131121e+02  7.90620302e-07  2.49347909e-08 
 3.38844156e+02  7.83085813e-07  2.46971665e-08 
 3.46736850e+02  7.75629801e-07  2.44620171e-08 
 3.54813389e+02  7.68251496e-07  2.42293184e-08 
 3.63078055e+02  7.60950138e-07  2.39990465e-08 
 3.71535229e+02  7.53724974e-07  2.37711776e-08 
 3.80189396e+02  7.46575258e-07  2.35456883e-08 
 3.89045145e+02  7.39500254e-07  2.33225552e-08 
 3.98107171e+02  7.32499233e-07  2.31017555e-08 
 4.07380278e+02  7.25571472e-07  2.28832662e-08 
 4.16869383e+02  7.18716258e-07  2.26670650e-08 
 4.26579519e+02  7.11932883e-07  2.24531295e-08 
 4.36515832e+02  7.05220649e-07  2.22414376e-08 
 4.46683592e+02  6.98578863e-07  2.20319675e-08 
 4.57088190e+02  6.92006840e-07  2.18246977e-08 
 4.67735141e+02  6.85503903e-07  2.16196067e-08 
 4.78630092e+02  6.79069381e-07  2.14166734e-08 
 4.89778819e+02  6.72702610e-07  2.12158769e-08 
 5.01187234e+02  6.66402934e-07  2.10171965e-08 
 5.12861384e+02  6.60169704e-07  2.08206116e-08 
 5.24807460e+02  6.54002275e-07  2.06261020e-08 
 5.37031796e+02  6.47900012e-07  2.04336477e-08 
 5.49540874e+02  6.41862285e-07  2.02432287e-08 
 5.62341325e+02  6.35888470e-07  2.00548254e-08 
 5.75439937e+02  6.29977952e-07  1.98684184e-08 
 5.88843655e+02  6.24130119e-07  1.96839884e-08 
 6.02559586e+02  6.18344369e-07  1.95015164e-08 
 6.16595002e+02  6.12620102e-07  1.93209835e-08 
 6.30957344e+02  6.06956729e-07  1.91423711e-08 
 6.45654229e+02  6.01353663e-07  1.89656607e-08 
 6.60693448e+02  5.95810326e-07  1.87908341e-08 
 6.76082975e+02  5.90326144e-07  1.86178731e-08 
 6.91830971e+02  5.84900550e-07  1.84467599e-08 
 7.07945784e+02  5.79532982e-07  1.82774768e-08 
 7.24435960e+02  5.74222886e-07  1.81100063e-08 
 7.41310241e+02  5.68969711e-07  1.79443310e-08 
 7.58577575e+02  5.63772913e-07  1.77804337e-08 
 7.76247117e+02  5.58631953e-07  1.76182975e-08 
 7.94328235e+02  5.53546300e-07  1.74579056e-08 
 8.12830516e+02  5.48515424e-07  1.72992414e-08 
 8.31763771e+02  5.43538805e-07  1.71422883e-08 
 8.51138038e+02  5.38615925e-07  1.69870300e-08 
 8.70963590e+02  5.33746273e-07  1.68334506e-08 
 8.91250938e+02  5.28929343e-07  1.66815339e-08 
 9.12010839e+02  5.24164634e-07  1.65312642e-08 
 9.33254301e+02  5.19451650e-07  1.63826259e-08 
 9.54992586e+02  5.14789901e-07  1.62356034e-08 
 9.77237221e+02  5.10178900e-07  1.60901815e-08 
 1.00000000e+03  5.05618167e-07  1.59463451e-08 
 1.02329299e+03  5.01107227e-07  1.58040790e-08 
 1.04712855e+03  4.96645607e-07  1.56633684e-08 
 1.07151931e+03  4.92232842e-07  1.55241987e-08 
 1.09647820e+03  4.87868470e-07  1.53865553e-08 
 1.12201845e+03  4.83552034e-07  1.52504237e-08 
 1.14815362e+03  4.79283082e-07  1.51157898e-08 
 1.17489755e+03  4.75061167e-07  1.49826393e-08 
 1.20226443e+03  4.70885844e-07  1.48509584e-08 
 1.23026877e+03  4.66756675e-07  1.47207331e-08 
 1.25892541e+03  4.62673227e-07  1.45919498e-08 
 1.28824955e+03  4.58635067e-07  1.44645950e-08 
 1.31825674e+03  4.54641772e-07  1.43386551e-08 
 1.34896288e+03  4.50692919e-07  1.42141169e-08 
 1.38038426e+03  4.46788091e-07  1.40909673e-08 
 1.41253754e+03  4.42926875e-07  1.39691932e-08 
 1.44543977e+03  4.39108862e-07  1.38487816e-08 
 1.47910839e+03  4.35333645e-07  1.37297199e-08 
 1.51356125e+03  4.31600825e-07  1.36119954e-08 
 1.54881662e+03  4.27910004e-07  1.34955956e-08 
 1.58489319e+03  4.24260789e-07  1.33805080e-08 
 1.62181010e+03  4.20652790e-07  1.32667204e-08 
 1.65958691e+03  4.17085620e-07  1.31542206e-08 
 1.69824365e+03  4.13558899e-07  1.30429965e-08 
 1.73780083e+03  4.10072248e-07  1.29330363e-08 
 1.77827941e+03  4.06625292e-07  1.28243281e-08 
 1.81970086e+03  4.03217660e-07  1.27168602e-08 
 1.86208714e+03  3.99848984e-07  1.26106210e-08 
 1.90546072e+03  3.96518900e-07  1.25055991e-08 
 1.94984460e+03  3.93227047e-07  1.24017830e-08 
 1.99526231e+03  3.89973068e-07  1.22991616e-08 
 2.04173794e+03  3.86756610e-07  1.21977236e-08 
 2.08929613e+03  3.83577320e-07  1.20974580e-08 
 2.13796209e+03  3.80434852e-07  1.19983538e-08 
 2.18776162e+03  3.77328862e-07  1.19004002e-08 
 2.23872114e+03  3.74259008e-07  1.18035864e-08 
 2.29086765e+03  3.71224953e-07  1.17079019e-08 
 2.34422882e+03  3.68226361e-07  1.16133359e-08 
 2.39883292e+03  3.65262901e-07  1.15198782e-08 
 2.45470892e+03  3.62334244e-07  1.14275182e-08 
 2.51188643e+03  3.59440064e-07  1.13362457e-08 
 2.57039578e+03  3.56580037e-07  1.12460507e-08 
 2.63026799e+03  3.53753845e-07  1.11569228e-08 
 2.69153480e+03  3.50961169e-07  1.10688523e-08 
 2.75422870e+03  3.48201695e-07  1.09818291e-08 
 2.81838293e+03  3.45475111e-07  1.08958434e-08 
 2.88403150e+03  3.42781108e-07  1.08108855e-08 
 2.95120923e+03  3.40119379e-07  1.07269457e-08 
 3.01995172e+03  3.37489621e-07  1.06440145e-08 
 3.09029543e+03  3.34891532e-07  1.05620823e-08 
 3.16227766e+03  3.32324813e-07  1.04811398e-08 
 3.23593657e+03  3.29789169e-07  1.04011777e-08 
 3.31131121e+03  3.27284305e-07  1.03221866e-08 
 3.38844156e+03  3.24809931e-07  1.02441573e-08 
 3.46736850e+03  3.22365756e-07  1.01670809e-08 
 3.54813389e+03  3.19951496e-07  1.00909483e-08 
 3.63078055e+03  3.17566864e-07  1.00157504e-08 
 3.71535229e+03  3.15211580e-07  9.94147850e-09 
 3.80189396e+03  3.12885363e-07  9.86812371e-09 
 3.89045145e+03  3.10587936e-07  9.79567731e-09 
 3.98107171e+03  3.08319023e-07  9.72413063e-09 
 4.07380278e+03  3.06078351e-07  9.65347507e-09 
 4.16869383e+03  3.03865650e-07  9.58370209e-09 
 4.26579519e+03  3.01680649e-07  9.51480323e-09 
 4.36515832e+03  2.99523083e-07  9.44677008e-09 
 4.46683592e+03  2.97392685e-07  9.37959431e-09 
 4.57088190e+03  2.95289193e-07  9.31326765e-09 
 4.67735141e+03  2.93212345e-07  9.24778187e-09 
 4.78630092e+03  2.91161884e-07  9.18312884e-09 
 4.89778819e+03  2.89137550e-07  9.11930046e-09 
 5.01187234e+03  2.87139089e-07  9.05628869e-09 
 5.12861384e+03  2.85166247e-07  8.99408558e-09 
 5.24807460e+03  2.83218773e-07  8.93268319e-09 
 5.37031796e+03  2.81296416e-07  8.87207369e-09 
 5.49540874e+03  2.79398928e-07  8.81224926e-09 
 5.62341325e+03  2.77526062e-07  8.75320217e-09 
 5.75439937e+03  2.75677574e-07  8.69492472e-09 
 5.88843655e+03  2.73853220e-07  8.63740927e-09 
 6.02559586e+03  2.72052759e-07  8.58064825e-09 
 6.16595002e+03  2.70275951e-07  8.52463412e-09 
 6.30957344e+03  2.68522557e-07  8.46935941e-09 
 6.45654229e+03  2.66792341e-07  8.41481669e-09 
 6.60693448e+03  2.65085067e-07  8.36099858e-09 
 6.76082975e+03  2.63400501e-07  8.30789775e-09 
 6.91830971e+03  2.61738412e-07  8.25550694e-09 
 7.07945784e+03  2.60098569e-07  8.20381890e-09 
 7.24435960e+03  2.58480742e-07  8.15282646e-09 
 7.41310241e+03  2.56884703e-07  8.10252249e-09 
 7.58577575e+03  2.55310226e-07  8.05289991e-09 
 7.76247117e+03  2.53757086e-07  8.00395166e-09 
 7.94328235e+03  2.52225060e-07  7.95567076e-09 
 8.12830516e+03  2.50713924e-07  7.90805027e-09 
 8.31763771e+03  2.49223459e-07  7.86108327e-09 
 8.51138038e+03  2.47753444e-07  7.81476292e-09 
 8.70963590e+03  2.46303661e-07  7.76908240e-09 
 8.91250938e+03  2.44873893e-07  7.72403493e-09 
 9.12010839e+03  2.43463924e-07  7.67961380e-09 
 9.33254301e+03  2.42073540e-07  7.63581232e-09 
 9.54992586e+03  2.40702528e-07  7.59262386e-09 
 9.77237221e+03  2.39350675e-07  7.55004181e-09 
 1.00000000e+04  2.38017770e-07  7.50805962e-09 
 1.02329299e+04  2.36703605e-07  7.46667077e-09 
 1.04712855e+04  2.35407970e-07  7.42586881e-09 
 1.07151931e+04  2.34130658e-07  7.38564729e-09 
 1.09647820e+04  2.32871463e-07  7.34599982e-09 
 1.12201845e+04  2.31630181e-07  7.30692007e-09 
 1.14815362e+04  2.30406606e-07  7.26840173e-09 
 1.17489755e+04  2.29200538e-07  7.23043852e-09 
 1.20226443e+04  2.28011773e-07  7.19302423e-09 
 1.23026877e+04  2.26840112e-07  7.15615267e-09 
 1.25892541e+04  2.25685354e-07  7.11981769e-09 
 1.28824955e+04  2.24547302e-07  7.08401319e-09 
 1.31825674e+04  2.23425758e-07  7.04873311e-09 
 1.34896288e+04  2.22320525e-07  7.01397142e-09 
 1.38038426e+04  2.21231410e-07  6.97972213e-09 
 1.41253754e+04  2.20158216e-07  6.94597931e-09 
 1.44543977e+04  2.19100751e-07  6.91273705e-09 
 1.47910839e+04  2.18058823e-07  6.87998948e-09 
 1.51356125e+04  2.17032240e-07  6.84773077e-09 
 1.54881662e+04  2.16020812e-07  6.81595515e-09 
 1.58489319e+04  2.15024350e-07  6.78465686e-09 
 1.62181010e+04  2.14042664e-07  6.75383021e-09 
 1.65958691e+04  2.13075568e-07  6.72346951e-09 
 1.69824365e+04  2.12122875e-07  6.69356916e-09 
 1.73780083e+04  2.11184398e-07  6.66412355e-09 
 1.77827941e+04  2.10259954e-07  6.63512715e-09 
 1.81970086e+04  2.09349358e-07  6.60657444e-09 
 1.86208714e+04  2.08452426e-07  6.57845996e-09 
 1.90546072e+04  2.07568977e-07  6.55077829e-09 
 1.94984460e+04  2.06698829e-07  6.52352404e-09 
 1.99526231e+04  2.05841801e-07  6.49669185e-09 
 2.04173794e+04  2.04997713e-07  6.47027643e-09 
 2.08929613e+04  2.04166385e-07  6.44427250e-09 
 2.13796209e+04  2.03347639e-07  6.41867485e-09 
 2.18776162e+04  2.02541298e-07  6.39347829e-09 
 2.23872114e+04  2.01747184e-07  6.36867767e-09 
 2.29086765e+04  2.00965120e-07  6.34426790e-09 
 2.34422882e+04  2.00194930e-07  6.32024390e-09 
 2.39883292e+04  1.99436440e-07  6.29660066e-09 
 2.45470892e+04  1.98689474e-07  6.27333320e-09 
 2.51188643e+04  1.97953858e-07  6.25043658e-09 
 2.57039578e+04  1.97229418e-07  6.22790589e-09 
 2.63026799e+04  1.96515982e-07  6.20573629e-09 
 2.69153480e+04  1.95813376e-07  6.18392296e-09 
 2.75422870e+04  1.95121428e-07  6.16246113e-09 
 2.81838293e+04  1.94439965e-07  6.14134605e-09 
 2.88403150e+04  1.93768816e-07  6.12057305e-09 
 2.95120923e+04  1.93107810e-07  6.10013748e-09 
 3.01995172e+04  1.92456775e-07  6.08003472e-09 
 3.09029543e+04  1.91815541e-07  6.06026021e-09 
 3.16227766e+04  1.91183935e-07  6.04080944e-09 
 3.23593657e+04  1.90561788e-07  6.02167791e-09 
 3.31131121e+04  1.89948928e-07  6.00286120e-09 
 3.38844156e+04  1.89345184e-07  5.98435490e-09 
 3.46736850e+04  1.88750387e-07  5.96615467e-09 
 3.54813389e+04  1.88164363e-07  5.94825619e-09 
 3.63078055e+04  1.87586943e-07  5.93065519e-09 
 3.71535229e+04  1.87017954e-07  5.91334745e-09 
 3.80189396e+04  1.86457224e-07  5.89632877e-09 
 3.89045145e+04  1.85904581e-07  5.87959503e-09 
 3.98107171e+04  1.85359852e-07  5.86314213e-09 
 4.07380278e+04  1.84822864e-07  5.84696599e-09 
 4.16869383e+04  1.84293441e-07  5.83106262e-09 
 4.26579519e+04  1.83771409e-07  5.81542804e-09 
 4.36515832e+04  1.83256592e-07  5.80005832e-09 
 4.46683592e+04  1.82748813e-07  5.78494957e-09 
 4.57088190e+04  1.82247893e-07  5.77009796e-09 
 4.67735141e+04  1.81753655e-07  5.75549967e-09 
 4.78630092e+04  1.81265916e-07  5.74115096e-09 
 4.89778819e+04  1.80784496e-07  5.72704809e-09 
 5.01187234e+04  1.80309210e-07  5.71318741e-09 
 5.12861384e+04  1.79839874e-07  5.69956528e-09 
 5.24807460e+04  1.79376299e-07  5.68617811e-09 
 5.37031796e+04  1.78918299e-07  5.67302235e-09 
 5.49540874e+04  1.78465681e-07  5.66009449e-09 
 5.62341325e+04  1.78018251e-07  5.64739107e-09 
 5.75439937e+04  1.77575815e-07  5.63490868e-09 
 5.88843655e+04  1.77138174e-07  5.62264392e-09 
 6.02559586e+04  1.76705127e-07  5.61059347e-09 
 6.16595002e+04  1.76276471e-07  5.59875402e-09 
 6.30957344e+04  1.75851997e-07  5.58712232e-09 
 6.45654229e+04  1.75431496e-07  5.57569516e-09 
 6.60693448e+04  1.75014753e-07  5.56446937e-09 
 6.76082975e+04  1.74601552e-07  5.55344180e-09 
 6.91830971e+04  1.74191671e-07  5.54260938e-09 
 7.07945784e+04  1.73784885e-07  5.53196905e-09 
 7.24435960e+04  1.73380963e-07  5.52151781e-09 
 7.41310241e+04  1.72979671e-07  5.51125268e-09 
 7.58577575e+04  1.72580770e-07  5.50117073e-09 
 7.76247117e+04  1.72184016e-07  5.49126909e-09 
 7.94328235e+04  1.71789159e-07  5.48154489e-09 
 8.12830516e+04  1.71395943e-07  5.47199534e-09 
 8.31763771e+04  1.71004108e-07  5.46261766e-09 
 8.51138038e+04  1.70613386e-07  5.45340913e-09 
 8.70963590e+04  1.70223504e-07  5.44436705e-09 
 8.91250938e+04  1.69834181e-07  5.43548878e-09 
 9.12010839e+04  1.69445131e-07  5.42677170e-09 
 9.33254301e+04  1.69056057e-07  5.41821324e-09 
 9.54992586e+04  1.68666659e-07  5.40981087e-09 
 9.77237221e+04  1.68276625e-07  5.40156208e-09 
 1.00000000e+05  1.67885638e-07  5.39346444e-09 
 1.02329299e+05  1.67493369e-07  5.38551550e-09 
 1.04712855e+05  1.67099484e-07  5.37771290e-09 
 1.07151931e+05  1.66703636e-07  5.37005429e-09 
 1.09647820e+05  1.66305470e-07  5.36253735e-09 
 1.12201845e+05  1.65904623e-07  5.35515983e-09 
 1.14815362e+05  1.65500717e-07  5.34791950e-09 
 1.17489755e+05  1.65093368e-07  5.34081415e-09 
 1.20226443e+05  1.64682180e-07  5.33384162e-09 
 1.23026877e+05  1.64266742e-07  5.32699981e-09 
 1.25892541e+05  1.63846637e-07  5.32028661e-09 
 1.28824955e+05  1.63421433e-07  5.31369999e-09 
 1.31825674e+05  1.62990684e-07  5.30723792e-09 
 1.34896288e+05  1.62553936e-07  5.30089844e-09 
 1.38038426e+05  1.62110719e-07  5.29467960e-09 
 1.41253754e+05  1.61660550e-07  5.28857949e-09 
 1.44543977e+05  1.61202934e-07  5.28259625e-09 
 1.47910839e+05  1.60737362e-07  5.27672805e-09 
 1.51356125e+05  1.60263311e-07  5.27097307e-09 
 1.54881662e+05  1.59780244e-07  5.26532956e-09 
 1.58489319e+05  1.59287612e-07  5.25979579e-09 
 1.62181010e+05  1.58784849e-07  5.25437006e-09 
 1.65958691e+05  1.58271376e-07  5.24905071e-09 
 1.69824365e+05  1.57746602e-07  5.24383612e-09 
 1.73780083e+05  1.57209920e-07  5.23872470e-09 
 1.77827941e+05  1.56660710e-07  5.23371489e-09 
 1.81970086e+05  1.56098339e-07  5.22880516e-09 
 1.86208714e+05  1.55522159e-07  5.22399404e-09 
 1.90546072e+05  1.54931513e-07  5.21928007e-09 
 1.94984460e+05  1.54325729e-07  5.21466182e-09 
 1.99526231e+05  1.53704124e-07  5.21013791e-09 
 2.04173794e+05  1.53066004e-07  5.20570700e-09 
 2.08929613e+05  1.52410668e-07  5.20136776e-09 
 2.13796209e+05  1.51737402e-07  5.19711891e-09 
 2.18776162e+05  1.51045487e-07  5.19295921e-09 
 2.23872114e+05  1.50334198e-07  5.18888743e-09 
 2.29086765e+05  1.49602804e-07  5.18490241e-09 
 2.34422882e+05  1.48850571e-07  5.18100298e-09 
 2.39883292e+05  1.48076765e-07  5.17718805e-09 
 2.45470892e+05  1.47280651e-07  5.17345652e-09 
 2.51188643e+05  1.46461500e-07  5.16980737e-09 
 2.57039578e+05  1.45618585e-07  5.16623957e-09 
 2.63026799e+05  1.44751190e-07  5.16275216e-09 
 2.69153480e+05  1.43858609e-07  5.15934419e-09 
 2.75422870e+05  1.42940152e-07  5.15601476e-09 
 2.81838293e+05  1.41995144e-07  5.15276300e-09 
 2.88403150e+05  1.41022934e-07  5.14958807e-09 
 2.95120923e+05  1.40022895e-07  5.14648917e-09 
 3.01995172e+05  1.38994430e-07  5.14346553e-09 
 3.09029543e+05  1.37936974e-07  5.14051643e-09 
 3.16227766e+05  1.36850003e-07  5.13764118e-09 
 3.23593657e+05  1.35733032e-07  5.13483910e-09 
 3.31131121e+05  1.34585627e-07  5.13210958e-09 
 3.38844156e+05  1.33407403e-07  5.12945202e-09 
 3.46736850e+05  1.32198037e-07  5.12686589e-09 
 3.54813389e+05  1.30957263e-07  5.12435066e-09 
 3.63078055e+05  1.29684887e-07  5.12190584e-09 
 3.71535229e+05  1.28380786e-07  5.11953101e-09 
 3.80189396e+05  1.27044916e-07  5.11722575e-09 
 3.89045145e+05  1.25677313e-07  5.11498969e-09 
 3.98107171e+05  1.24278104e-07  5.11282250e-09 
 4.07380278e+05  1.22847506e-07  5.11072389e-09 
 4.16869383e+05  1.21385831e-07  5.10869359e-09 
 4.26579519e+05  1.19893493e-07  5.10673138e-09 
 4.36515832e+05  1.18371009e-07  5.10483709e-09 
 4.46683592e+05  1.16819000e-07  5.10301054e-09 
 4.57088190e+05  1.15238196e-07  5.10125165e-09 
 4.67735141e+05  1.13629437e-07  5.09956033e-09 
 4.78630092e+05  1.11993672e-07  5.09793655e-09 
 4.89778819e+05  1.10331963e-07  5.09638030e-09 
 5.01187234e+05  1.08645480e-07  5.09489163e-09 
 5.12861384e+05  1.06935499e-07  5.09347060e-09 
 5.24807460e+05  1.05203403e-07  5.09211731e-09 
 5.37031796e+05  1.03450678e-07  5.09083192e-09 
 5.49540874e+05  1.01678905e-07  5.08961461e-09 
 5.62341325e+05  9.98897570e-08  5.08846557e-09 
 5.75439937e+05  9.80849942e-08  5.08738507e-09 
 5.88843655e+05  9.62664541e-08  5.08637338e-09 
 6.02559586e+05  9.44360450e-08  5.08543081e-09 
 6.16595002e+05  9.25957374e-08  5.08455772e-09 
 6.30957344e+05  9.07475542e-08  5.08375446e-09 
 6.45654229e+05  8.88935612e-08  5.08302145e-09 
 6.60693448e+05  8.70358567e-08  5.08235913e-09 
 6.76082975e+05  8.51765608e-08  5.08176795e-09 
 6.91830971e+05  8.33178045e-08  5.08124840e-09 
 7.07945784e+05  8.14617186e-08  5.08080099e-09 
 7.24435960e+05  7.96104229e-08  5.08042627e-09 
 7.41310241e+05  7.77660153e-08  5.08012478e-09 
 7.58577575e+05  7.59305610e-08  5.07989711e-09 
 7.76247117e+05  7.41060825e-08  5.07974385e-09 
 7.94328235e+05  7.22945500e-08  5.07966561e-09 
 8.12830516e+05  7.04978719e-08  5.07966303e-09 
 8.31763771e+05  6.87178865e-08  5.07973675e-09 
 8.51138038e+05  6.69563544e-08  5.07988741e-09 
 8.70963590e+05  6.52149514e-08  5.08011569e-09 
 8.91250938e+05  6.34952623e-08  5.08042224e-09 
 9.12010839e+05  6.17987761e-08  5.08080775e-09 
 9.33254301e+05  6.01268815e-08  5.08127289e-09 
 9.54992586e+05  5.84808632e-08  5.08181834e-09 
 9.77237221e+05  5.68619001e-08  5.08244478e-09 
 1.00000000e+06  5.52710630e-08  5.08315288e-09 
 1.02329299e+06  5.37093143e-08  5.08394334e-09 
 1.04712855e+06  5.21775078e-08  5.08481680e-09 
 1.07151931e+06  5.06763896e-08  5.08577395e-09 
 1.09647820e+06  4.92065997e-08  5.08681544e-09 
 1.12201845e+06  4.77686737e-08  5.08794192e-09 
 1.14815362e+06  4.63630463e-08  5.08915404e-09 
 1.17489755e+06  4.49900537e-08  5.09045245e-09 
 1.20226443e+06  4.36499378e-08  5.09183778e-09 
 1.23026877e+06  4.23428501e-08  5.09331066e-09 
 1.25892541e+06  4.10688561e-08  5.09487173e-09 
 1.28824955e+06  3.98279400e-08  5.09652162e-09 
 1.31825674e+06  3.86200091e-08  5.09826096e-09 
 1.34896288e+06  3.74448995e-08  5.10009040e-09 
 1.38038426e+06  3.63023802e-08  5.10201060e-09 
 1.41253754e+06  3.51921589e-08  5.10402222e-09 
 1.44543977e+06  3.41138867e-08  5.10612597e-09 
 1.47910839e+06  3.30671632e-08  5.10832256e-09 
 1.51356125e+06  3.20515412e-08  5.11061276e-09 
 1.54881662e+06  3.10665316e-08  5.11299736e-09 
 1.58489319e+06  3.01116083e-08  5.11547723e-09 
 1.62181010e+06  2.91862121e-08  5.11805329e-09 
 1.65958691e+06  2.82897555e-08  5.12072652e-09 
 1.69824365e+06  2.74216265e-08  5.12349801e-09 
 1.73780083e+06  2.65811926e-08  5.12636891e-09 
 1.77827941e+06  2.57678043e-08  5.12934051e-09 
 1.81970086e+06  2.49807988e-08  5.13241421e-09 
 1.86208714e+06  2.42195032e-08  5.13559151e-09 
 1.90546072e+06  2.34832370e-08  5.13887411e-09 
 1.94984460e+06  2.27713156e-08  5.14226381e-09 
 1.99526231e+06  2.20830524e-08  5.14576264e-09 
 2.04173794e+06  2.14177611e-08  5.14937278e-09 
 2.08929613e+06  2.07747583e-08  5.15309662e-09 
 2.13796209e+06  2.01533649e-08  5.15693677e-09 
 2.18776162e+06  1.95529081e-08  5.16089606e-09 
 2.23872114e+06  1.89727230e-08  5.16497757e-09 
 2.29086765e+06  1.84121540e-08  5.16918464e-09 
 2.34422882e+06  1.78705557e-08  5.17352088e-09 
 2.39883292e+06  1.73472946e-08  5.17799018e-09 
 2.45470892e+06  1.68417495e-08  5.18259672e-09 
 2.51188643e+06  1.63533123e-08  5.18734500e-09 
 2.57039578e+06  1.58813889e-08  5.19223984e-09 
 2.63026799e+06  1.54253999e-08  5.19728638e-09 
 2.69153480e+06  1.49847804e-08  5.20249011e-09 
 2.75422870e+06  1.45589811e-08  5.20785687e-09 
 2.81838293e+06  1.41474678e-08  5.21339284e-09 
 2.88403150e+06  1.37497222e-08  5.21910458e-09 
 2.95120923e+06  1.33652417e-08  5.22499903e-09 
 3.01995172e+06  1.29935392e-08  5.23108348e-09 
 3.09029543e+06  1.26341436e-08  5.23736563e-09 
 3.16227766e+06  1.22865991e-08  5.24385355e-09 
 3.23593657e+06  1.19504654e-08  5.25055570e-09 
 3.31131121e+06  1.16253174e-08  5.25748093e-09 
 3.38844156e+06  1.13107453e-08  5.26463848e-09 
 3.46736850e+06  1.10063534e-08  5.27203797e-09 
 3.54813389e+06  1.07117611e-08  5.27968942e-09 
 3.63078055e+06  1.04266013e-08  5.28760321e-09 
 3.71535229e+06  1.01505212e-08  5.29579013e-09 
 3.80189396e+06  9.88318097e-09  5.30426132e-09 
 3.89045145e+06  9.62425407e-09  5.31302828e-09 
 3.98107171e+06  9.37342652e-09  5.32210289e-09 
 4.07380278e+06  9.13039665e-09  5.33149735e-09 
 4.16869383e+06  8.89487463e-09  5.34122420e-09 
 4.26579519e+06  8.66658213e-09  5.35129631e-09 
 4.36515832e+06  8.44525191e-09  5.36172684e-09 
 4.46683592e+06  8.23062742e-09  5.37252926e-09 
 4.57088190e+06  8.02246240e-09  5.38371727e-09 
 4.67735141e+06  7.82052054e-09  5.39530484e-09 
 4.78630092e+06  7.62457503e-09  5.40730618e-09 
 4.89778819e+06  7.43440825e-09  5.41973565e-09 
 5.01187234e+06  7.24981139e-09  5.43260783e-09 
 5.12861384e+06  7.07058404e-09  5.44593739e-09 
 5.24807460e+06  6.89653394e-09  5.45973915e-09 
 5.37031796e+06  6.72747654e-09  5.47402797e-09 
 5.49540874e+06  6.56323476e-09  5.48881875e-09 
 5.62341325e+06  6.40363861e-09  5.50412638e-09 
 5.75439937e+06  6.24852492e-09  5.51996569e-09 
 5.88843655e+06  6.09773703e-09  5.53635142e-09 
 6.02559586e+06  5.95112451e-09  5.55329814e-09 
 6.16595002e+06  5.80854289e-09  5.57082024e-09 
 6.30957344e+06  5.66985340e-09  5.58893182e-09 
 6.45654229e+06  5.53492271e-09  5.60764667e-09 
 6.60693448e+06  5.40362271e-09  5.62697822e-09 
 6.76082975e+06  5.27583025e-09  5.64693943e-09 
 6.91830971e+06  5.15142698e-09  5.66754274e-09 
 7.07945784e+06  5.03029906e-09  5.68880003e-09 
 7.24435960e+06  4.91233706e-09  5.71072251e-09 
 7.41310241e+06  4.79743568e-09  5.73332067e-09 
 7.58577575e+06  4.68549365e-09  5.75660419e-09 
 7.76247117e+06  4.57641351e-09  5.78058188e-09 
 7.94328235e+06  4.47010149e-09  5.80526158e-09 
 8.12830516e+06  4.36646734e-09  5.83065011e-09 
 8.31763771e+06  4.26542417e-09  5.85675317e-09 
 8.51138038e+06  4.16688836e-09  5.88357528e-09 
 8.70963590e+06  4.07077942e-09  5.91111970e-09 
 8.91250938e+06  3.97701983e-09  5.93938834e-09 
 9.12010839e+06  3.88553498e-09  5.96838174e-09 
 9.33254301e+06  3.79625306e-09  5.99809892e-09 
 9.54992586e+06  3.70910493e-09  6.02853742e-09 
 9.77237221e+06  3.62402402e-09  6.05969316e-09 
 1.00000000e+07  3.54094630e-09  6.09156043e-09 
 1.02329299e+07  3.45981012e-09  6.12413184e-09 
 1.04712855e+07  3.38055619e-09  6.15739829e-09 
 1.07151931e+07  3.30312746e-09  6.19134892e-09 
 1.09647820e+07  3.22746906e-09  6.22597113e-09 
 1.12201845e+07  3.15352824e-09  6.26125055e-09 
 1.14815362e+07  3.08125429e-09  6.29717102e-09 
 1.17489755e+07  3.01059847e-09  6.33371468e-09 
 1.20226443e+07  2.94151398e-09  6.37086192e-09 
 1.23026877e+07  2.87395583e-09  6.40859147e-09 
 1.25892541e+07  2.80788086e-09  6.44688045e-09 
 1.28824955e+07  2.74324760e-09  6.48570441e-09 
 1.31825674e+07  2.68001631e-09  6.52503746e-09 
 1.34896288e+07  2.61814881e-09  6.56485234e-09 
 1.38038426e+07  2.55760853e-09  6.60512054e-09 
 1.41253754e+07  2.49836037e-09  6.64581241e-09 
 1.44543977e+07  2.44037071e-09  6.68689733e-09 
 1.47910839e+07  2.38360732e-09  6.72834385e-09 
 1.51356125e+07  2.32803931e-09  6.77011986e-09 
 1.54881662e+07  2.27363709e-09  6.81219274e-09 
 1.58489319e+07  2.22037232e-09  6.85452957e-09 
 1.62181010e+07  2.16821786e-09  6.89709735e-09 
 1.65958691e+07  2.11714768e-09  6.93986313e-09 
 1.69824365e+07  2.06713688e-09  6.98279430e-09 
 1.73780083e+07  2.01816158e-09  7.02585872e-09 
 1.77827941e+07  1.97019892e-09  7.06902501e-09 
 1.81970086e+07  1.92322695e-09  7.11226270e-09 
 1.86208714e+07  1.87722467e-09  7.15554245e-09 
 1.90546072e+07  1.83217191e-09  7.19883631e-09 
 1.94984460e+07  1.78804932e-09  7.24211781e-09 
 1.99526231e+07  1.74483831e-09  7.28536224e-09 
 2.04173794e+07  1.70252104e-09  7.32854680e-09 
 2.08929613e+07  1.66108033e-09  7.37165071e-09 
 2.13796209e+07  1.62049966e-09  7.41465544e-09 
 2.18776162e+07  1.58076310e-09  7.45754476e-09 
 2.23872114e+07  1.54185530e-09  7.50030489e-09 
 2.29086765e+07  1.50376144e-09  7.54292457e-09 
 2.34422882e+07  1.46646717e-09  7.58539515e-09 
 2.39883292e+07  1.42995862e-09  7.62771059e-09 
 2.45470892e+07  1.39422231e-09  7.66986752e-09 
 2.51188643e+07  1.35924518e-09  7.71186520e-09 
 2.57039578e+07  1.32501450e-09  7.75370554e-09 
 2.63026799e+07  1.29151788e-09  7.79539299e-09 
 2.69153480e+07  1.25874320e-09  7.83693451e-09 
 2.75422870e+07  1.22667862e-09  7.87833947e-09 
 2.81838293e+07  1.19531253e-09  7.91961953e-09 
 2.88403150e+07  1.16463353e-09  7.96078850e-09 
 2.95120923e+07  1.13463041e-09  8.00186220e-09 
 3.01995172e+07  1.10529210e-09  8.04285834e-09 
 3.09029543e+07  1.07660770e-09  8.08379628e-09 
 3.16227766e+07  1.04856640e-09  8.12469689e-09 
 3.23593657e+07  1.02115750e-09  8.16558238e-09 
 3.31131121e+07  9.94370394e-10  8.20647608e-09 
 3.38844156e+07  9.68194527e-10  8.24740228e-09 
 3.46736850e+07  9.42619413e-10  8.28838603e-09 
 3.54813389e+07  9.17634606e-10  8.32945297e-09 
 3.63078055e+07  8.93229699e-10  8.37062919e-09 
 3.71535229e+07  8.69394313e-10  8.41194101e-09 
 3.80189396e+07  8.46118094e-10  8.45341491e-09 
 3.89045145e+07  8.23390710e-10  8.49507737e-09 
 3.98107171e+07  8.01201852e-10  8.53695475e-09 
 4.07380278e+07  7.79541230e-10  8.57907322e-09 
 4.16869383e+07  7.58398580e-10  8.62145870e-09 
 4.26579519e+07  7.37763665e-10  8.66413679e-09 
 4.36515832e+07  7.17626285e-10  8.70713277e-09 
 4.46683592e+07  6.97976277e-10  8.75047156e-09 
 4.57088190e+07  6.78803531e-10  8.79417780e-09 
 4.67735141e+07  6.60097992e-10  8.83827582e-09 
 4.78630092e+07  6.41849676e-10  8.88278976e-09 
 4.89778819e+07  6.24048675e-10  8.92774362e-09 
 5.01187234e+07  6.06685172e-10  8.97316135e-09 
 5.12861384e+07  5.89749452e-10  9.01906702e-09 
 5.24807460e+07  5.73231912e-10  9.06548487e-09 
 5.37031796e+07  5.57123070e-10  9.11243954e-09 
 5.49540874e+07  5.41413583e-10  9.15995614e-09 
 5.62341325e+07  5.26094250e-10  9.20806050e-09 
 5.75439937e+07  5.11156029e-10  9.25677928e-09 
 5.88843655e+07  4.96590040e-10  9.30614016e-09 
 6.02559586e+07  4.82387581e-10  9.35617206e-09 
 6.16595002e+07  4.68540127e-10  9.40690528e-09 
 6.30957344e+07  4.55039347e-10  9.45837168e-09 
 6.45654229e+07  4.41877102e-10  9.51060491e-09 
 6.60693448e+07  4.29045453e-10  9.56364052e-09 
 6.76082975e+07  4.16536668e-10  9.61751621e-09 
 6.91830971e+07  4.04343218e-10  9.67227191e-09 
 7.07945784e+07  3.92457784e-10  9.72795001e-09 
 7.24435960e+07  3.80873256e-10  9.78459550e-09 
 7.41310241e+07  3.69582731e-10  9.84225607e-09 
 7.58577575e+07  3.58579514e-10  9.90098231e-09 
 7.76247117e+07  3.47857115e-10  9.96082778e-09 
 7.94328235e+07  3.37409242e-10  1.00218492e-08 
 8.12830516e+07  3.27229801e-10  1.00841063e-08 
 8.31763771e+07  3.17312887e-10  1.01476625e-08 
 8.51138038e+07  3.07652782e-10  1.02125844e-08 
 8.70963590e+07  2.98243945e-10  1.02789419e-08 
 8.91250938e+07  2.89081004e-10  1.03468089e-08 
 9.12010839e+07  2.80158752e-10  1.04162625e-08 
 9.33254301e+07  2.71472134e-10  1.04873837e-08 
 9.54992586e+07  2.63016243e-10  1.05602572e-08 
 9.77237221e+07  2.54786306e-10  1.06349715e-08 
 1.00000000e+08  2.46777681e-10  1.07116188e-08 
 1.02329299e+08  2.38985843e-10  1.07902952e-08 
 1.04712855e+08  2.31406376e-10  1.08711007e-08 
 1.07151931e+08  2.24034967e-10  1.09541392e-08 
 1.09647820e+08  2.16867393e-10  1.10395184e-08 
 1.12201845e+08  2.09899517e-10  1.11273500e-08 
 1.14815362e+08  2.03127277e-10  1.12177498e-08 
 1.17489755e+08  1.96546677e-10  1.13108374e-08 
 1.20226443e+08  1.90153787e-10  1.14067365e-08 
 1.23026877e+08  1.83944728e-10  1.15055747e-08 
 1.25892541e+08  1.77915671e-10  1.16074838e-08 
 1.28824955e+08  1.72062831e-10  1.17125994e-08 
 1.31825674e+08  1.66382460e-10  1.18210616e-08 
 1.34896288e+08  1.60870846e-10  1.19330141e-08 
 1.38038426e+08  1.55524309e-10  1.20486052e-08 
 1.41253754e+08  1.50339195e-10  1.21679870e-08 
 1.44543977e+08  1.45311879e-10  1.22913161e-08 
 1.47910839e+08  1.40438760e-10  1.24187532e-08 
 1.51356125e+08  1.35716259e-10  1.25504635e-08 
 1.54881662e+08  1.31140823e-10  1.26866162e-08 
 1.58489319e+08  1.26708922e-10  1.28273855e-08 
 1.62181010e+08  1.22417048e-10  1.29729496e-08 
 1.65958691e+08  1.18261722e-10  1.31234916e-08 
 1.69824365e+08  1.14239488e-10  1.32791992e-08 
 1.73780083e+08  1.10346921e-10  1.34402649e-08 
 1.77827941e+08  1.06580624e-10  1.36068864e-08 
 1.81970086e+08  1.02937233e-10  1.37792660e-08 
 1.86208714e+08  9.94134193e-11  1.39576115e-08 
 1.90546072e+08  9.60058913e-11  1.41421360e-08 
 1.94984460e+08  9.27113965e-11  1.43330582e-08 
 1.99526231e+08  8.95267247e-11  1.45306024e-08 
 2.04173794e+08  8.64487107e-11  1.47349989e-08 
 2.08929613e+08  8.34742360e-11  1.49464840e-08 
 2.13796209e+08  8.06002321e-11  1.51653008e-08 
 2.18776162e+08  7.78236819e-11  1.53916985e-08 
 2.23872114e+08  7.51416227e-11  1.56259336e-08 
 2.29086765e+08  7.25511472e-11  1.58682697e-08 
 2.34422882e+08  7.00494060e-11  1.61189779e-08 
 2.39883292e+08  6.76336089e-11  1.63783374e-08 
 2.45470892e+08  6.53010264e-11  1.66466353e-08 
 2.51188643e+08  6.30489906e-11  1.69241676e-08 
 2.57039578e+08  6.08748966e-11  1.72112394e-08 
 2.63026799e+08  5.87762030e-11  1.75081651e-08 
 2.69153480e+08  5.67504322e-11  1.78152692e-08 
 2.75422870e+08  5.47951713e-11  1.81328867e-08 
 2.81838293e+08  5.29080720e-11  1.84613633e-08 
 2.88403150e+08  5.10868504e-11  1.88010567e-08 
 2.95120923e+08  4.93292870e-11  1.91523363e-08 
 3.01995172e+08  4.76332263e-11  1.95155846e-08 
 3.09029543e+08  4.59965763e-11  1.98911971e-08 
 3.16227766e+08  4.44173076e-11  2.02795837e-08 
 3.23593657e+08  4.28934531e-11  2.06811689e-08 
 3.31131121e+08  4.14231065e-11  2.10963927e-08 
 3.38844156e+08  4.00044220e-11  2.15257115e-08 
 3.46736850e+08  3.86356124e-11  2.19695987e-08 
 3.54813389e+08  3.73149486e-11  2.24285457e-08 
 3.63078055e+08  3.60407580e-11  2.29030627e-08 
 3.71535229e+08  3.48114233e-11  2.33936797e-08 
 3.80189396e+08  3.36253814e-11  2.39009474e-08 
 3.89045145e+08  3.24811216e-11  2.44254382e-08 
 3.98107171e+08  3.13771844e-11  2.49677472e-08 
 4.07380278e+08  3.03121602e-11  2.55284934e-08 
 4.16869383e+08  2.92846877e-11  2.61083204e-08 
 4.26579519e+08  2.82934526e-11  2.67078980e-08 
 4.36515832e+08  2.73371861e-11  2.73279232e-08 
 4.46683592e+08  2.64146632e-11  2.79691212e-08 
 4.57088190e+08  2.55247020e-11  2.86322468e-08 
 4.67735141e+08  2.46661615e-11  2.93180857e-08 
 4.78630092e+08  2.38379406e-11  3.00274554e-08 
 4.89778819e+08  2.30389769e-11  3.07612071e-08 
 5.01187234e+08  2.22682450e-11  3.15202262e-08 
 5.12861384e+08  2.15247552e-11  3.23054345e-08 
 5.24807460e+08  2.08075527e-11  3.31177909e-08 
 5.37031796e+08  2.01157158e-11  3.39582928e-08 
 5.49540874e+08  1.94483548e-11  3.48279777e-08 
 5.62341325e+08  1.88046110e-11  3.57279243e-08 
 5.75439937e+08  1.81836557e-11  3.66592541e-08 
 5.88843655e+08  1.75846885e-11  3.76231323e-08 
 6.02559586e+08  1.70069366e-11  3.86207694e-08 
 6.16595002e+08  1.64496539e-11  3.96534224e-08 
 6.30957344e+08  1.59121198e-11  4.07223961e-08 
 6.45654229e+08  1.53936382e-11  4.18290442e-08 
 6.60693448e+08  1.48935367e-11  4.29747703e-08 
 6.76082975e+08  1.44111656e-11  4.41610294e-08 
 6.91830971e+08  1.39458972e-11  4.53893288e-08 
 7.07945784e+08  1.34971249e-11  4.66612289e-08 
 7.24435960e+08  1.30642624e-11  4.79783444e-08 
 7.41310241e+08  1.26467432e-11  4.93423447e-08 
 7.58577575e+08  1.22440194e-11  5.07549555e-08 
 7.76247117e+08  1.18555617e-11  5.22179585e-08 
 7.94328235e+08  1.14808581e-11  5.37331927e-08 
 8.12830516e+08  1.11194138e-11  5.53025544e-08 
 8.31763771e+08  1.07707505e-11  5.69279979e-08 
 8.51138038e+08  1.04344057e-11  5.86115356e-08 
 8.70963590e+08  1.01099324e-11  6.03552381e-08 
 8.91250938e+08  9.79689841e-12  6.21612346e-08 
 9.12010839e+08  9.49488607e-12  6.40317121e-08 
 9.33254301e+08  9.20349172e-12  6.59689158e-08 
 9.54992586e+08  8.92232527e-12  6.79751485e-08 
 9.77237221e+08  8.65100984e-12  7.00527700e-08 
 1.00000000e+09  8.38918133e-12  7.22041966e-08 
