 frequency              onoise_spectrum        inoise_spectrum       
 1.000000000000000e+00  5.921808177247096e-06  5.657752856405999e-06 
 1.019373485938873e+00  5.872180707372072e-06  5.610338291287248e-06 
 1.039122303835169e+00  5.822974060557470e-06  5.563325784593853e-06 
 1.059253725177289e+00  5.774184620116511e-06  5.516711880908783e-06 
 1.079775162327710e+00  5.725808800912853e-06  5.470493154957538e-06 
 1.100694171252210e+00  5.677843049083561e-06  5.424666211345249e-06 
 1.122018454301964e+00  5.630283841760821e-06  5.379227684290167e-06 
 1.143755863049539e+00  5.583127686796666e-06  5.334174237359868e-06 
 1.165914401179832e+00  5.536371122493308e-06  5.289502563215128e-06 
 1.188502227437019e+00  5.490010717330717e-06  5.245209383348214e-06 
 1.211527658628589e+00  5.444043069700777e-06  5.201291447829838e-06 
 1.234999172687586e+00  5.398464807643018e-06  5.157745535056476e-06 
 1.258925411794168e+00  5.353272588579713e-06  5.114568451497230e-06 
 1.283315185557652e+00  5.308463099059630e-06  5.071757031448268e-06 
 1.308177474260195e+00  5.264033054496501e-06  5.029308136784159e-06 
 1.333521432163325e+00  5.219979198916752e-06  4.987218656716399e-06 
 1.359356390878527e+00  5.176298304703173e-06  4.945485507548500e-06 
 1.385691862803129e+00  5.132987172347172e-06  4.904105632438278e-06 
 1.412537544622755e+00  5.090042630198089e-06  4.863076001160433e-06 
 1.439903320881634e+00  5.047461534217699e-06  4.822393609870447e-06 
 1.467799267622071e+00  5.005240767735514e-06  4.782055480871290e-06 
 1.496235656094435e+00  4.963377241207061e-06  4.742058662381904e-06 
 1.525222956539020e+00  4.921867891975440e-06  4.702400228310099e-06 
 1.554771842041175e+00  4.880709684030742e-06  4.663077278023367e-06 
 1.584893192461115e+00  4.839899607777326e-06  4.624086936124328e-06 
 1.615598098439875e+00  4.799434679798763e-06  4.585426352227976e-06 
 1.646897865482870e+00  4.759311942627473e-06  4.547092700741357e-06 
 1.678804018122562e+00  4.719528464515006e-06  4.509083180643786e-06 
 1.711328304161782e+00  4.680081339205339e-06  4.471395015270094e-06 
 1.744482698999256e+00  4.640967685708234e-06  4.434025452093895e-06 
 1.778279410038925e+00  4.602184648078818e-06  4.396971762517980e-06 
 1.812730881184701e+00  4.563729395194341e-06  4.360231241660798e-06 
 1.847849797422293e+00  4.525599120535130e-06  4.323801208145552e-06 
 1.883649089489803e+00  4.487791041969289e-06  4.287679003896964e-06 
 1.920141938638804e+00  4.450302401534884e-06  4.251861993931321e-06 
 1.957341781487663e+00  4.413130465229052e-06  4.216347566155734e-06 
 1.995262314968882e+00  4.376272522794557e-06  4.181133131164602e-06 
 2.033917501372295e+00  4.339725887512289e-06  4.146216122040013e-06 
 2.073321573485958e+00  4.303487895991996e-06  4.111593994153336e-06 
 2.113489039836649e+00  4.267555907967704e-06  4.077264224969033e-06 
 2.154434690031886e+00  4.231927306093206e-06  4.043224313848910e-06 
 2.196173600205439e+00  4.196599495740009e-06  4.009471781860072e-06 
 2.238721138568343e+00  4.161569904797402e-06  3.976004171582842e-06 
 2.282092971067454e+00  4.126835983474241e-06  3.942819046922241e-06 
 2.326305067153629e+00  4.092395204100583e-06  3.909913992917766e-06 
 2.371373705661659e+00  4.058245060935574e-06  3.877286615560478e-06 
 2.417315480804108e+00  4.024383069971633e-06  3.844934541605502e-06 
 2.464147308281285e+00  3.990806768744620e-06  3.812855418390556e-06 
 2.511886431509584e+00  3.957513716143563e-06  3.781046913655074e-06 
 2.560550427970480e+00  3.924501492222224e-06  3.749506715358196e-06 
 2.610157215682541e+00  3.891767698013512e-06  3.718232531504288e-06 
 2.660725059798814e+00  3.859309955344184e-06  3.687222089963439e-06 
 2.712272579332033e+00  3.827125906652488e-06  3.656473138298193e-06 
 2.764818754010113e+00  3.795213214806007e-06  3.625983443589242e-06 
 2.818382931264459e+00  3.763569562921962e-06  3.595750792265176e-06 
 2.872984833353670e+00  3.732192654189804e-06  3.565772989930455e-06 
 2.928644564625242e+00  3.701080211693737e-06  3.536047861197639e-06 
 2.985382618917966e+00  3.670229978238101e-06  3.506573249520439e-06 
 3.043219887107728e+00  3.639639716174440e-06  3.477347017027670e-06 
 3.102177664799508e+00  3.609307207228324e-06  3.448367044358390e-06 
 3.162277660168387e+00  3.579230252330021e-06  3.419631230500421e-06 
 3.223542001952470e+00  3.549406671445852e-06  3.391137492627997e-06 
 3.285993247600662e+00  3.519834303410326e-06  3.362883765943113e-06 
 3.349654391578285e+00  3.490511005759635e-06  3.334868003514957e-06 
 3.414548873833610e+00  3.461434654569446e-06  3.307088176125531e-06 
 3.480700588428419e+00  3.432603144289437e-06  3.279542272112043e-06 
 3.548133892335763e+00  3.404014387583922e-06  3.252228297213371e-06 
 3.616873614408168e+00  3.375666315170891e-06  3.225144274417515e-06 
 3.686945064519584e+00  3.347556875663156e-06  3.198288243809643e-06 
 3.758374042884451e+00  3.319684035412773e-06  3.171658262422356e-06 
 3.831186849557297e+00  3.292045778352738e-06  3.145252404085938e-06 
 3.905410294116390e+00  3.264640105845358e-06  3.119068759282826e-06 
 3.981071705534982e+00  3.237465036527515e-06  3.093105434999042e-06 
 4.058198942243808e+00  3.210518606159900e-06  3.067360554581726e-06 
 4.136820402388517e+00  3.183798867476139e-06  3.041832257593560e-06 
 4.216965034285833e+00  3.157303890033746e-06  3.016518699671018e-06 
 4.298662347082288e+00  3.131031760068196e-06  2.991418052385231e-06 
 4.381942421619448e+00  3.104980580344528e-06  2.966528503099338e-06 
 4.466835921509642e+00  3.079148470013537e-06  2.941848254831903e-06 
 4.553374104426261e+00  3.053533564467712e-06  2.917375526118808e-06 
 4.641588833612791e+00  3.028134015199030e-06  2.893108550877482e-06 
 4.731512589614817e+00  3.002947989657799e-06  2.869045578272369e-06 
 4.823178482239319e+00  2.977973671113052e-06  2.845184872580945e-06 
 4.916620262745656e+00  2.953209258512955e-06  2.821524713061271e-06 
 5.011872336272736e+00  2.928652966348566e-06  2.798063393820324e-06 
 5.108969774506941e+00  2.904303024517457e-06  2.774799223685505e-06 
 5.207948328595478e+00  2.880157678187729e-06  2.751730526073156e-06 
 5.308844442309899e+00  2.856215187665785e-06  2.728855638863253e-06 
 5.411695265464652e+00  2.832473828262369e-06  2.706172914271044e-06 
 5.516538667595595e+00  2.808931890162526e-06  2.683680718722650e-06 
 5.623413251903506e+00  2.785587678293839e-06  2.661377432729577e-06 
 5.732358369467730e+00  2.762439512199134e-06  2.639261450766782e-06 
 5.843414133735193e+00  2.739485725906830e-06  2.617331181148870e-06 
 5.956621435290122e+00  2.716724667805725e-06  2.595585045910429e-06 
 6.072021956909904e+00  2.694154700517937e-06  2.574021480685048e-06 
 6.189658188912625e+00  2.671774200775952e-06  2.552638934586785e-06 
 6.309573444801952e+00  2.649581559297385e-06  2.531435870092102e-06 
 6.431811877215107e+00  2.627575180664196e-06  2.510410762922962e-06 
 6.556418494179809e+00  2.605753483200573e-06  2.489562101930947e-06 
 6.683439175686167e+00  2.584114898853400e-06  2.468888388983088e-06 
 6.812920690579634e+00  2.562657873072702e-06  2.448388138847208e-06 
 6.944910713781234e+00  2.541380864693448e-06  2.428059879079210e-06 
 7.079457843841402e+00  2.520282345819180e-06  2.407902149912170e-06 
 7.216611620833906e+00  2.499360801705625e-06  2.387913504144571e-06 
 7.356422544596438e+00  2.478614730646241e-06  2.368092507031792e-06 
 7.498942093324583e+00  2.458042643857789e-06  2.348437736175637e-06 
 7.644222742526028e+00  2.437643065367099e-06  2.328947781417153e-06 
 7.792317984341968e+00  2.417414531900892e-06  2.309621244730781e-06 
 7.943282347242842e+00  2.397355592773060e-06  2.290456740117113e-06 
 8.097171416105647e+00  2.377464809775118e-06  2.271452893497817e-06 
 8.254041852680212e+00  2.357740757068613e-06  2.252608342612876e-06 
 8.413951416451980e+00  2.338182021075539e-06  2.233921736916414e-06 
 8.576958985908970e+00  2.318787200371915e-06  2.215391737474234e-06 
 8.743124580220766e+00  2.299554905581684e-06  2.197017016863123e-06 
 8.912509381337486e+00  2.280483759272742e-06  2.178796259071004e-06 
 9.085175756516900e+00  2.261572395850528e-06  2.160728159395719e-06 
 9.261187281287969e+00  2.242819461456021e-06  2.142811424347162e-06 
 9.440608762859268e+00  2.224223613864227e-06  2.125044771550556e-06 
 9.623506263980921e+00  2.205783522381182e-06  2.107426929648167e-06 
 9.809947127268810e+00  2.187497867744154e-06  2.089956638203392e-06 
 1.000000000000004e+01  2.169365342021938e-06  2.072632647606325e-06 
 1.019373485938877e+01  2.151384648516373e-06  2.055453718978850e-06 
 1.039122303835173e+01  2.133554501663646e-06  2.038418624080934e-06 
 1.059253725177293e+01  2.115873626938254e-06  2.021526145218552e-06 
 1.079775162327714e+01  2.098340760756261e-06  2.004775075151335e-06 
 1.100694171252214e+01  2.080954650380093e-06  1.988164217001783e-06 
 1.122018454301968e+01  2.063714053823915e-06  1.971692384164515e-06 
 1.143755863049543e+01  2.046617739760585e-06  1.955358400217723e-06 
 1.165914401179836e+01  2.029664487428049e-06  1.939161098833401e-06 
 1.188502227437023e+01  2.012853086537843e-06  1.923099323690496e-06 
 1.211527658628593e+01  1.996182337184201e-06  1.907171928387195e-06 
 1.234999172687590e+01  1.979651049752731e-06  1.891377776354442e-06 
 1.258925411794172e+01  1.963258044831986e-06  1.875715740771192e-06 
 1.283315185557657e+01  1.947002153123919e-06  1.860184704478798e-06 
 1.308177474260200e+01  1.930882215356219e-06  1.844783559897163e-06 
 1.333521432163330e+01  1.914897082194995e-06  1.829511208941715e-06 
 1.359356390878532e+01  1.899045614158608e-06  1.814366562940529e-06 
 1.385691862803134e+01  1.883326681531521e-06  1.799348542552520e-06 
 1.412537544622761e+01  1.867739164279713e-06  1.784456077686261e-06 
 1.439903320881639e+01  1.852281951966674e-06  1.769688107420057e-06 
 1.467799267622076e+01  1.836953943669477e-06  1.755043579921443e-06 
 1.496235656094440e+01  1.821754047896382e-06  1.740521452368713e-06 
 1.525222956539026e+01  1.806681182505283e-06  1.726120690872739e-06 
 1.554771842041181e+01  1.791734274621698e-06  1.711840270398928e-06 
 1.584893192461121e+01  1.776912260558837e-06  1.697679174690655e-06 
 1.615598098439882e+01  1.762214085737798e-06  1.683636396192983e-06 
 1.646897865482876e+01  1.747638704607672e-06  1.669710935976441e-06 
 1.678804018122569e+01  1.733185080568496e-06  1.655901803663511e-06 
 1.711328304161789e+01  1.718852185892435e-06  1.642208017352852e-06 
 1.744482698999263e+01  1.704639001647335e-06  1.628628603547052e-06 
 1.778279410038932e+01  1.690544517619863e-06  1.615162597078369e-06 
 1.812730881184708e+01  1.676567732240825e-06  1.601809041037984e-06 
 1.847849797422300e+01  1.662707652508890e-06  1.588566986702833e-06 
 1.883649089489810e+01  1.648963293917297e-06  1.575435493465642e-06 
 1.920141938638811e+01  1.635333680379571e-06  1.562413628763920e-06 
 1.957341781487670e+01  1.621817844156843e-06  1.549500468010543e-06 
 1.995262314968890e+01  1.608414825785056e-06  1.536695094524328e-06 
 2.033917501372302e+01  1.595123674003911e-06  1.523996599461929e-06 
 2.073321573485966e+01  1.581943445684882e-06  1.511404081749309e-06 
 2.113489039836658e+01  1.568873205761502e-06  1.498916648014945e-06 
 2.154434690031895e+01  1.555912027158885e-06  1.486533412522424e-06 
 2.196173600205448e+01  1.543058990724841e-06  1.474253497104909e-06 
 2.238721138568352e+01  1.530313185161440e-06  1.462076031099588e-06 
 2.282092971067463e+01  1.517673706956190e-06  1.450000151281743e-06 
 2.326305067153639e+01  1.505139660315253e-06  1.438025001801369e-06 
 2.371373705661668e+01  1.492710157096451e-06  1.426149734119002e-06 
 2.417315480804117e+01  1.480384316743404e-06  1.414373506942251e-06 
 2.464147308281295e+01  1.468161266218604e-06  1.402695486162900e-06 
 2.511886431509594e+01  1.456040139939813e-06  1.391114844795121e-06 
 2.560550427970491e+01  1.444020079714565e-06  1.379630762913751e-06 
 2.610157215682552e+01  1.432100234676777e-06  1.368242427592900e-06 
 2.660725059798825e+01  1.420279761222992e-06  1.356949032845783e-06 
 2.712272579332044e+01  1.408557822949623e-06  1.345749779564257e-06 
 2.764818754010124e+01  1.396933590590725e-06  1.334643875459834e-06 
 2.818382931264470e+01  1.385406241956449e-06  1.323630535004062e-06 
 2.872984833353682e+01  1.373974961871439e-06  1.312708979370731e-06 
 2.928644564625254e+01  1.362638942114474e-06  1.301878436377512e-06 
 2.985382618917978e+01  1.351397381358221e-06  1.291138140428404e-06 
 3.043219887107740e+01  1.340249485109890e-06  1.280487332457317e-06 
 3.102177664799520e+01  1.329194465651701e-06  1.269925259871275e-06 
 3.162277660168399e+01  1.318231541982860e-06  1.259451176494335e-06 
 3.223542001952483e+01  1.307359939761135e-06  1.249064342512550e-06 
 3.285993247600675e+01  1.296578891245646e-06  1.238764024418831e-06 
 3.349654391578298e+01  1.285887635239238e-06  1.228549494958200e-06 
 3.414548873833623e+01  1.275285417033048e-06  1.218420033074357e-06 
 3.480700588428433e+01  1.264771488349365e-06  1.208374923855600e-06 
 3.548133892335778e+01  1.254345107286727e-06  1.198413458482170e-06 
 3.616873614408183e+01  1.244005538264714e-06  1.188534934173373e-06 
 3.686945064519600e+01  1.233752051969400e-06  1.178738654135737e-06 
 3.758374042884466e+01  1.223583925299338e-06  1.169023927511037e-06 
 3.831186849557313e+01  1.213500441311801e-06  1.159390069325280e-06 
 3.905410294116406e+01  1.203500889169817e-06  1.149836400438053e-06 
 3.981071705534999e+01  1.193584564089325e-06  1.140362247491874e-06 
 4.058198942243826e+01  1.183750767287299e-06  1.130966942862560e-06 
 4.136820402388535e+01  1.173998805929462e-06  1.121649824609708e-06 
 4.216965034285851e+01  1.164327993079648e-06  1.112410236427838e-06 
 4.298662347082306e+01  1.154737647648096e-06  1.103247527597128e-06 
 4.381942421619467e+01  1.145227094342180e-06  1.094161052936673e-06 
 4.466835921509661e+01  1.135795663615342e-06  1.085150172755135e-06 
 4.553374104426280e+01  1.126442691618414e-06  1.076214252804568e-06 
 4.641588833612811e+01  1.117167520149919e-06  1.067352664233024e-06 
 4.731512589614837e+01  1.107969496607874e-06  1.058564783538273e-06 
 4.823178482239340e+01  1.098847973941223e-06  1.049849992521559e-06 
 4.916620262745678e+01  1.089802310602363e-06  1.041207678241949e-06 
 5.011872336272758e+01  1.080831870499336e-06  1.032637232971265e-06 
 5.108969774506964e+01  1.071936022949351e-06  1.024138054148943e-06 
 5.207948328595500e+01  1.063114142631713e-06  1.015709544337717e-06 
 5.308844442309921e+01  1.054365609542043e-06  1.007351111179260e-06 
 5.411695265464675e+01  1.045689808946448e-06  9.990621673510805e-07 
 5.516538667595619e+01  1.037086131336046e-06  9.908421305224265e-07 
 5.623413251903531e+01  1.028553972382175e-06  9.826904233118699e-07 
 5.732358369467754e+01  1.020092732891722e-06  9.746064732446519e-07 
 5.843414133735218e+01  1.011701818762983e-06  9.665897127102330e-07 
 5.956621435290148e+01  1.003380640941867e-06  9.586395789205874e-07 
 6.072021956909929e+01  9.951286153785231e-07  9.507555138690763e-07 
 6.189658188912651e+01  9.869451629844269e-07  9.429369642887969e-07 
 6.309573444801979e+01  9.788297095893993e-07  9.351833816122078e-07 
 6.431811877215135e+01  9.707816858997695e-07  9.274942219305144e-07 
 6.556418494179837e+01  9.628005274561173e-07  9.198689459538582e-07 
 6.683439175686196e+01  9.548856745921602e-07  9.123070189716862e-07 
 6.812920690579664e+01  9.470365723928457e-07  9.048079108128577e-07 
 6.944910713781265e+01  9.392526706545143e-07  8.973710958075184e-07 
 7.079457843841433e+01  9.315334238434597e-07  8.899960527475888e-07 
 7.216611620833937e+01  9.238782910567429e-07  8.826822648490875e-07 
 7.356422544596469e+01  9.162867359815991e-07  8.754292197138476e-07 
 7.498942093324617e+01  9.087582268567492e-07  8.682364092919330e-07 
 7.644222742526063e+01  9.012922364327465e-07  8.611033298442437e-07 
 7.792317984342003e+01  8.938882419337994e-07  8.540294819058157e-07 
 7.943282347242878e+01  8.865457250189795e-07  8.470143702487301e-07 
 8.097171416105684e+01  8.792641717443151e-07  8.400575038459808e-07 
 8.254041852680250e+01  8.720430725251051e-07  8.331583958355910e-07 
 8.413951416452018e+01  8.648819220985875e-07  8.263165634845577e-07 
 8.576958985909010e+01  8.577802194866845e-07  8.195315281538672e-07 
 8.743124580220807e+01  8.507374679593957e-07  8.128028152627453e-07 
 8.912509381337527e+01  8.437531749985273e-07  8.061299542547291e-07 
 9.085175756516942e+01  8.368268522613148e-07  7.995124785625043e-07 
 9.261187281288011e+01  8.299580155447733e-07  7.929499255738625e-07 
 9.440608762859311e+01  8.231461847503755e-07  7.864418365982041e-07 
 9.623506263980966e+01  8.163908838483939e-07  7.799877568322412e-07 
 9.809947127268855e+01  8.096916408439223e-07  7.735872353274187e-07 
 1.000000000000008e+02  8.030479877413486e-07  7.672398249564317e-07 
 1.019373485938881e+02  7.964594605106875e-07  7.609450823806374e-07 
 1.039122303835178e+02  7.899255990536006e-07  7.547025680176791e-07 
 1.059253725177298e+02  7.834459471695943e-07  7.485118460092982e-07 
 1.079775162327719e+02  7.770200525225818e-07  7.423724841893927e-07 
 1.100694171252219e+02  7.706474666080773e-07  7.362840540525335e-07 
 1.122018454301973e+02  7.643277447202682e-07  7.302461307225683e-07 
 1.143755863049548e+02  7.580604459194201e-07  7.242582929215345e-07 
 1.165914401179842e+02  7.518451329998566e-07  7.183201229390602e-07 
 1.188502227437029e+02  7.456813724580035e-07  7.124312066017803e-07 
 1.211527658628599e+02  7.395687344603506e-07  7.065911332427141e-07 
 1.234999172687595e+02  7.335067928127746e-07  7.007994956719859e-07 
 1.258925411794178e+02  7.274951249288027e-07  6.950558901465282e-07 
 1.283315185557662e+02  7.215333117990811e-07  6.893599163409612e-07 
 1.308177474260206e+02  7.156209379607279e-07  6.837111773181375e-07 
 1.333521432163336e+02  7.097575914671313e-07  6.781092795004291e-07 
 1.359356390878538e+02  7.039428638577269e-07  6.725538326408176e-07 
 1.385691862803140e+02  6.981763501283150e-07  6.670444497946041e-07 
 1.412537544622767e+02  6.924576487016699e-07  6.615807472911537e-07 
 1.439903320881646e+02  6.867863613980069e-07  6.561623447058040e-07 
 1.467799267622083e+02  6.811620934062384e-07  6.507888648323721e-07 
 1.496235656094447e+02  6.755844532550317e-07  6.454599336556721e-07 
 1.525222956539033e+02  6.700530527844963e-07  6.401751803240684e-07 
 1.554771842041188e+02  6.645675071176582e-07  6.349342371226215e-07 
 1.584893192461128e+02  6.591274346326986e-07  6.297367394463897e-07 
 1.615598098439889e+02  6.537324569350410e-07  6.245823257737000e-07 
 1.646897865482883e+02  6.483821988300253e-07  6.194706376401470e-07 
 1.678804018122576e+02  6.430762882952246e-07  6.144013196122305e-07 
 1.711328304161796e+02  6.378143564538157e-07  6.093740192615643e-07 
 1.744482698999270e+02  6.325960375475563e-07  6.043883871395370e-07 
 1.778279410038939e+02  6.274209689101711e-07  5.994440767514839e-07 
 1.812730881184716e+02  6.222887909411800e-07  5.945407445318865e-07 
 1.847849797422308e+02  6.171991470795179e-07  5.896780498191480e-07 
 1.883649089489818e+02  6.121516837779370e-07  5.848556548310368e-07 
 1.920141938638820e+02  6.071460504770542e-07  5.800732246400046e-07 
 1.957341781487679e+02  6.021818995800672e-07  5.753304271490382e-07 
 1.995262314968899e+02  5.972588864275249e-07  5.706269330674314e-07 
 2.033917501372311e+02  5.923766692722446e-07  5.659624158869498e-07 
 2.073321573485975e+02  5.875349092545685e-07  5.613365518580440e-07 
 2.113489039836667e+02  5.827332703777210e-07  5.567490199665805e-07 
 2.154434690031904e+02  5.779714194835814e-07  5.521995019103261e-07 
 2.196173600205457e+02  5.732490262284306e-07  5.476876820761090e-07 
 2.238721138568361e+02  5.685657630590150e-07  5.432132475166734e-07 
 2.282092971067473e+02  5.639213051888140e-07  5.387758879282156e-07 
 2.326305067153649e+02  5.593153305745609e-07  5.343752956279469e-07 
 2.371373705661678e+02  5.547475198928495e-07  5.300111655315089e-07 
 2.417315480804128e+02  5.502175565170011e-07  5.256831951311160e-07 
 2.464147308281306e+02  5.457251264942450e-07  5.213910844736942e-07 
 2.511886431509605e+02  5.412699185229030e-07  5.171345361390240e-07 
 2.560550427970502e+02  5.368516239299275e-07  5.129132552183530e-07 
 2.610157215682563e+02  5.324699366484427e-07  5.087269492928643e-07 
 2.660725059798837e+02  5.281245531957507e-07  5.045753284127710e-07 
 2.712272579332056e+02  5.238151726512901e-07  5.004581050760589e-07 
 2.764818754010136e+02  5.195414966349943e-07  4.963749942081311e-07 
 2.818382931264483e+02  5.153032292855362e-07  4.923257131406612e-07 
 2.872984833353694e+02  5.111000772391204e-07  4.883099815915674e-07 
 2.928644564625267e+02  5.069317496081792e-07  4.843275216446856e-07 
 2.985382618917990e+02  5.027979579604416e-07  4.803780577294960e-07 
 3.043219887107753e+02  4.986984162980642e-07  4.764613166015476e-07 
 3.102177664799533e+02  4.946328410368565e-07  4.725770273223195e-07 
 3.162277660168412e+02  4.906009509860567e-07  4.687249212401025e-07 
 3.223542001952496e+02  4.866024673278770e-07  4.649047319702858e-07 
 3.285993247600689e+02  4.826371135973572e-07  4.611161953762430e-07 
 3.349654391578312e+02  4.787046156624914e-07  4.573590495503148e-07 
 3.414548873833638e+02  4.748047017044644e-07  4.536330347948304e-07 
 3.480700588428447e+02  4.709371021979208e-07  4.499378936034285e-07 
 3.548133892335792e+02  4.671015498917532e-07  4.462733706425208e-07 
 3.616873614408197e+02  4.632977797896516e-07  4.426392127328701e-07 
 3.686945064519614e+02  4.595255291310077e-07  4.390351688312177e-07 
 3.758374042884482e+02  4.557845373721317e-07  4.354609900124029e-07 
 3.831186849557329e+02  4.520745461672973e-07  4.319164294513024e-07 
 3.905410294116422e+02  4.483952993502497e-07  4.284012424050498e-07 
 3.981071705535015e+02  4.447465429157491e-07  4.249151861954733e-07 
 4.058198942243842e+02  4.411280250012566e-07  4.214580201915895e-07 
 4.136820402388552e+02  4.375394958687436e-07  4.180295057922340e-07 
 4.216965034285868e+02  4.339807078868596e-07  4.146294064089725e-07 
 4.298662347082324e+02  4.304514155129307e-07  4.112574874490062e-07 
 4.381942421619485e+02  4.269513752754707e-07  4.079135162983379e-07 
 4.466835921509680e+02  4.234803457566188e-07  4.045972623050870e-07 
 4.553374104426299e+02  4.200380875746611e-07  4.013084967627562e-07 
 4.641588833612830e+02  4.166243633668909e-07  3.980469928938658e-07 
 4.731512589614857e+02  4.132389377726837e-07  3.948125258337656e-07 
 4.823178482239360e+02  4.098815774163514e-07  3.916048726142816e-07 
 4.916620262745698e+02  4.065520508904733e-07  3.884238121478100e-07 
 5.011872336272779e+02  4.032501287392998e-07  3.852691252113295e-07 
 5.108969774506985e+02  3.999755834422574e-07  3.821405944308675e-07 
 5.207948328595522e+02  3.967281893974414e-07  3.790380042655280e-07 
 5.308844442309944e+02  3.935077229057746e-07  3.759611409924971e-07 
 5.411695265464699e+02  3.903139621545746e-07  3.729097926911797e-07 
 5.516538667595644e+02  3.871466872017791e-07  3.698837492283931e-07 
 5.623413251903556e+02  3.840056799602725e-07  3.668828022430657e-07 
 5.732358369467780e+02  3.808907241820349e-07  3.639067451313933e-07 
 5.843414133735243e+02  3.778016054427313e-07  3.609553730319174e-07 
 5.956621435290174e+02  3.747381111263282e-07  3.580284828108917e-07 
 6.072021956909956e+02  3.717000304097625e-07  3.551258730477605e-07 
 6.189658188912678e+02  3.686871542479828e-07  3.522473440205498e-07 
 6.309573444802006e+02  3.656992753587822e-07  3.493926976917767e-07 
 6.431811877215163e+02  3.627361882080711e-07  3.465617376940785e-07 
 6.556418494179866e+02  3.597976889950881e-07  3.437542693161718e-07 
 6.683439175686225e+02  3.568835756376865e-07  3.409700994889164e-07 
 6.812920690579693e+02  3.539936477581142e-07  3.382090367715397e-07 
 6.944910713781295e+02  3.511277066683855e-07  3.354708913377578e-07 
 7.079457843841464e+02  3.482855553561809e-07  3.327554749623827e-07 
 7.216611620833969e+02  3.454669984707777e-07  3.300626010077100e-07 
 7.356422544596502e+02  3.426718423089238e-07  3.273920844101579e-07 
 7.498942093324649e+02  3.398998948010569e-07  3.247437416670576e-07 
 7.644222742526096e+02  3.371509654975434e-07  3.221173908234990e-07 
 7.792317984342036e+02  3.344248655550239e-07  3.195128514593332e-07 
 7.943282347242912e+02  3.317214077229145e-07  3.169299446761926e-07 
 8.097171416105718e+02  3.290404063299450e-07  3.143684930847413e-07 
 8.254041852680285e+02  3.263816772709794e-07  3.118283207919596e-07 
 8.413951416452054e+02  3.237450379937385e-07  3.093092533886468e-07 
 8.576958985909047e+02  3.211303074857886e-07  3.068111179367236e-07 
 8.743124580220845e+02  3.185373062616084e-07  3.043337429571384e-07 
 8.912509381337566e+02  3.159658563496769e-07  3.018769584174008e-07 
 9.085175756516981e+02  3.134157812797672e-07  2.994405957194712e-07 
 9.261187281288051e+02  3.108869060704762e-07  2.970244876878685e-07 
 9.440608762859353e+02  3.083790572164376e-07  2.946284685573712e-07 
 9.623506263981008e+02  3.058920626761246e-07  2.922523739615202e-07 
 9.809947127268898e+02  3.034257518594517e-07  2.898960409206183e-07 
 1.000000000000013e+03  3.009799556156497e-07  2.875593078302680e-07 
 1.019373485938886e+03  2.985545062211159e-07  2.852420144497076e-07 
 1.039122303835182e+03  2.961492373674171e-07  2.829440018903518e-07 
 1.059253725177302e+03  2.937639841494347e-07  2.806651126045171e-07 
 1.079775162327723e+03  2.913985830535937e-07  2.784051903741026e-07 
 1.100694171252224e+03  2.890528719461065e-07  2.761640802994404e-07 
 1.122018454301978e+03  2.867266900614727e-07  2.739416287882730e-07 
 1.143755863049553e+03  2.844198779909295e-07  2.717376835446809e-07 
 1.165914401179847e+03  2.821322776710732e-07  2.695520935583434e-07 
 1.188502227437034e+03  2.798637323725638e-07  2.673847090936220e-07 
 1.211527658628604e+03  2.776140866889500e-07  2.652353816789289e-07 
 1.234999172687601e+03  2.753831865255170e-07  2.631039640961055e-07 
 1.258925411794184e+03  2.731708790883609e-07  2.609903103699768e-07 
 1.283315185557668e+03  2.709770128733356e-07  2.588942757577654e-07 
 1.308177474260211e+03  2.688014376553515e-07  2.568157167388982e-07 
 1.333521432163342e+03  2.666440044776343e-07  2.547544910047919e-07 
 1.359356390878544e+03  2.645045656409470e-07  2.527104574484693e-07 
 1.385691862803146e+03  2.623829746932042e-07  2.506834761546922e-07 
 1.412537544622773e+03  2.602790864189729e-07  2.486734083899494e-07 
 1.439903320881652e+03  2.581927568289805e-07  2.466801165924490e-07 
 1.467799267622089e+03  2.561238431499186e-07  2.447034643622922e-07 
 1.496235656094454e+03  2.540722038143053e-07  2.427433164519330e-07 
 1.525222956539040e+03  2.520376984501796e-07  2.407995387562304e-07 
 1.554771842041195e+03  2.500201878712824e-07  2.388719983031337e-07 
 1.584893192461135e+03  2.480195340669398e-07  2.369605632439545e-07 
 1.615598098439896e+03  2.460356001923042e-07  2.350651028441463e-07 
 1.646897865482891e+03  2.440682505585194e-07  2.331854874738493e-07 
 1.678804018122584e+03  2.421173506230260e-07  2.313215885986815e-07 
 1.711328304161804e+03  2.401827669799496e-07  2.294732787705133e-07 
 1.744482698999278e+03  2.382643673505923e-07  2.276404316183873e-07 
 1.778279410038948e+03  2.363620205739458e-07  2.258229218395329e-07 
 1.812730881184724e+03  2.344755965972648e-07  2.240206251903596e-07 
 1.847849797422317e+03  2.326049664668230e-07  2.222334184774979e-07 
 1.883649089489827e+03  2.307500023186928e-07  2.204611795492224e-07 
 1.920141938638829e+03  2.289105773695691e-07  2.187037872865231e-07 
 1.957341781487688e+03  2.270865659076809e-07  2.169611215944806e-07 
 1.995262314968908e+03  2.252778432838495e-07  2.152330633937686e-07 
 2.033917501372321e+03  2.234842859024853e-07  2.135194946120138e-07 
 2.073321573485985e+03  2.217057712128159e-07  2.118202981754504e-07 
 2.113489039836677e+03  2.199421777000798e-07  2.101353580005301e-07 
 2.154434690031915e+03  2.181933848767724e-07  2.084645589855774e-07 
 2.196173600205468e+03  2.164592732740691e-07  2.068077870025360e-07 
 2.238721138568372e+03  2.147397244332682e-07  2.051649288889158e-07 
 2.282092971067484e+03  2.130346208972652e-07  2.035358724395607e-07 
 2.326305067153660e+03  2.113438462021205e-07  2.019205063986742e-07 
 2.371373705661690e+03  2.096672848687480e-07  2.003187204518809e-07 
 2.417315480804139e+03  2.080048223945683e-07  1.987304052182011e-07 
 2.464147308281318e+03  2.063563452454069e-07  1.971554522424439e-07 
 2.511886431509617e+03  2.047217408471316e-07  1.955937539871416e-07 
 2.560550427970514e+03  2.031008975777965e-07  1.940452038250834e-07 
 2.610157215682575e+03  2.014937047594673e-07  1.925096960315219e-07 
 2.660725059798849e+03  1.999000526503206e-07  1.909871257766704e-07 
 2.712272579332068e+03  1.983198324367269e-07  1.894773891181228e-07 
 2.764818754010148e+03  1.967529362254658e-07  1.879803829934421e-07 
 2.818382931264496e+03  1.951992570359115e-07  1.864960052127147e-07 
 2.872984833353707e+03  1.936586887923448e-07  1.850241544512167e-07 
 2.928644564625281e+03  1.921311263162819e-07  1.835647302421578e-07 
 2.985382618918004e+03  1.906164653189749e-07  1.821176329694742e-07 
 3.043219887107768e+03  1.891146023937717e-07  1.806827638605655e-07 
 3.102177664799548e+03  1.876254350087612e-07  1.792600249793002e-07 
 3.162277660168427e+03  1.861488614992743e-07  1.778493192188900e-07 
 3.223542001952512e+03  1.846847810606189e-07  1.764505502949321e-07 
 3.285993247600705e+03  1.832330937407423e-07  1.750636227384639e-07 
 3.349654391578328e+03  1.817937004330101e-07  1.736884418890725e-07 
 3.414548873833654e+03  1.803665028690339e-07  1.723249138880501e-07 
 3.480700588428464e+03  1.789514036115359e-07  1.709729456716445e-07 
 3.548133892335809e+03  1.775483060473246e-07  1.696324449643737e-07 
 3.616873614408215e+03  1.761571143802249e-07  1.683033202722333e-07 
 3.686945064519632e+03  1.747777336241974e-07  1.669854808762316e-07 
 3.758374042884499e+03  1.734100695963375e-07  1.656788368257223e-07 
 3.831186849557347e+03  1.720540289101353e-07  1.643832989319340e-07 
 3.905410294116440e+03  1.707095189685709e-07  1.630987787614814e-07 
 3.981071705535034e+03  1.693764479574506e-07  1.618251886300082e-07 
 4.058198942243861e+03  1.680547248386771e-07  1.605624415957587e-07 
 4.136820402388571e+03  1.667442593435955e-07  1.593104514533160e-07 
 4.216965034285888e+03  1.654449619663803e-07  1.580691327272893e-07 
 4.298662347082343e+03  1.641567439575777e-07  1.568384006661531e-07 
 4.381942421619505e+03  1.628795173174892e-07  1.556181712360347e-07 
 4.466835921509701e+03  1.616131947897996e-07  1.544083611146472e-07 
 4.553374104426321e+03  1.603576898551476e-07  1.532088876851301e-07 
 4.641588833612851e+03  1.591129167247664e-07  1.520196690301015e-07 
 4.731512589614878e+03  1.578787903342004e-07  1.508406239256286e-07 
 4.823178482239382e+03  1.566552263369864e-07  1.496716718353279e-07 
 4.916620262745721e+03  1.554421410984631e-07  1.485127329044189e-07 
 5.011872336272801e+03  1.542394516896664e-07  1.473637279539612e-07 
 5.108969774507008e+03  1.530470758810462e-07  1.462245784749226e-07 
 5.207948328595546e+03  1.518649321365240e-07  1.450952066225751e-07 
 5.308844442309967e+03  1.506929396073594e-07  1.439755352106118e-07 
 5.411695265464722e+03  1.495310181261883e-07  1.428654877055993e-07 
 5.516538667595667e+03  1.483790882010383e-07  1.417649882212870e-07 
 5.623413251903579e+03  1.472370710094143e-07  1.406739615129959e-07 
 5.732358369467805e+03  1.461048883924444e-07  1.395923329720987e-07 
 5.843414133735268e+03  1.449824628490123e-07  1.385200286205356e-07 
 5.956621435290199e+03  1.438697175299500e-07  1.374569751052422e-07 
 6.072021956909982e+03  1.427665762322814e-07  1.364030996928075e-07 
 6.189658188912704e+03  1.416729633935471e-07  1.353583302640469e-07 
 6.309573444802033e+03  1.405888040860490e-07  1.343225953086512e-07 
 6.431811877215190e+03  1.395140240112153e-07  1.332958239198400e-07 
 6.556418494179894e+03  1.384485494940687e-07  1.322779457891467e-07 
 6.683439175686253e+03  1.373923074774916e-07  1.312688912010972e-07 
 6.812920690579723e+03  1.363452255168365e-07  1.302685910280352e-07 
 6.944910713781324e+03  1.353072317743814e-07  1.292769767250069e-07 
 7.079457843841494e+03  1.342782550137854e-07  1.282939803245122e-07 
 7.216611620834000e+03  1.332582245947374e-07  1.273195344315193e-07 
 7.356422544596533e+03  1.322470704675323e-07  1.263535722183254e-07 
 7.498942093324681e+03  1.312447231676634e-07  1.253960274195576e-07 
 7.644222742526128e+03  1.302511138104995e-07  1.244468343271787e-07 
 7.792317984342069e+03  1.292661740860182e-07  1.235059277855034e-07 
 7.943282347242946e+03  1.282898362534717e-07  1.225732431863179e-07 
 8.097171416105754e+03  1.273220331361432e-07  1.216487164639181e-07 
 8.254041852680322e+03  1.263626981162046e-07  1.207322840903102e-07 
 8.413951416452092e+03  1.254117651294156e-07  1.198238830703336e-07 
 8.576958985909085e+03  1.244691686600858e-07  1.189234509369038e-07 
 8.743124580220883e+03  1.235348437358383e-07  1.180309257462122e-07 
 8.912509381337606e+03  1.226087259225654e-07  1.171462460729867e-07 
 9.085175756517023e+03  1.216907513193435e-07  1.162693510058346e-07 
 9.261187281288094e+03  1.207808565533916e-07  1.154001801425181e-07 
 9.440608762859396e+03  1.198789787750378e-07  1.145386735853317e-07 
 9.623506263981051e+03  1.189850556527138e-07  1.136847719364902e-07 
 9.809947127268942e+03  1.180990253680056e-07  1.128384162935237e-07 
 1.000000000000017e+04  1.172208266106774e-07  1.119995482447353e-07 
 1.019373485938890e+04  1.163503985737838e-07  1.111681098647042e-07 
 1.039122303835187e+04  1.154876809487555e-07  1.103440437097117e-07 
 1.059253725177307e+04  1.146326139204939e-07  1.095272928133257e-07 
 1.079775162327729e+04  1.137851381625627e-07  1.087178006819719e-07 
 1.100694171252229e+04  1.129451948323123e-07  1.079155112904661e-07 
 1.122018454301983e+04  1.121127255660914e-07  1.071203690776395e-07 
 1.143755863049558e+04  1.112876724744599e-07  1.063323189420269e-07 
 1.165914401179852e+04  1.104699781373846e-07  1.055513062374537e-07 
 1.188502227437039e+04  1.096595855995271e-07  1.047772767687808e-07 
 1.211527658628610e+04  1.088564383654759e-07  1.040101767876039e-07 
 1.234999172687607e+04  1.080604803950409e-07  1.032499529879882e-07 
 1.258925411794190e+04  1.072716560985699e-07  1.024965525022649e-07 
 1.283315185557674e+04  1.064899103322568e-07  1.017499228968002e-07 
 1.308177474260217e+04  1.057151883934602e-07  1.010100121677968e-07 
 1.333521432163348e+04  1.049474360160691e-07  1.002767687371881e-07 
 1.359356390878550e+04  1.041865993658860e-07  9.955014144845012e-08 
 1.385691862803152e+04  1.034326250359725e-07  9.883007956254629e-08 
 1.412537544622780e+04  1.026854600420653e-07  9.811653275380784e-08 
 1.439903320881659e+04  1.019450518179968e-07  9.740945110587246e-08 
 1.467799267622096e+04  1.012113482110834e-07  9.670878510768525e-08 
 1.496235656094461e+04  1.004842974775647e-07  9.601448564942555e-08 
 1.525222956539047e+04  9.976384827807929e-08  9.532650401859050e-08 
 1.554771842041202e+04  9.904994967309368e-08  9.464479189596905e-08 
 1.584893192461143e+04  9.834255111839569e-08  9.396930135178095e-08 
 1.615598098439904e+04  9.764160246048059e-08  9.329998484154705e-08 
 1.646897865482899e+04  9.694705393216886e-08  9.263679520249335e-08 
 1.678804018122592e+04  9.625885614801007e-08  9.197968564947425e-08 
 1.711328304161813e+04  9.557696009981945e-08  9.132860977118900e-08 
 1.744482698999287e+04  9.490131715215512e-08  9.068352152632404e-08 
 1.778279410038956e+04  9.423187903786497e-08  9.004437523977501e-08 
 1.812730881184733e+04  9.356859785357235e-08  8.941112559883032e-08 
 1.847849797422326e+04  9.291142605524250e-08  8.878372764945264e-08 
 1.883649089489836e+04  9.226031645366382e-08  8.816213679248957e-08 
 1.920141938638838e+04  9.161522221001359e-08  8.754630878000727e-08 
 1.957341781487698e+04  9.097609683138541e-08  8.693619971154492e-08 
 1.995262314968918e+04  9.034289416630281e-08  8.633176603048585e-08 
 2.033917501372331e+04  8.971556840029192e-08  8.573296452038309e-08 
 2.073321573485995e+04  8.909407405139370e-08  8.513975230133005e-08 
 2.113489039836688e+04  8.847836596570653e-08  8.455208682636518e-08 
 2.154434690031925e+04  8.786839931292812e-08  8.396992587788035e-08 
 2.196173600205479e+04  8.726412958188594e-08  8.339322756406257e-08 
 2.238721138568383e+04  8.666551257605736e-08  8.282195031534729e-08 
 2.282092971067495e+04  8.607250440911229e-08  8.225605288091024e-08 
 2.326305067153671e+04  8.548506150044075e-08  8.169549432517645e-08 
 2.371373705661701e+04  8.490314057059999e-08  8.114023402431595e-08 
 2.417315480804151e+04  8.432669863693595e-08  8.059023166283307e-08 
 2.464147308281330e+04  8.375569300900098e-08  8.004544723013063e-08 
 2.511886431509629e+04  8.319008128407704e-08  7.950584101708781e-08 
 2.560550427970526e+04  8.262982134265142e-08  7.897137361269034e-08 
 2.610157215682588e+04  8.207487134389037e-08  7.844200590067809e-08 
 2.660725059798862e+04  8.152518972109896e-08  7.791769905619898e-08 
 2.712272579332082e+04  8.098073517715189e-08  7.739841454251569e-08 
 2.764818754010162e+04  8.044146667995379e-08  7.688411410767170e-08 
 2.818382931264510e+04  7.990734345784096e-08  7.637475978129753e-08 
 2.872984833353721e+04  7.937832499498431e-08  7.587031387131495e-08 
 2.928644564625295e+04  7.885437102676784e-08  7.537073896074534e-08 
 2.985382618918019e+04  7.833544153515727e-08  7.487599790451573e-08 
 3.043219887107782e+04  7.782149674402893e-08  7.438605382628654e-08 
 3.102177664799563e+04  7.731249711453156e-08  7.390087011532037e-08 
 3.162277660168443e+04  7.680840334031406e-08  7.342041042335527e-08 
 3.223542001952527e+04  7.630917634285353e-08  7.294463866152169e-08 
 3.285993247600720e+04  7.581477726669552e-08  7.247351899727394e-08 
 3.349654391578344e+04  7.532516747465681e-08  7.200701585136684e-08 
 3.414548873833670e+04  7.484030854300932e-08  7.154509389481465e-08 
 3.480700588428481e+04  7.436016225665104e-08  7.108771804593050e-08 
 3.548133892335826e+04  7.388469060424885e-08  7.063485346736076e-08 
 3.616873614408232e+04  7.341385577321775e-08  7.018646556315721e-08 
 3.686945064519650e+04  7.294762014498254e-08  6.974251997586559e-08 
 3.758374042884518e+04  7.248594628980174e-08  6.930298258366355e-08 
 3.831186849557365e+04  7.202879696181048e-08  6.886781949750804e-08 
 3.905410294116459e+04  7.157613509394324e-08  6.843699705832926e-08 
 3.981071705535053e+04  7.112792379291636e-08  6.801048183423682e-08 
 4.058198942243881e+04  7.068412633377670e-08  6.758824061771002e-08 
 4.136820402388591e+04  7.024470615507777e-08  6.717024042298275e-08 
 4.216965034285909e+04  6.980962685337166e-08  6.675644848325946e-08 
 4.298662347082365e+04  6.937885217795673e-08  6.634683224807578e-08 
 4.381942421619527e+04  6.895234602549682e-08  6.594135938064280e-08 
 4.466835921509723e+04  6.853007243460514e-08  6.553999775529289e-08 
 4.553374104426344e+04  6.811199558034447e-08  6.514271545485675e-08 
 4.641588833612874e+04  6.769807976869118e-08  6.474948076818728e-08 
 4.731512589614902e+04  6.728828943083009e-08  6.436026218753229e-08 
 4.823178482239406e+04  6.688258911757532e-08  6.397502840621840e-08 
 4.916620262745745e+04  6.648094349352877e-08  6.359374831610827e-08 
 5.011872336272826e+04  6.608331733126900e-08  6.321639100524780e-08 
 5.108969774507033e+04  6.568967550541765e-08  6.284292575548665e-08 
 5.207948328595571e+04  6.529998298662125e-08  6.247332204009766e-08 
 5.308844442309994e+04  6.491420483545563e-08  6.210754952154476e-08 
 5.411695265464750e+04  6.453230619629027e-08  6.174557804920579e-08 
 5.516538667595695e+04  6.415425229098754e-08  6.138737765712120e-08 
 5.623413251903608e+04  6.378000841251354e-08  6.103291856183768e-08 
 5.732358369467833e+04  6.340953991850550e-08  6.068217116024118e-08 
 5.843414133735298e+04  6.304281222465244e-08  6.033510602743855e-08 
 5.956621435290229e+04  6.267979079806352e-08  5.999169391470381e-08 
 6.072021956910013e+04  6.232044115045872e-08  5.965190574744573e-08 
 6.189658188912735e+04  6.196472883116124e-08  5.931571262316861e-08 
 6.309573444802065e+04  6.161261942022819e-08  5.898308580950663e-08 
 6.431811877215223e+04  6.126407852120188e-08  5.865399674241244e-08 
 6.556418494179926e+04  6.091907175384598e-08  5.832841702419386e-08 
 6.683439175686287e+04  6.057756474669360e-08  5.800631842169211e-08 
 6.812920690579756e+04  6.023952312953908e-08  5.768767286447832e-08 
 6.944910713781358e+04  5.990491252575231e-08  5.737245244315594e-08 
 7.079457843841528e+04  5.957369854430641e-08  5.706062940750811e-08 
 7.216611620834035e+04  5.924584677194096e-08  5.675217616499856e-08 
 7.356422544596568e+04  5.892132276495123e-08  5.644706527905714e-08 
 7.498942093324717e+04  5.860009204084236e-08  5.614526946749798e-08 
 7.644222742526165e+04  5.828212006989817e-08  5.584676160100183e-08 
 7.792317984342107e+04  5.796737226646126e-08  5.555151470153669e-08 
 7.943282347242984e+04  5.765581398019890e-08  5.525950194103769e-08 
 8.097171416105793e+04  5.734741048705288e-08  5.497069663989384e-08 
 8.254041852680361e+04  5.704212698004105e-08  5.468507226562325e-08 
 8.413951416452132e+04  5.673992855988524e-08  5.440260243146741e-08 
 8.576958985909125e+04  5.644078022548793e-08  5.412326089523981e-08 
 8.743124580220925e+04  5.614464686411282e-08  5.384702155801911e-08 
 8.912509381337647e+04  5.585149324148964e-08  5.357385846301347e-08 
 9.085175756517064e+04  5.556128399147198e-08  5.330374579420225e-08 
 9.261187281288135e+04  5.527398360585718e-08  5.303665787556646e-08 
 9.440608762859438e+04  5.498955642373275e-08  5.277256916980142e-08 
 9.623506263981095e+04  5.470796662064737e-08  5.251145427740460e-08 
 9.809947127268986e+04  5.442917819755300e-08  5.225328793563600e-08 
 1.000000000000022e+05  5.415315496953479e-08  5.199804501757060e-08 
 1.019373485938895e+05  5.387986055450656e-08  5.174570053140036e-08 
 1.039122303835192e+05  5.360925836138005e-08  5.149622961945289e-08 
 1.059253725177312e+05  5.334131157814631e-08  5.124960755742896e-08 
 1.079775162327733e+05  5.307598315976988e-08  5.100580975365363e-08 
 1.100694171252234e+05  5.281323581583867e-08  5.076481174844128e-08 
 1.122018454301988e+05  5.255303199785190e-08  5.052658921336582e-08 
 1.143755863049563e+05  5.229533388657224e-08  5.029111795073658e-08 
 1.165914401179858e+05  5.204010337886674e-08  5.005837389294505e-08 
 1.188502227437045e+05  5.178730207444909e-08  4.982833310195029e-08 
 1.211527658628615e+05  5.153689126246831e-08  4.960097176895542e-08 
 1.234999172687612e+05  5.128883190787063e-08  4.937626621388321e-08 
 1.258925411794195e+05  5.104308463733546e-08  4.915419288477286e-08 
 1.283315185557680e+05  5.079960972540482e-08  4.893472835785858e-08 
 1.308177474260223e+05  5.055836708016432e-08  4.871784933701320e-08 
 1.333521432163354e+05  5.031931622882388e-08  4.850353265348500e-08 
 1.359356390878556e+05  5.008241630314150e-08  4.829175526579101e-08 
 1.385691862803159e+05  4.984762602466947e-08  4.808249425941204e-08 
 1.412537544622786e+05  4.961490368997433e-08  4.787572684685476e-08 
 1.439903320881665e+05  4.938420715566129e-08  4.767143036740257e-08 
 1.467799267622102e+05  4.915549382331326e-08  4.746958228717974e-08 
 1.496235656094467e+05  4.892872062446340e-08  4.727016019905384e-08 
 1.525222956539053e+05  4.870384400537077e-08  4.707314182273061e-08 
 1.554771842041208e+05  4.848081991193864e-08  4.687850500484917e-08 
 1.584893192461149e+05  4.825960377465444e-08  4.668622771907371e-08 
 1.615598098439910e+05  4.804015049346678e-08  4.649628806625344e-08 
 1.646897865482905e+05  4.782241442289223e-08  4.630866427467143e-08 
 1.678804018122598e+05  4.760634935720361e-08  4.612333470021342e-08 
 1.711328304161819e+05  4.739190851579660e-08  4.594027782667747e-08 
 1.744482698999293e+05  4.717904452892711e-08  4.575947226612019e-08 
 1.778279410038963e+05  4.696770942351770e-08  4.558089675914159e-08 
 1.812730881184740e+05  4.675785460954697e-08  4.540453017537591e-08 
 1.847849797422333e+05  4.654943086674585e-08  4.523035151385741e-08 
 1.883649089489843e+05  4.634238833166358e-08  4.505833990341387e-08 
 1.920141938638845e+05  4.613667648568081e-08  4.488847460342327e-08 
 1.957341781487705e+05  4.593224414320274e-08  4.472073500399031e-08 
 1.995262314968925e+05  4.572903944087265e-08  4.455510062690795e-08 
 2.033917501372338e+05  4.552700982751329e-08  4.439155112593253e-08 
 2.073321573486003e+05  4.532610205498355e-08  4.423006628771580e-08 
 2.113489039836695e+05  4.512626217009635e-08  4.407062603223971e-08 
 2.154434690031933e+05  4.492743550751998e-08  4.391321041367523e-08 
 2.196173600205487e+05  4.472956668420558e-08  4.375779962121042e-08 
 2.238721138568391e+05  4.453259959477452e-08  4.360437397954896e-08 
 2.282092971067503e+05  4.433647740883898e-08  4.345291395006725e-08 
 2.326305067153680e+05  4.414114256960762e-08  4.330340013150852e-08 
 2.371373705661710e+05  4.394653679436796e-08  4.315581326072123e-08 
 2.417315480804160e+05  4.375260107703595e-08  4.301013421395221e-08 
 2.464147308281339e+05  4.355927569247798e-08  4.286634400742469e-08 
 2.511886431509639e+05  4.336650020343163e-08  4.272442379855045e-08 
 2.560550427970536e+05  4.317421346949040e-08  4.258435488684939e-08 
 2.610157215682598e+05  4.298235365886182e-08  4.244611871512740e-08 
 2.660725059798872e+05  4.279085826284011e-08  4.230969687029690e-08 
 2.712272579332092e+05  4.259966411329185e-08  4.217507108489928e-08 
 2.764818754010173e+05  4.240870740311570e-08  4.204222323788154e-08 
 2.818382931264520e+05  4.221792371003254e-08  4.191113535591413e-08 
 2.872984833353732e+05  4.202724802420823e-08  4.178178961467482e-08 
 2.928644564625305e+05  4.183661477919865e-08  4.165416834008356e-08 
 2.985382618918030e+05  4.164595788701157e-08  4.152825400944434e-08 
 3.043219887107793e+05  4.145521077735617e-08  4.140402925296858e-08 
 3.102177664799574e+05  4.126430644104299e-08  4.128147685495016e-08 
 3.162277660168454e+05  4.107317747805698e-08  4.116057975527010e-08 
 3.223542001952539e+05  4.088175615027306e-08  4.104132105082254e-08 
 3.285993247600733e+05  4.068997443908586e-08  4.092368399679618e-08 
 3.349654391578356e+05  4.049776410821475e-08  4.080765200842970e-08 
 3.414548873833683e+05  4.030505677160093e-08  4.069320866229373e-08 
 3.480700588428493e+05  4.011178396691291e-08  4.058033769796958e-08 
 3.548133892335839e+05  3.991787723456937e-08  4.046902301970997e-08 
 3.616873614408245e+05  3.972326820232000e-08  4.035924869791610e-08 
 3.686945064519664e+05  3.952788867591005e-08  4.025099897094321e-08 
 3.758374042884532e+05  3.933167073542387e-08  4.014425824674073e-08 
 3.831186849557380e+05  3.913454683780454e-08  4.003901110463022e-08 
 3.905410294116474e+05  3.893644992509237e-08  3.993524229704129e-08 
 3.981071705535068e+05  3.873731353913640e-08  3.983293675144827e-08 
 4.058198942243896e+05  3.853707194193075e-08  3.973207957216051e-08 
 4.136820402388607e+05  3.833566024199032e-08  3.963265604223179e-08 
 4.216965034285925e+05  3.813301452675741e-08  3.953465162544953e-08 
 4.298662347082381e+05  3.792907200046291e-08  3.943805196826118e-08 
 4.381942421619543e+05  3.772377112769405e-08  3.934284290198489e-08 
 4.466835921509740e+05  3.751705178217191e-08  3.924901044462606e-08 
 4.553374104426361e+05  3.730885540054797e-08  3.915654080327606e-08 
 4.641588833612892e+05  3.709912514081283e-08  3.906542037608897e-08 
 4.731512589614920e+05  3.688780604510865e-08  3.897563575461025e-08 
 4.823178482239424e+05  3.667484520615223e-08  3.888717372595777e-08 
 4.916620262745764e+05  3.646019193723738e-08  3.880002127532721e-08 
 5.011872336272846e+05  3.624379794473606e-08  3.871416558808693e-08 
 5.108969774507053e+05  3.602561750278162e-08  3.862959405239988e-08 
 5.207948328595592e+05  3.580560762941897e-08  3.854629426157984e-08 
 5.308844442310014e+05  3.558372826342204e-08  3.846425401662522e-08 
 5.411695265464770e+05  3.535994244092139e-08  3.838346132888086e-08 
 5.516538667595716e+05  3.513421647108849e-08  3.830390442246718e-08 
 5.623413251903630e+05  3.490652010985447e-08  3.822557173710851e-08 
 5.732358369467856e+05  3.467682673089405e-08  3.814845193073003e-08 
 5.843414133735321e+05  3.444511349261469e-08  3.807253388242325e-08 
 5.956621435290253e+05  3.421136150018602e-08  3.799780669489601e-08 
 6.072021956910037e+05  3.397555596190097e-08  3.792425969780829e-08 
 6.189658188912760e+05  3.373768633809368e-08  3.785188245035104e-08 
 6.309573444802091e+05  3.349774648197373e-08  3.778066474429836e-08 
 6.431811877215249e+05  3.325573477141248e-08  3.771059660712729e-08 
 6.556418494179953e+05  3.301165422995397e-08  3.764166830500773e-08 
 6.683439175686314e+05  3.276551263655853e-08  3.757387034594792e-08 
 6.812920690579783e+05  3.251732262261692e-08  3.750719348292763e-08 
 6.944910713781386e+05  3.226710175541374e-08  3.744162871716721e-08 
 7.079457843841556e+05  3.201487260694505e-08  3.737716730137287e-08 
 7.216611620834064e+05  3.176066280706530e-08  3.731380074294054e-08 
 7.356422544596598e+05  3.150450508045308e-08  3.725152080752086e-08 
 7.498942093324747e+05  3.124643726601566e-08  3.719031952218880e-08 
 7.644222742526196e+05  3.098650231866191e-08  3.713018917889469e-08 
 7.792317984342139e+05  3.072474829243421e-08  3.707112233810964e-08 
 7.943282347243016e+05  3.046122830461269e-08  3.701311183203961e-08 
 8.097171416105825e+05  3.019600048059317e-08  3.695615076836050e-08 
 8.254041852680393e+05  2.992912787898766e-08  3.690023253355706e-08 
 8.413951416452165e+05  2.966067839727189e-08  3.684535079674448e-08 
 8.576958985909160e+05  2.939072465750226e-08  3.679149951303389e-08 
 8.743124580220960e+05  2.911934387282105e-08  3.673867292713823e-08 
 8.912509381337684e+05  2.884661769460861e-08  3.668686557715956e-08 
 9.085175756517102e+05  2.857263204100397e-08  3.663607229799557e-08 
 9.261187281288174e+05  2.829747690748731e-08  3.658628822517731e-08 
 9.440608762859477e+05  2.802124615989804e-08  3.653750879821920e-08 
 9.623506263981134e+05  2.774403731123808e-08  3.648972976445041e-08 
 9.809947127269027e+05  2.746595128287863e-08  3.644294718254146e-08 
 1.000000000000026e+06  2.718709215159026e-08  3.639715742614892e-08 
 1.019373485938899e+06  2.690756688339191e-08  3.635235718734583e-08 
 1.039122303835196e+06  2.662748505576225e-08  3.630854348035196e-08 
 1.059253725177316e+06  2.634695856955319e-08  3.626571364495206e-08 
 1.079775162327738e+06  2.606610135203152e-08  3.622386535000972e-08 
 1.100694171252238e+06  2.578502905269089e-08  3.618299659707066e-08 
 1.122018454301993e+06  2.550385873340038e-08  3.614310572354619e-08 
 1.143755863049568e+06  2.522270855456657e-08  3.610419140633233e-08 
 1.165914401179862e+06  2.494169745879174e-08  3.606625266518139e-08 
 1.188502227437050e+06  2.466094485387949e-08  3.602928886596109e-08 
 1.211527658628620e+06  2.438057029648364e-08  3.599329972398467e-08 
 1.234999172687617e+06  2.410069317850838e-08  3.595828530734146e-08 
 1.258925411794200e+06  2.382143241717212e-08  3.592424604013479e-08 
 1.283315185557685e+06  2.354290615064488e-08  3.589118270577706e-08 
 1.308177474260229e+06  2.326523144053455e-08  3.585909645017238e-08 
 1.333521432163359e+06  2.298852398261597e-08  3.582798878503913e-08 
 1.359356390878562e+06  2.271289782682408e-08  3.579786159109969e-08 
 1.385691862803164e+06  2.243846510795752e-08  3.576871712141279e-08 
 1.412537544622792e+06  2.216533578798052e-08  3.574055800479722e-08 
 1.439903320881672e+06  2.189361741072893e-08  3.571338724911750e-08 
 1.467799267622109e+06  2.162341487016464e-08  3.568720824488801e-08 
 1.496235656094474e+06  2.135483019248596e-08  3.566202476888111e-08 
 1.525222956539060e+06  2.108796233307342e-08  3.563784098790308e-08 
 1.554771842041215e+06  2.082290698841024e-08  3.561466146283537e-08 
 1.584893192461156e+06  2.055975642355910e-08  3.559249115274113e-08 
 1.615598098439918e+06  2.029859931539104e-08  3.557133541936485e-08 
 1.646897865482913e+06  2.003952061170686e-08  3.555120003203084e-08 
 1.678804018122606e+06  1.978260140625669e-08  3.553209117264933e-08 
 1.711328304161827e+06  1.952791882974222e-08  3.551401544129487e-08 
 1.744482698999302e+06  1.927554595655566e-08  3.549697986239009e-08 
 1.778279410038971e+06  1.902555172709974e-08  3.548099189121434e-08 
 1.812730881184748e+06  1.877800088540420e-08  3.546605942109764e-08 
 1.847849797422342e+06  1.853295393172360e-08  3.545219079141129e-08 
 1.883649089489852e+06  1.829046708962640e-08  3.543939479617611e-08 
 1.920141938638854e+06  1.805059228719532e-08  3.542768069355226e-08 
 1.957341781487714e+06  1.781337715186346e-08  3.541705821631280e-08 
 1.995262314968935e+06  1.757886501826990e-08  3.540753758327664e-08 
 2.033917501372348e+06  1.734709494866251e-08  3.539912951188940e-08 
 2.073321573486012e+06  1.711810176520600e-08  3.539184523190734e-08 
 2.113489039836705e+06  1.689191609357578e-08  3.538569650052085e-08 
 2.154434690031943e+06  1.666856441743203e-08  3.538069561870941e-08 
 2.196173600205497e+06  1.644806914283669e-08  3.537685544920341e-08 
 2.238721138568402e+06  1.623044867222274e-08  3.537418943581286e-08 
 2.282092971067514e+06  1.601571748730365e-08  3.537271162475557e-08 
 2.326305067153691e+06  1.580388624024720e-08  3.537243668741783e-08 
 2.371373705661722e+06  1.559496185250240e-08  3.537337994517281e-08 
 2.417315480804171e+06  1.538894762080169e-08  3.537555739600742e-08 
 2.464147308281350e+06  1.518584332966545e-08  3.537898574310461e-08 
 2.511886431509650e+06  1.498564536994405e-08  3.538368242580826e-08 
 2.560550427970548e+06  1.478834686278083e-08  3.538966565228744e-08 
 2.610157215682610e+06  1.459393778851292e-08  3.539695443491007e-08 
 2.660725059798884e+06  1.440240512001890e-08  3.540556862730770e-08 
 2.712272579332104e+06  1.421373296002793e-08  3.541552896431351e-08 
 2.764818754010185e+06  1.402790268180201e-08  3.542685710381488e-08 
 2.818382931264533e+06  1.384489307291199e-08  3.543957567109672e-08 
 2.872984833353746e+06  1.366468048154163e-08  3.545370830566241e-08 
 2.928644564625319e+06  1.348723896484296e-08  3.546927971022257e-08 
 2.985382618918044e+06  1.331254043905579e-08  3.548631570210845e-08 
 3.043219887107808e+06  1.314055483082612e-08  3.550484326713100e-08 
 3.102177664799589e+06  1.297125022939480e-08  3.552489061545876e-08 
 3.162277660168469e+06  1.280459303924632e-08  3.554648723998810e-08 
 3.223542001952555e+06  1.264054813275364e-08  3.556966397676235e-08 
 3.285993247600748e+06  1.247907900248774e-08  3.559445306754170e-08 
 3.349654391578372e+06  1.232014791275921e-08  3.562088822423139e-08 
 3.414548873833699e+06  1.216371605003136e-08  3.564900469562705e-08 
 3.480700588428510e+06  1.200974367173425e-08  3.567883933543361e-08 
 3.548133892335856e+06  1.185819025322301e-08  3.571043067257602e-08 
 3.616873614408263e+06  1.170901463234958e-08  3.574381898258893e-08 
 3.686945064519682e+06  1.156217515135059e-08  3.577904636080866e-08 
 3.758374042884550e+06  1.141762979563457e-08  3.581615679690728e-08 
 3.831186849557398e+06  1.127533632913362e-08  3.585519625039346e-08 
 3.905410294116493e+06  1.113525242575042e-08  3.589621272739999e-08 
 3.981071705535088e+06  1.099733579665518e-08  3.593925635837789e-08 
 4.058198942243916e+06  1.086154431296881e-08  3.598437947655067e-08 
 4.136820402388627e+06  1.072783612353826e-08  3.603163669701436e-08 
 4.216965034285945e+06  1.059616976747990e-08  3.608108499648346e-08 
 4.298662347082402e+06  1.046650428113165e-08  3.613278379335640e-08 
 4.381942421619564e+06  1.033879929912863e-08  3.618679502808560e-08 
 4.466835921509761e+06  1.021301514934077e-08  3.624318324362990e-08 
 4.553374104426382e+06  1.008911294136384e-08  3.630201566616047e-08 
 4.641588833612914e+06  9.967054648384939e-09  3.636336228546460e-08 
 4.731512589614943e+06  9.846803182188163e-09  3.642729593540478e-08 
 4.823178482239448e+06  9.728322461108717e-09  3.649389237394807e-08 
 4.916620262745787e+06  9.611577470808386e-09  3.656323036292438e-08 
 5.011872336272870e+06  9.496534317790851e-09  3.663539174744173e-08 
 5.108969774507078e+06  9.383160275512251e-09  3.671046153470851e-08 
 5.207948328595617e+06  9.271423823113486e-09  3.678852797236432e-08 
 5.308844442310040e+06  9.161294676733475e-09  3.686968262616697e-08 
 5.411695265464797e+06  9.052743813461732e-09  3.695402045712952e-08 
 5.516538667595743e+06  8.945743488028316e-09  3.704163989772869e-08 
 5.623413251903657e+06  8.840267242272570e-09  3.713264292778535e-08 
 5.732358369467883e+06  8.736289907651342e-09  3.722713514910732e-08 
 5.843414133735349e+06  8.633787600896366e-09  3.732522585990276e-08 
 5.956621435290282e+06  8.532737713096362e-09  3.742702812776969e-08 
 6.072021956910066e+06  8.433118892443794e-09  3.753265886248598e-08 
 6.189658188912790e+06  8.334911020958296e-09  3.764223888768914e-08 
 6.309573444802121e+06  8.238095185523836e-09  3.775589301165360e-08 
 6.431811877215280e+06  8.142653643550178e-09  3.787375009754120e-08 
 6.556418494179985e+06  8.048569783686417e-09  3.799594313268124e-08 
 6.683439175686347e+06  7.955828081977179e-09  3.812260929696281e-08 
 6.812920690579819e+06  7.864414053842757e-09  3.825389003081719e-08 
 6.944910713781422e+06  7.774314202363801e-09  3.838993110208763e-08 
 7.079457843841594e+06  7.685515963281770e-09  3.853088267229968e-08 
 7.216611620834101e+06  7.598007647170122e-09  3.867689936228681e-08 
 7.356422544596637e+06  7.511778379234786e-09  3.882814031718836e-08 
 7.498942093324786e+06  7.426818037180301e-09  3.898476927075796e-08 
 7.644222742526235e+06  7.343117187586387e-09  3.914695460922891e-08 
 7.792317984342178e+06  7.260667021282897e-09  3.931486943457804e-08 
 7.943282347243057e+06  7.179459288063095e-09  3.948869162736927e-08 
 8.097171416105866e+06  7.099486231193399e-09  3.966860390957503e-08 
 8.254041852680436e+06  7.020740522169280e-09  3.985479390667643e-08 
 8.413951416452209e+06  6.943215195973188e-09  4.004745421012662e-08 
 8.576958985909205e+06  6.866903587307603e-09  4.024678243932704e-08 
 8.743124580221005e+06  6.791799268053459e-09  4.045298130429316e-08 
 8.912509381337730e+06  6.717895986320502e-09  4.066625866803801e-08 
 9.085175756517148e+06  6.645187607326744e-09  4.088682760994146e-08 
 9.261187281288220e+06  6.573668056383854e-09  4.111490648935438e-08 
 9.440608762859525e+06  6.503331264230650e-09  4.135071901023702e-08 
 9.623506263981184e+06  6.434171114865125e-09  4.159449428708766e-08 
 9.809947127269078e+06  6.366181396121049e-09  4.184646691168638e-08 
 1.000000000000031e+07  6.299355753057331e-09  4.210687702202260e-08 
 1.019373485938904e+07  6.233687644349803e-09  4.237597037274397e-08 
 1.039122303835201e+07  6.169170301729886e-09  4.265399840788304e-08 
 1.059253725177322e+07  6.105796692563594e-09  4.294121833619058e-08 
 1.079775162327743e+07  6.043559485583344e-09  4.323789320948772e-08 
 1.100694171252244e+07  5.982451019860061e-09  4.354429200384012e-08 
 1.122018454301998e+07  5.922463276945008e-09  4.386068970487094e-08 
 1.143755863049574e+07  5.863587856195442e-09  4.418736739689834e-08 
 1.165914401179868e+07  5.805815953238227e-09  4.452461235671776e-08 
 1.188502227437056e+07  5.749138341546638e-09  4.487271815199198e-08 
 1.211527658628627e+07  5.693545356988741e-09  4.523198474560184e-08 
 1.234999172687624e+07  5.639026885364787e-09  4.560271860509146e-08 
 1.258925411794207e+07  5.585572352718511e-09  4.598523281933142e-08 
 1.283315185557692e+07  5.533170718430457e-09  4.637984722121573e-08 
 1.308177474260235e+07  5.481810470907627e-09  4.678688851812151e-08 
 1.333521432163366e+07  5.431479625750185e-09  4.720669042993295e-08 
 1.359356390878569e+07  5.382165726295362e-09  4.763959383540205e-08 
 1.385691862803171e+07  5.333855846373442e-09  4.808594692731456e-08 
 1.412537544622799e+07  5.286536595165245e-09  4.854610537651150e-08 
 1.439903320881679e+07  5.240194123979504e-09  4.902043250602270e-08 
 1.467799267622116e+07  5.194814134852238e-09  4.950929947483920e-08 
 1.496235656094481e+07  5.150381890789910e-09  5.001308547224916e-08 
 1.525222956539068e+07  5.106882227524603e-09  5.053217792322888e-08 
 1.554771842041223e+07  5.064299566648282e-09  5.106697270467342e-08 
 1.584893192461164e+07  5.022617929967705e-09  5.161787437313219e-08 
 1.615598098439926e+07  4.981820954951537e-09  5.218529640491617e-08 
 1.646897865482921e+07  4.941891911153230e-09  5.276966144699527e-08 
 1.678804018122614e+07  4.902813717444840e-09  5.337140158109203e-08 
 1.711328304161836e+07  4.864568959955670e-09  5.399095859976670e-08 
 1.744482698999310e+07  4.827139910618274e-09  5.462878429454989e-08 
 1.778279410038980e+07  4.790508546154234e-09  5.528534075670327e-08 
 1.812730881184757e+07  4.754656567446911e-09  5.596110069034419e-08 
 1.847849797422351e+07  4.719565419167554e-09  5.665654773752499e-08 
 1.883649089489862e+07  4.685216309552473e-09  5.737217681574477e-08 
 1.920141938638864e+07  4.651590230279366e-09  5.810849446683757e-08 
 1.957341781487724e+07  4.618667976318744e-09  5.886601921749071e-08 
 1.995262314968945e+07  4.586430165706569e-09  5.964528195104506e-08 
 2.033917501372358e+07  4.554857259173712e-09  6.044682628956911e-08 
 2.073321573486023e+07  4.523929579556555e-09  6.127120898610598e-08 
 2.113489039836716e+07  4.493627330933531e-09  6.211900032697883e-08 
 2.154434690031954e+07  4.463930617464721e-09  6.299078454171307e-08 
 2.196173600205508e+07  4.434819461855275e-09  6.388716022239197e-08 
 2.238721138568413e+07  4.406273823443847e-09  6.480874074898538e-08 
 2.282092971067526e+07  4.378273615862662e-09  6.575615472197609e-08 
 2.326305067153703e+07  4.350798724262914e-09  6.673004639963509e-08 
 2.371373705661734e+07  4.323829022076342e-09  6.773107614030285e-08 
 2.417315480804184e+07  4.297344387320643e-09  6.875992084738023e-08 
 2.464147308281364e+07  4.271324718428639e-09  6.981727441687283e-08 
 2.511886431509664e+07  4.245749949613077e-09  7.090384818566421e-08 
 2.560550427970562e+07  4.220600065755897e-09  7.202037137996297e-08 
 2.610157215682624e+07  4.195855116869974e-09  7.316759156167510e-08 
 2.660725059798899e+07  4.171495232095810e-09  7.434627507313353e-08 
 2.712272579332119e+07  4.147500633301908e-09  7.555720747699680e-08 
 2.764818754010200e+07  4.123851648280305e-09  7.680119399154140e-08 
 2.818382931264548e+07  4.100528723581368e-09  7.807905991940759e-08 
 2.872984833353761e+07  4.077512437001701e-09  7.939165106939481e-08 
 2.928644564625335e+07  4.054783509773888e-09  8.073983416923831e-08 
 2.985382618918060e+07  4.032322818481254e-09  8.212449726918328e-08 
 3.043219887107825e+07  4.010111406734637e-09  8.354655013526983e-08 
 3.102177664799606e+07  3.988130496662589e-09  8.500692463069441e-08 
 3.162277660168486e+07  3.966361500226149e-09  8.650657508733213e-08 
 3.223542001952572e+07  3.944786030437434e-09  8.804647866226573e-08 
 3.285993247600766e+07  3.923385912479015e-09  8.962763568506180e-08 
 3.349654391578390e+07  3.902143194802629e-09  9.125106999037354e-08 
 3.414548873833718e+07  3.881040160222387e-09  9.291782923978833e-08 
 3.480700588428529e+07  3.860059337050742e-09  9.462898523178893e-08 
 3.548133892335875e+07  3.839183510322587e-09  9.638563420057243e-08 
 3.616873614408282e+07  3.818395733119690e-09  9.818889710785399e-08 
 3.686945064519701e+07  3.797679338065981e-09  1.000399199236623e-07 
 3.758374042884570e+07  3.777017948989115e-09  1.019398739051241e-07 
 3.831186849557418e+07  3.756395492806743e-09  1.038899558697459e-07 
 3.905410294116513e+07  3.735796211642623e-09  1.058913884697370e-07 
 3.981071705535109e+07  3.715204675209735e-09  1.079454204699776e-07 
 4.058198942243937e+07  3.694605793464454e-09  1.100533270331854e-07 
 4.136820402388649e+07  3.673984829561248e-09  1.122164100169333e-07 
 4.216965034285967e+07  3.653327413102551e-09  1.144359982885841e-07 
 4.298662347082424e+07  3.632619553693585e-09  1.167134480620378e-07 
 4.381942421619587e+07  3.611847654798945e-09  1.190501432647888e-07 
 4.466835921509784e+07  3.590998527892583e-09  1.214474959393174e-07 
 4.553374104426406e+07  3.570059406883197e-09  1.239069466897332e-07 
 4.641588833612939e+07  3.549017962798400e-09  1.264299651774091e-07 
 4.731512589614968e+07  3.527862318690802e-09  1.290180506785460e-07 
 4.823178482239473e+07  3.506581064738882e-09  1.316727327087172e-07 
 4.916620262745813e+07  3.485163273492478e-09  1.343955717266699e-07 
 5.011872336272896e+07  3.463598515210106e-09  1.371881599266012e-07 
 5.108969774507105e+07  3.441876873238028e-09  1.400521221283192e-07 
 5.207948328595644e+07  3.419988959352791e-09  1.429891167781423e-07 
 5.308844442310068e+07  3.397925929002854e-09  1.460008370686251e-07 
 5.411695265464825e+07  3.375679496360372e-09  1.490890121929654e-07 
 5.516538667595772e+07  3.353241949098693e-09  1.522554087415082e-07 
 5.623413251903687e+07  3.330606162800987e-09  1.555018322534038e-07 
 5.732358369467914e+07  3.307765614894068e-09  1.588301289377063e-07 
 5.843414133735380e+07  3.284714398005940e-09  1.622421875720528e-07 
 5.956621435290314e+07  3.261447232632639e-09  1.657399415929075e-07 
 6.072021956910098e+07  3.237959478999143e-09  1.693253713897865e-07 
 6.189658188912823e+07  3.214247147996994e-09  1.730005068120641e-07 
 6.309573444802155e+07  3.190306911078239e-09  1.767674299032360e-07 
 6.431811877215314e+07  3.166136108984500e-09  1.806282778693914e-07 
 6.556418494180020e+07  3.141732759190328e-09  1.845852462974229e-07 
 6.683439175686382e+07  3.117095561943904e-09  1.886405926273912e-07 
 6.812920690579854e+07  3.092223904790425e-09  1.927966398929890e-07 
 6.944910713781458e+07  3.067117865463256e-09  1.970557807361487e-07 
 7.079457843841630e+07  3.041778213045683e-09  2.014204817056998e-07 
 7.216611620834139e+07  3.016206407300798e-09  2.058932878468018e-07 
 7.356422544596675e+07  2.990404596084248e-09  2.104768275882904e-07 
 7.498942093324825e+07  2.964375610763731e-09  2.151738179342842e-07 
 7.644222742526275e+07  2.938122959577480e-09  2.199870699658007e-07 
 7.792317984342219e+07  2.911650818882828e-09  2.249194946565366e-07 
 7.943282347243099e+07  2.884964022253609e-09  2.299741090074079e-07 
 8.097171416105910e+07  2.858068047406841e-09  2.351540425040859e-07 
 8.254041852680480e+07  2.830969000948791e-09  2.404625438992272e-07 
 8.413951416452253e+07  2.803673600954334e-09  2.459029883226697e-07 
 8.576958985909249e+07  2.776189157403287e-09  2.514788847210379e-07 
 8.743124580221051e+07  2.748523550521921e-09  2.571938836277298e-07 
 8.912509381337777e+07  2.720685207088936e-09  2.630517852663766e-07 
 9.085175756517196e+07  2.692683074789256e-09  2.690565479846510e-07 
 9.261187281288269e+07  2.664526594709291e-09  2.752122970234416e-07 
 9.440608762859575e+07  2.636225672089160e-09  2.815233336174910e-07 
 9.623506263981235e+07  2.607790645459181e-09  2.879941444313291e-07 
 9.809947127269129e+07  2.579232254305689e-09  2.946294113268295e-07 
 1.000000000000036e+08  2.550561605420305e-09  3.014340214677676e-07 
 1.019373485938910e+08  2.521790138103114e-09  3.084130777568004e-07 
 1.039122303835207e+08  2.492929588396479e-09  3.155719096087821e-07 
 1.059253725177327e+08  2.463991952537152e-09  3.229160840610562e-07 
 1.079775162327749e+08  2.434989449820135e-09  3.304514172215091e-07 
 1.100694171252250e+08  2.405934485071298e-09  3.381839860567688e-07 
 1.122018454302004e+08  2.376839610930445e-09  3.461201405246867e-07 
 1.143755863049580e+08  2.347717490144951e-09  3.542665160510216e-07 
 1.165914401179874e+08  2.318580858074613e-09  3.626300463583124e-07 
 1.188502227437062e+08  2.289442485603441e-09  3.712179766486859e-07 
 1.211527658628633e+08  2.260315142649578e-09  3.800378771470873e-07 
 1.234999172687630e+08  2.231211562457456e-09  3.890976570117038e-07 
 1.258925411794214e+08  2.202144406847629e-09  3.984055786176458e-07 
 1.283315185557698e+08  2.173126232588391e-09  4.079702722218951e-07 
 1.308177474260242e+08  2.144169459043272e-09  4.178007510200967e-07 
 1.333521432163373e+08  2.115286337233738e-09  4.279064266019254e-07 
 1.359356390878576e+08  2.086488920445013e-09  4.382971248162520e-07 
 1.385691862803179e+08  2.057789036484123e-09  4.489831020601809e-07 
 1.412537544622807e+08  2.029198261689493e-09  4.599750619991458e-07 
 1.439903320881687e+08  2.000727896770070e-09  4.712841727335215e-07 
 1.467799267622124e+08  1.972388944539994e-09  4.829220844264347e-07 
 1.496235656094489e+08  1.944192089597176e-09  4.949009474021652e-07 
 1.525222956539075e+08  1.916147679978395e-09  5.072334307359301e-07 
 1.554771842041231e+08  1.888265710808659e-09  5.199327413437258e-07 
 1.584893192461172e+08  1.860555809947146e-09  5.330126435944646e-07 
 1.615598098439934e+08  1.833027225618122e-09  5.464874794544206e-07 
 1.646897865482930e+08  1.805688816001871e-09  5.603721891848568e-07 
 1.678804018122623e+08  1.778549040747430e-09  5.746823326074435e-07 
 1.711328304161845e+08  1.751615954358371e-09  5.894341109567653e-07 
 1.744482698999319e+08  1.724897201391629e-09  6.046443893337604e-07 
 1.778279410038989e+08  1.698400013400361e-09  6.203307197801797e-07 
 1.812730881184767e+08  1.672131207543174e-09  6.365113649913355e-07 
 1.847849797422360e+08  1.646097186775790e-09  6.532053226826138e-07 
 1.883649089489871e+08  1.620303941534529e-09  6.704323506309166e-07 
 1.920141938638874e+08  1.594757052816668e-09  6.882129924019953e-07 
 1.957341781487734e+08  1.569461696558994e-09  7.065686037886982e-07 
 1.995262314968955e+08  1.544422649213904e-09  7.255213799679879e-07 
 2.033917501372368e+08  1.519644294419629e-09  7.450943834011865e-07 
 2.073321573486033e+08  1.495130630662528e-09  7.653115724854238e-07 
 2.113489039836726e+08  1.470885279828039e-09  7.861978309772914e-07 
 2.154434690031965e+08  1.446911496539280e-09  8.077789981993017e-07 
 2.196173600205519e+08  1.423212178183934e-09  8.300819000439885e-07 
 2.238721138568424e+08  1.399789875532743e-09  8.531343807863153e-07 
 2.282092971067536e+08  1.376646803856194e-09  8.769653357180853e-07 
 2.326305067153714e+08  1.353784854450078e-09  9.016047446111984e-07 
 2.371373705661745e+08  1.331205606484344e-09  9.270837060212378e-07 
 2.417315480804195e+08  1.308910339094923e-09  9.534344724330233e-07 
 2.464147308281375e+08  1.286900043642570e-09  9.806904862587611e-07 
 2.511886431509675e+08  1.265175436068024e-09  1.008886416687161e-06 
 2.560550427970573e+08  1.243736969278265e-09  1.038058197384218e-06 
 2.610157215682636e+08  1.222584845503535e-09  1.068243065045001e-06 
 2.660725059798911e+08  1.201719028570631e-09  1.099479598789730e-06 
 2.712272579332131e+08  1.181139256042693e-09  1.131807760396614e-06 
 2.764818754010212e+08  1.160845051181633e-09  1.165268935357905e-06 
 2.818382931264561e+08  1.140835734693725e-09  1.199905974747728e-06 
 2.872984833353774e+08  1.121110436224397e-09  1.235763237876802e-06 
 2.928644564625348e+08  1.101668105572683e-09  1.272886635715547e-06 
 2.985382618918073e+08  1.082507523600332e-09  1.311323675054008e-06 
 3.043219887107838e+08  1.063627312814946e-09  1.351123503366240e-06 
 3.102177664799619e+08  1.045025947610620e-09  1.392336954340613e-06 
 3.162277660168500e+08  1.026701764152855e-09  1.435016594032476e-06 
 3.223542001952586e+08  1.008652969898598e-09  1.479216767587228e-06 
 3.285993247600780e+08  9.908776527449150e-10  1.524993646479093e-06 
 3.349654391578405e+08  9.733737898029973e-10  1.572405276202396e-06 
 3.414548873833733e+08  9.561392557966621e-10  1.621511624343026e-06 
 3.480700588428544e+08  9.391718310869439e-10  1.672374628955355e-06 
 3.548133892335891e+08  9.224692093262760e-10  1.725058247158604e-06 
 3.616873614408299e+08  9.060290047477015e-10  1.779628503858506e-06 
 3.686945064519718e+08  8.898487590961322e-10  1.836153540495538e-06 
 3.758374042884587e+08  8.739259482098337e-10  1.894703663704950e-06 
 3.831186849557436e+08  8.582579882614686e-10  1.955351393778143e-06 
 3.905410294116532e+08  8.428422416691146e-10  2.018171512788882e-06 
 3.981071705535128e+08  8.276760226880577e-10  2.083241112253538e-06 
 4.058198942243956e+08  8.127566026949505e-10  2.150639640177608e-06 
 4.136820402388668e+08  7.980812151761709e-10  2.220448947331949e-06 
 4.216965034285987e+08  7.836470604325518e-10  2.292753332593220e-06 
 4.298662347082445e+08  7.694513100126114e-10  2.367639587176156e-06 
 4.381942421619608e+08  7.554911108866095e-10  2.445197037569400e-06 
 4.466835921509806e+08  7.417635893735020e-10  2.525517586983609e-06 
 4.553374104426428e+08  7.282658548327340e-10  2.608695755106297e-06 
 4.641588833612961e+08  7.149950031326462e-10  2.694828715953360e-06 
 4.731512589614991e+08  7.019481199068589e-10  2.784016333591742e-06 
 4.823178482239497e+08  6.891222836096856e-10  2.876361195506447e-06 
 4.916620262745838e+08  6.765145683812639e-10  2.971968643374181e-06 
 5.011872336272921e+08  6.641220467326699e-10  3.070946800994912e-06 
 5.108969774507130e+08  6.519417920608482e-10  3.173406599134058e-06 
 5.207948328595670e+08  6.399708810027145e-10  3.279461797014453e-06 
 5.308844442310094e+08  6.282063956374163e-10  3.389229000197980e-06 
 5.411695265464852e+08  6.166454255451702e-10  3.502827674592310e-06 
 5.516538667595799e+08  6.052850697307898e-10  3.620380156311331e-06 
 5.623413251903714e+08  5.941224384194676e-10  3.742011657127779e-06 
 5.732358369467942e+08  5.831546547319726e-10  3.867850265243116e-06 
 5.843414133735409e+08  5.723788562460700e-10  3.998026941120712e-06 
 5.956621435290343e+08  5.617921964504939e-10  4.132675508112117e-06 
 6.072021956910129e+08  5.513918460974890e-10  4.271932637635504e-06 
 6.189658188912854e+08  5.411749944595155e-10  4.415937828657370e-06 
 6.309573444802186e+08  5.311388504954248e-10  4.564833381251618e-06 
 6.431811877215347e+08  5.212806439310650e-10  4.718764364017875e-06 
 6.556418494180053e+08  5.115976262589608e-10  4.877878575166914e-06 
 6.683439175686417e+08  5.020870716614374e-10  5.042326497093521e-06 
 6.812920690579889e+08  4.927462778613183e-10  5.212261244288990e-06 
 6.944910713781494e+08  4.835725669040174e-10  5.387838504464807e-06 
 7.079457843841667e+08  4.745632858746806e-10  5.569216472798415e-06 
 7.216611620834177e+08  4.657158075537712e-10  5.756555779241613e-06 
 7.356422544596714e+08  4.570275310143098e-10  5.950019408868846e-06 
 7.498942093324865e+08  4.484958821638099e-10  6.149772615289255e-06 
 7.644222742526315e+08  4.401183142337527e-10  6.355982827182112e-06 
 7.792317984342260e+08  4.318923082192961e-10  6.568819548078655e-06 
 7.943282347243141e+08  4.238153732717898e-10  6.788454249540589e-06 
 8.097171416105952e+08  4.158850470464943e-10  7.015060257970331e-06 
 8.254041852680523e+08  4.080988960078069e-10  7.248812635310350e-06 
 8.413951416452297e+08  4.004545156941743e-10  7.489888053980970e-06 
 8.576958985909294e+08  3.929495309447460e-10  7.738464666442059e-06 
 8.743124580221096e+08  3.855815960897679e-10  7.994721969838090e-06 
 8.912509381337823e+08  3.783483951065628e-10  8.258840666247889e-06 
 9.085175756517242e+08  3.712476417429141e-10  8.531002519121684e-06 
 9.261187281288317e+08  3.642770796095483e-10  8.811390206551626e-06 
 9.440608762859625e+08  3.574344822433644e-10  9.100187172086001e-06 
 9.623506263981285e+08  3.507176531429661e-10  9.397577473854861e-06 
 9.809947127269181e+08  3.441244257780027e-10  9.703745632834762e-06 
 1.000000000000042e+09  3.376526635737524e-10  1.001887648113145e-05 
