 frequency       ore             oim            
 1.00000000e+00  3.99210515e+00 -3.77933069e-07 
 1.12201845e+00  3.99210515e+00 -4.24047878e-07 
 1.25892541e+00  3.99210515e+00 -4.75789545e-07 
 1.41253754e+00  3.99210515e+00 -5.33844649e-07 
 1.58489319e+00  3.99210515e+00 -5.98983548e-07 
 1.77827941e+00  3.99210515e+00 -6.72070595e-07 
 1.99526231e+00  3.99210515e+00 -7.54075610e-07 
 2.23872114e+00  3.99210515e+00 -8.46086751e-07 
 2.51188643e+00  3.99210515e+00 -9.49324948e-07 
 2.81838293e+00  3.99210515e+00 -1.06516011e-06 
 3.16227766e+00  3.99210515e+00 -1.19512930e-06 
 3.54813389e+00  3.99210515e+00 -1.34095713e-06 
 3.98107171e+00  3.99210515e+00 -1.50457865e-06 
 4.46683592e+00  3.99210515e+00 -1.68816501e-06 
 5.01187234e+00  3.99210515e+00 -1.89415229e-06 
 5.62341325e+00  3.99210515e+00 -2.12527383e-06 
 6.30957344e+00  3.99210515e+00 -2.38459646e-06 
 7.07945784e+00  3.99210515e+00 -2.67556123e-06 
 7.94328235e+00  3.99210515e+00 -3.00202908e-06 
 8.91250938e+00  3.99210515e+00 -3.36833202e-06 
 1.00000000e+01  3.99210515e+00 -3.77933069e-06 
 1.12201845e+01  3.99210515e+00 -4.24047878e-06 
 1.25892541e+01  3.99210515e+00 -4.75789545e-06 
 1.41253754e+01  3.99210515e+00 -5.33844649e-06 
 1.58489319e+01  3.99210515e+00 -5.98983548e-06 
 1.77827941e+01  3.99210515e+00 -6.72070595e-06 
 1.99526231e+01  3.99210515e+00 -7.54075610e-06 
 2.23872114e+01  3.99210515e+00 -8.46086751e-06 
 2.51188643e+01  3.99210515e+00 -9.49324948e-06 
 2.81838293e+01  3.99210515e+00 -1.06516011e-05 
 3.16227766e+01  3.99210515e+00 -1.19512930e-05 
 3.54813389e+01  3.99210515e+00 -1.34095713e-05 
 3.98107171e+01  3.99210515e+00 -1.50457865e-05 
 4.46683592e+01  3.99210515e+00 -1.68816501e-05 
 5.01187234e+01  3.99210515e+00 -1.89415229e-05 
 5.62341325e+01  3.99210515e+00 -2.12527383e-05 
 6.30957344e+01  3.99210515e+00 -2.38459646e-05 
 7.07945784e+01  3.99210515e+00 -2.67556123e-05 
 7.94328235e+01  3.99210515e+00 -3.00202907e-05 
 8.91250938e+01  3.99210515e+00 -3.36833202e-05 
 1.00000000e+02  3.99210514e+00 -3.77933069e-05 
 1.12201845e+02  3.99210514e+00 -4.24047878e-05 
 1.25892541e+02  3.99210514e+00 -4.75789544e-05 
 1.41253754e+02  3.99210514e+00 -5.33844649e-05 
 1.58489319e+02  3.99210514e+00 -5.98983547e-05 
 1.77827941e+02  3.99210514e+00 -6.72070593e-05 
 1.99526231e+02  3.99210514e+00 -7.54075608e-05 
 2.23872114e+02  3.99210514e+00 -8.46086747e-05 
 2.51188643e+02  3.99210514e+00 -9.49324943e-05 
 2.81838293e+02  3.99210514e+00 -1.06516010e-04 
 3.16227766e+02  3.99210514e+00 -1.19512929e-04 
 3.54813389e+02  3.99210514e+00 -1.34095712e-04 
 3.98107171e+02  3.99210513e+00 -1.50457863e-04 
 4.46683592e+02  3.99210513e+00 -1.68816498e-04 
 5.01187234e+02  3.99210512e+00 -1.89415225e-04 
 5.62341325e+02  3.99210512e+00 -2.12527377e-04 
 6.30957344e+02  3.99210511e+00 -2.38459638e-04 
 7.07945784e+02  3.99210510e+00 -2.67556112e-04 
 7.94328235e+02  3.99210509e+00 -3.00202892e-04 
 8.91250938e+02  3.99210508e+00 -3.36833180e-04 
 1.00000000e+03  3.99210506e+00 -3.77933037e-04 
 1.12201845e+03  3.99210504e+00 -4.24047833e-04 
 1.25892541e+03  3.99210501e+00 -4.75789481e-04 
 1.41253754e+03  3.99210498e+00 -5.33844559e-04 
 1.58489319e+03  3.99210493e+00 -5.98983421e-04 
 1.77827941e+03  3.99210488e+00 -6.72070415e-04 
 1.99526231e+03  3.99210481e+00 -7.54075357e-04 
 2.23872114e+03  3.99210472e+00 -8.46086392e-04 
 2.51188643e+03  3.99210461e+00 -9.49324442e-04 
 2.81838293e+03  3.99210447e+00 -1.06515940e-03 
 3.16227766e+03  3.99210430e+00 -1.19512829e-03 
 3.54813389e+03  3.99210408e+00 -1.34095570e-03 
 3.98107171e+03  3.99210381e+00 -1.50457663e-03 
 4.46683592e+03  3.99210346e+00 -1.68816216e-03 
 5.01187234e+03  3.99210302e+00 -1.89414827e-03 
 5.62341325e+03  3.99210247e+00 -2.12526815e-03 
 6.30957344e+03  3.99210178e+00 -2.38458843e-03 
 7.07945784e+03  3.99210091e+00 -2.67554989e-03 
 7.94328235e+03  3.99209981e+00 -3.00201306e-03 
 8.91250938e+03  3.99209843e+00 -3.36830940e-03 
 1.00000000e+04  3.99209670e+00 -3.77929874e-03 
 1.12201845e+04  3.99209451e+00 -4.24043365e-03 
 1.25892541e+04  3.99209175e+00 -4.75783170e-03 
 1.41253754e+04  3.99208829e+00 -5.33835645e-03 
 1.58489319e+04  3.99208392e+00 -5.98970829e-03 
 1.77827941e+04  3.99207842e+00 -6.72052629e-03 
 1.99526231e+04  3.99207151e+00 -7.54050232e-03 
 2.23872114e+04  3.99206280e+00 -8.46050904e-03 
 2.51188643e+04  3.99205183e+00 -9.49274314e-03 
 2.81838293e+04  3.99203803e+00 -1.06508859e-02 
 3.16227766e+04  3.99202065e+00 -1.19502828e-02 
 3.54813389e+04  3.99199878e+00 -1.34081444e-02 
 3.98107171e+04  3.99197125e+00 -1.50437709e-02 
 4.46683592e+04  3.99193658e+00 -1.68788032e-02 
 5.01187234e+04  3.99189295e+00 -1.89375019e-02 
 5.62341325e+04  3.99183804e+00 -2.12470589e-02 
 6.30957344e+04  3.99176891e+00 -2.38379431e-02 
 7.07945784e+04  3.99168191e+00 -2.67442831e-02 
 7.94328235e+04  3.99157242e+00 -3.00042906e-02 
 8.91250938e+04  3.99143464e+00 -3.36607241e-02 
 1.00000000e+05  3.99126126e+00 -3.77613975e-02 
 1.12201845e+05  3.99104314e+00 -4.23597296e-02 
 1.25892541e+05  3.99076876e+00 -4.75153348e-02 
 1.41253754e+05  3.99042367e+00 -5.32946473e-02 
 1.58489319e+05  3.98998980e+00 -5.97715683e-02 
 1.77827941e+05  3.98944444e+00 -6.70281184e-02 
 1.99526231e+05  3.98875927e+00 -7.51550657e-02 
 2.23872114e+05  3.98789886e+00 -8.42524872e-02 
 2.51188643e+05  3.98681910e+00 -9.44302018e-02 
 2.81838293e+05  3.98546518e+00 -1.05807984e-01 
 3.16227766e+05  3.98376924e+00 -1.18515437e-01 
 3.54813389e+05  3.98164760e+00 -1.32691350e-01 
 3.98107171e+05  3.97899768e+00 -1.48482331e-01 
 4.46683592e+05  3.97569461e+00 -1.66040403e-01 
 5.01187234e+05  3.97158776e+00 -1.85519236e-01 
 5.62341325e+05  3.96649754e+00 -2.07068588e-01 
 6.30957344e+05  3.96021313e+00 -2.30826532e-01 
 7.07945784e+05  3.95249189e+00 -2.56909108e-01 
 7.94328235e+05  3.94306203e+00 -2.85397232e-01 
 8.91250938e+05  3.93163021e+00 -3.16321171e-01 
 1.00000000e+06  3.91789628e+00 -3.49643675e-01 
 1.12201845e+06  3.90157762e+00 -3.85244097e-01 
 1.25892541e+06  3.88244502e+00 -4.22907465e-01 
 1.41253754e+06  3.86037068e+00 -4.62324322e-01 
 1.58489319e+06  3.83538625e+00 -5.03108530e-01 
 1.77827941e+06  3.80774484e+00 -5.44840378e-01 
 1.99526231e+06  3.77797666e+00 -5.87140023e-01 
 2.23872114e+06  3.74692448e+00 -6.29771103e-01 
 2.51188643e+06  3.71574554e+00 -6.72767079e-01 
 2.81838293e+06  3.68587166e+00 -7.16566179e-01 
 3.16227766e+06  3.65892882e+00 -7.62138666e-01 
 3.54813389e+06  3.63662762e+00 -8.11095611e-01 
 3.98107171e+06  3.62064072e+00 -8.65781339e-01 
 4.46683592e+06  3.61247838e+00 -9.29368201e-01 
 5.01187234e+06  3.61335625e+00 -1.00598660e+00 
 5.62341325e+06  3.62402238e+00 -1.10093020e+00 
 6.30957344e+06  3.64447287e+00 -1.22097354e+00 
 7.07945784e+06  3.67343404e+00 -1.37482277e+00 
 7.94328235e+06  3.70741264e+00 -1.57367844e+00 
 8.91250938e+06  3.73899941e+00 -1.83178428e+00 
 1.00000000e+07  3.75395683e+00 -2.16658336e+00 
