 frequency              onoise_spectrum        inoise_spectrum       
 1.000000000000000e+00  4.910888438258822e-05  3.077695786036103e-06 
 1.019373485938873e+00  4.869733694483279e-05  3.051903756124305e-06 
 1.039122303835169e+00  4.828927932924950e-05  3.026330436352761e-06 
 1.059253725177289e+00  4.788468154374800e-05  3.000973947091645e-06 
 1.079775162327710e+00  4.748351385789028e-05  2.975832425108846e-06 
 1.100694171252210e+00  4.708574680057508e-05  2.950904023425289e-06 
 1.122018454301964e+00  4.669135115774294e-05  2.926186911170882e-06 
 1.143755863049539e+00  4.630029797008752e-05  2.901679273441207e-06 
 1.165914401179832e+00  4.591255853081312e-05  2.877379311156663e-06 
 1.188502227437019e+00  4.552810438338760e-05  2.853285240922204e-06 
 1.211527658628589e+00  4.514690731933393e-05  2.829395294888289e-06 
 1.234999172687586e+00  4.476893937603334e-05  2.805707720613842e-06 
 1.258925411794168e+00  4.439417283453895e-05  2.782220780928636e-06 
 1.283315185557652e+00  4.402258021743425e-05  2.758932753799518e-06 
 1.308177474260195e+00  4.365413428668310e-05  2.735841932195582e-06 
 1.333521432163325e+00  4.328880804152060e-05  2.712946623955565e-06 
 1.359356390878527e+00  4.292657471634752e-05  2.690245151656586e-06 
 1.385691862803129e+00  4.256740777865484e-05  2.667735852483693e-06 
 1.412537544622755e+00  4.221128092695399e-05  2.645417078099984e-06 
 1.439903320881634e+00  4.185816808874697e-05  2.623287194519787e-06 
 1.467799267622071e+00  4.150804341849104e-05  2.601344581980757e-06 
 1.496235656094435e+00  4.116088129559244e-05  2.579587634818447e-06 
 1.525222956539020e+00  4.081665632242570e-05  2.558014761341943e-06 
 1.554771842041175e+00  4.047534332235508e-05  2.536624383709878e-06 
 1.584893192461115e+00  4.013691733778375e-05  2.515414937808351e-06 
 1.615598098439875e+00  3.980135362822417e-05  2.494384873129986e-06 
 1.646897865482870e+00  3.946862766837150e-05  2.473532652652709e-06 
 1.678804018122562e+00  3.913871514620327e-05  2.452856752721380e-06 
 1.711328304161782e+00  3.881159196110555e-05  2.432355662929948e-06 
 1.744482698999256e+00  3.848723422199565e-05  2.412027886003827e-06 
 1.778279410038925e+00  3.816561824547414e-05  2.391871937684049e-06 
 1.812730881184701e+00  3.784672055399648e-05  2.371886346612886e-06 
 1.847849797422293e+00  3.753051787404788e-05  2.352069654219258e-06 
 1.883649089489803e+00  3.721698713435068e-05  2.332420414606398e-06 
 1.920141938638804e+00  3.690610546407292e-05  2.312937194439737e-06 
 1.957341781487663e+00  3.659785019106379e-05  2.293618572836326e-06 
 1.995262314968882e+00  3.629219884010403e-05  2.274463141254719e-06 
 2.033917501372295e+00  3.598912913115488e-05  2.255469503385995e-06 
 2.073321573485958e+00  3.568861897765283e-05  2.236636275046231e-06 
 2.113489039836649e+00  3.539064648479765e-05  2.217962084069668e-06 
 2.154434690031886e+00  3.509518994785758e-05  2.199445570202105e-06 
 2.196173600205439e+00  3.480222785049718e-05  2.181085384996461e-06 
 2.238721138568343e+00  3.451173886311877e-05  2.162880191708637e-06 
 2.282092971067454e+00  3.422370184121294e-05  2.144828665194082e-06 
 2.326305067153629e+00  3.393809582372843e-05  2.126929491805723e-06 
 2.371373705661659e+00  3.365490003145572e-05  2.109181369292880e-06 
 2.417315480804108e+00  3.337409386542872e-05  2.091583006700641e-06 
 2.464147308281285e+00  3.309565690532910e-05  2.074133124270214e-06 
 2.511886431509584e+00  3.281956890792245e-05  2.056830453340734e-06 
 2.560550427970480e+00  3.254580980549020e-05  2.039673736251254e-06 
 2.610157215682541e+00  3.227435970429061e-05  2.022661726243793e-06 
 2.660725059798814e+00  3.200519888302359e-05  2.005793187367691e-06 
 2.712272579332033e+00  3.173830779131776e-05  1.989066894384454e-06 
 2.764818754010113e+00  3.147366704821561e-05  1.972481632672925e-06 
 2.818382931264459e+00  3.121125744069613e-05  1.956036198136560e-06 
 2.872984833353670e+00  3.095105992218701e-05  1.939729397110465e-06 
 2.928644564625242e+00  3.069305561110363e-05  1.923560046269527e-06 
 2.985382618917966e+00  3.043722578940335e-05  1.907526972538060e-06 
 3.043219887107728e+00  3.018355190113800e-05  1.891629012998891e-06 
 3.102177664799508e+00  2.993201555103122e-05  1.875865014804319e-06 
 3.162277660168387e+00  2.968259850307113e-05  1.860233835087827e-06 
 3.223542001952470e+00  2.943528267910577e-05  1.844734340876277e-06 
 3.285993247600662e+00  2.919005015745548e-05  1.829365409002646e-06 
 3.349654391578285e+00  2.894688317153794e-05  1.814125926019948e-06 
 3.414548873833610e+00  2.870576410850769e-05  1.799014788116171e-06 
 3.480700588428419e+00  2.846667550790279e-05  1.784030901029204e-06 
 3.548133892335763e+00  2.822960006030846e-05  1.769173179963244e-06 
 3.616873614408168e+00  2.799452060602666e-05  1.754440549505311e-06 
 3.686945064519584e+00  2.776142013376733e-05  1.739831943543332e-06 
 3.758374042884451e+00  2.753028177933795e-05  1.725346305183938e-06 
 3.831186849557297e+00  2.730108882435819e-05  1.710982586671834e-06 
 3.905410294116390e+00  2.707382469497843e-05  1.696739749309836e-06 
 3.981071705534982e+00  2.684847296060747e-05  1.682616763378689e-06 
 4.058198942243808e+00  2.662501733266206e-05  1.668612608058902e-06 
 4.136820402388517e+00  2.640344166331403e-05  1.654726271352367e-06 
 4.216965034285833e+00  2.618372994426065e-05  1.640956750005011e-06 
 4.298662347082288e+00  2.596586630549645e-05  1.627303049429967e-06 
 4.381942421619448e+00  2.574983501410448e-05  1.613764183631924e-06 
 4.466835921509642e+00  2.553562047305302e-05  1.600339175131607e-06 
 4.553374104426261e+00  2.532320722000002e-05  1.587027054890721e-06 
 4.641588833612791e+00  2.511257992611744e-05  1.573826862238614e-06 
 4.731512589614817e+00  2.490372339491910e-05  1.560737644798388e-06 
 4.823178482239319e+00  2.469662256110017e-05  1.547758458414568e-06 
 4.916620262745656e+00  2.449126248938963e-05  1.534888367080944e-06 
 5.011872336272736e+00  2.428762837340610e-05  1.522126442868920e-06 
 5.108969774506941e+00  2.408570553453741e-05  1.509471765857314e-06 
 5.207948328595478e+00  2.388547942081173e-05  1.496923424061635e-06 
 5.308844442309899e+00  2.368693560579463e-05  1.484480513364813e-06 
 5.411695265464652e+00  2.349005978748704e-05  1.472142137448459e-06 
 5.516538667595595e+00  2.329483778723777e-05  1.459907407724269e-06 
 5.623413251903506e+00  2.310125554866352e-05  1.447775443266741e-06 
 5.732358369467730e+00  2.290929913657663e-05  1.435745370745741e-06 
 5.843414133735193e+00  2.271895473592595e-05  1.423816324360180e-06 
 5.956621435290122e+00  2.253020865074450e-05  1.411987445772086e-06 
 6.072021956909904e+00  2.234304730310951e-05  1.400257884041448e-06 
 6.189658188912625e+00  2.215745723210875e-05  1.388626795561380e-06 
 6.309573444801952e+00  2.197342509281758e-05  1.377093343994059e-06 
 6.431811877215107e+00  2.179093765528305e-05  1.365656700206976e-06 
 6.556418494179809e+00  2.160998180351896e-05  1.354316042210114e-06 
 6.683439175686167e+00  2.143054453451295e-05  1.343070555093526e-06 
 6.812920690579634e+00  2.125261295723232e-05  1.331919430965146e-06 
 6.944910713781234e+00  2.107617429165217e-05  1.320861868890068e-06 
 7.079457843841402e+00  2.090121586778231e-05  1.309897074828886e-06 
 7.216611620833906e+00  2.072772512470348e-05  1.299024261578195e-06 
 7.356422544596438e+00  2.055568960961846e-05  1.288242648710537e-06 
 7.498942093324583e+00  2.038509697690593e-05  1.277551462515265e-06 
 7.644222742526028e+00  2.021593498718392e-05  1.266949935939820e-06 
 7.792317984341968e+00  2.004819150638212e-05  1.256437308531688e-06 
 7.943282347242842e+00  1.988185450482386e-05  1.246012826380669e-06 
 8.097171416105647e+00  1.971691205631231e-05  1.235675742061893e-06 
 8.254041852680212e+00  1.955335233723099e-05  1.225425314579146e-06 
 8.413951416451980e+00  1.939116362564355e-05  1.215260809308682e-06 
 8.576958985908970e+00  1.923033430040976e-05  1.205181497943683e-06 
 8.743124580220766e+00  1.907085284030673e-05  1.195186658439270e-06 
 8.912509381337486e+00  1.891270782315387e-05  1.185275574957629e-06 
 9.085175756516900e+00  1.875588792495136e-05  1.175447537814069e-06 
 9.261187281287969e+00  1.860038191902632e-05  1.165701843423258e-06 
 9.440608762859268e+00  1.844617867517827e-05  1.156037794246077e-06 
 9.623506263980921e+00  1.829326715884149e-05  1.146454698736835e-06 
 9.809947127268810e+00  1.814163643025275e-05  1.136951871291272e-06 
 1.000000000000004e+01  1.799127564362116e-05  1.127528632194313e-06 
 1.019373485938877e+01  1.784217404631273e-05  1.118184307569280e-06 
 1.039122303835173e+01  1.769432097803577e-05  1.108918229326538e-06 
 1.059253725177293e+01  1.754770587003896e-05  1.099729735113398e-06 
 1.079775162327714e+01  1.740231824431320e-05  1.090618168264131e-06 
 1.100694171252214e+01  1.725814771279951e-05  1.081582877750099e-06 
 1.122018454301968e+01  1.711518397660877e-05  1.072623218131159e-06 
 1.143755863049543e+01  1.697341682524160e-05  1.063738549506609e-06 
 1.165914401179836e+01  1.683283613582222e-05  1.054928237467113e-06 
 1.188502227437023e+01  1.669343187233265e-05  1.046191653046909e-06 
 1.211527658628593e+01  1.655519408486089e-05  1.037528172676465e-06 
 1.234999172687590e+01  1.641811290884817e-05  1.028937178135440e-06 
 1.258925411794172e+01  1.628217856434728e-05  1.020418056506199e-06 
 1.283315185557657e+01  1.614738135528575e-05  1.011970200127554e-06 
 1.308177474260200e+01  1.601371166873786e-05  1.003593006549291e-06 
 1.333521432163330e+01  1.588115997419948e-05  9.952858784865851e-07 
 1.359356390878532e+01  1.574971682287578e-05  9.870482237752763e-07 
 1.385691862803134e+01  1.561937284696416e-05  9.788794553271982e-07 
 1.412537544622761e+01  1.549011875895579e-05  9.707789910862900e-07 
 1.439903320881639e+01  1.536194535093377e-05  9.627462539844624e-07 
 1.467799267622076e+01  1.523484349388471e-05  9.547806718986965e-07 
 1.496235656094440e+01  1.510880413701033e-05  9.468816776076863e-07 
 1.525222956539026e+01  1.498381830705146e-05  9.390487087496501e-07 
 1.554771842041181e+01  1.485987710760906e-05  9.312812077796540e-07 
 1.584893192461121e+01  1.473697171848197e-05  9.235786219280853e-07 
 1.615598098439882e+01  1.461509339500360e-05  9.159404031592843e-07 
 1.646897865482876e+01  1.449423346738231e-05  9.083660081300076e-07 
 1.678804018122569e+01  1.437438334005953e-05  9.008548981491289e-07 
 1.711328304161789e+01  1.425553449105554e-05  8.934065391369696e-07 
 1.744482698999263e+01  1.413767847133907e-05  8.860204015855268e-07 
 1.778279410038932e+01  1.402080690418830e-05  8.786959605184815e-07 
 1.812730881184708e+01  1.390491148456877e-05  8.714326954522201e-07 
 1.847849797422300e+01  1.378998397850641e-05  8.642300903565942e-07 
 1.883649089489810e+01  1.367601622247528e-05  8.570876336163701e-07 
 1.920141938638811e+01  1.356300012278497e-05  8.500048179931562e-07 
 1.957341781487670e+01  1.345092765497411e-05  8.429811405869773e-07 
 1.995262314968890e+01  1.333979086321172e-05  8.360161027991377e-07 
 2.033917501372302e+01  1.322958185970058e-05  8.291092102946832e-07 
 2.073321573485966e+01  1.312029282408829e-05  8.222599729654716e-07 
 2.113489039836658e+01  1.301191600288453e-05  8.154679048935468e-07 
 2.154434690031895e+01  1.290444370887916e-05  8.087325243150100e-07 
 2.196173600205448e+01  1.279786832056970e-05  8.020533535836500e-07 
 2.238721138568352e+01  1.269218228159003e-05  7.954299191355850e-07 
 2.282092971067463e+01  1.258737810014918e-05  7.888617514539521e-07 
 2.326305067153639e+01  1.248344834847053e-05  7.823483850335007e-07 
 2.371373705661668e+01  1.238038566223552e-05  7.758893583462589e-07 
 2.417315480804117e+01  1.227818274003868e-05  7.694842138067650e-07 
 2.464147308281295e+01  1.217683234284037e-05  7.631324977382607e-07 
 2.511886431509594e+01  1.207632729342582e-05  7.568337603386186e-07 
 2.560550427970491e+01  1.197666047587303e-05  7.505875556469190e-07 
 2.610157215682552e+01  1.187782483502227e-05  7.443934415101838e-07 
 2.660725059798825e+01  1.177981337594718e-05  7.382509795504349e-07 
 2.712272579332044e+01  1.168261916343521e-05  7.321597351320802e-07 
 2.764818754010124e+01  1.158623532147474e-05  7.261192773295017e-07 
 2.818382931264470e+01  1.149065503273935e-05  7.201291788950150e-07 
 2.872984833353682e+01  1.139587153808033e-05  7.141890162270803e-07 
 2.928644564625254e+01  1.130187813602505e-05  7.082983693385987e-07 
 2.985382618917978e+01  1.120866818228068e-05  7.024568218260862e-07 
 3.043219887107740e+01  1.111623508923385e-05  6.966639608382301e-07 
 3.102177664799520e+01  1.102457232546729e-05  6.909193770455100e-07 
 3.162277660168399e+01  1.093367341527219e-05  6.852226646097093e-07 
 3.223542001952483e+01  1.084353193816455e-05  6.795734211536202e-07 
 3.285993247600675e+01  1.075414152841197e-05  6.739712477313363e-07 
 3.349654391578298e+01  1.066549587455786e-05  6.684157487985674e-07 
 3.414548873833623e+01  1.057758871895609e-05  6.629065321831356e-07 
 3.480700588428433e+01  1.049041385730200e-05  6.574432090561302e-07 
 3.548133892335778e+01  1.040396513817670e-05  6.520253939028040e-07 
 3.616873614408183e+01  1.031823646258719e-05  6.466527044940784e-07 
 3.686945064519600e+01  1.023322178351597e-05  6.413247618581936e-07 
 3.758374042884466e+01  1.014891510547091e-05  6.360411902525679e-07 
 3.831186849557313e+01  1.006531048404389e-05  6.308016171360261e-07 
 3.905410294116406e+01  9.982402025465774e-06  6.256056731410599e-07 
 3.981071705534999e+01  9.900183886173839e-06  6.204529920465658e-07 
 4.058198942243826e+01  9.818650272376076e-06  6.153432107506934e-07 
 4.136820402388535e+01  9.737795439623096e-06  6.102759692439587e-07 
 4.216965034285851e+01  9.657613692384890e-06  6.052509105825299e-07 
 4.298662347082306e+01  9.578099383624325e-06  6.002676808618381e-07 
 4.381942421619467e+01  9.499246914384782e-06  5.953259291904937e-07 
 4.466835921509661e+01  9.421050733371456e-06  5.904253076640982e-07 
 4.553374104426280e+01  9.343505336544333e-06  5.855654713397760e-07 
 4.641588833612811e+01  9.266605266708783e-06  5.807460782104529e-07 
 4.731512589614837e+01  9.190345113112594e-06  5.759667891797726e-07 
 4.823178482239340e+01  9.114719511046375e-06  5.712272680367482e-07 
 4.916620262745678e+01  9.039723141447825e-06  5.665271814312423e-07 
 5.011872336272758e+01  8.965350730508436e-06  5.618661988491730e-07 
 5.108969774506964e+01  8.891597049282833e-06  5.572439925880986e-07 
 5.207948328595500e+01  8.818456913304592e-06  5.526602377330644e-07 
 5.308844442309921e+01  8.745925182202449e-06  5.481146121326206e-07 
 5.411695265464675e+01  8.673996759319561e-06  5.436067963750444e-07 
 5.516538667595619e+01  8.602666591342879e-06  5.391364737647376e-07 
 5.623413251903531e+01  8.531929667922638e-06  5.347033302989376e-07 
 5.732358369467754e+01  8.461781021310030e-06  5.303070546445631e-07 
 5.843414133735218e+01  8.392215725985381e-06  5.259473381151590e-07 
 5.956621435290148e+01  8.323228898300501e-06  5.216238746482578e-07 
 6.072021956909929e+01  8.254815696113891e-06  5.173363607827831e-07 
 6.189658188912651e+01  8.186971318437277e-06  5.130844956366685e-07 
 6.309573444801979e+01  8.119691005080338e-06  5.088679808848233e-07 
 6.431811877215135e+01  8.052970036301423e-06  5.046865207369532e-07 
 6.556418494179837e+01  7.986803732459303e-06  5.005398219160081e-07 
 6.683439175686196e+01  7.921187453668921e-06  4.964275936364767e-07 
 6.812920690579664e+01  7.856116599461473e-06  4.923495475830204e-07 
 6.944910713781265e+01  7.791586608443151e-06  4.883053978892259e-07 
 7.079457843841433e+01  7.727592957962637e-06  4.842948611167163e-07 
 7.216611620833937e+01  7.664131163776619e-06  4.803176562341648e-07 
 7.356422544596469e+01  7.601196779721306e-06  4.763735045966983e-07 
 7.498942093324617e+01  7.538785397385499e-06  4.724621299254282e-07 
 7.644222742526063e+01  7.476892645786017e-06  4.685832582872208e-07 
 7.792317984342003e+01  7.415514191047777e-06  4.647366180743924e-07 
 7.943282347242878e+01  7.354645736085548e-06  4.609219399849541e-07 
 8.097171416105684e+01  7.294283020287291e-06  4.571389570027986e-07 
 8.254041852680250e+01  7.234421819202205e-06  4.533874043780138e-07 
 8.413951416452018e+01  7.175057944232196e-06  4.496670196075471e-07 
 8.576958985909010e+01  7.116187242321263e-06  4.459775424159580e-07 
 8.743124580220807e+01  7.057805595654700e-06  4.423187147362579e-07 
 8.912509381337527e+01  6.999908921354581e-06  4.386902806910846e-07 
 9.085175756516942e+01  6.942493171181921e-06  4.350919865738549e-07 
 9.261187281288011e+01  6.885554331238484e-06  4.315235808301942e-07 
 9.440608762859311e+01  6.829088421674935e-06  4.279848140395911e-07 
 9.623506263980966e+01  6.773091496396945e-06  4.244754388969910e-07 
 9.809947127268855e+01  6.717559642779209e-06  4.209952101948340e-07 
 1.000000000000008e+02  6.662488981374859e-06  4.175438848049784e-07 
 1.019373485938881e+02  6.607875665634835e-06  4.141212216609685e-07 
 1.039122303835178e+02  6.553715881627109e-06  4.107269817403944e-07 
 1.059253725177298e+02  6.500005847753069e-06  4.073609280473537e-07 
 1.079775162327719e+02  6.446741814475833e-06  4.040228255952381e-07 
 1.100694171252219e+02  6.393920064043187e-06  4.007124413893856e-07 
 1.122018454301973e+02  6.341536910217482e-06  3.974295444101828e-07 
 1.143755863049548e+02  6.289588698005536e-06  3.941739055961332e-07 
 1.165914401179842e+02  6.238071803390302e-06  3.909452978270942e-07 
 1.188502227437029e+02  6.186982633069001e-06  3.877434959077765e-07 
 1.211527658628599e+02  6.136317624187698e-06  3.845682765511293e-07 
 1.234999172687595e+02  6.086073244083139e-06  3.814194183622006e-07 
 1.258925411794178e+02  6.036245990023886e-06  3.782967018219090e-07 
 1.283315185557662e+02  5.986832388955157e-06  3.751999092710295e-07 
 1.308177474260206e+02  5.937828997245575e-06  3.721288248942811e-07 
 1.333521432163336e+02  5.889232400435324e-06  3.690832347046634e-07 
 1.359356390878538e+02  5.841039212987743e-06  3.660629265277455e-07 
 1.385691862803140e+02  5.793246078040866e-06  3.630676899862808e-07 
 1.412537544622767e+02  5.745849667166033e-06  3.600973164848503e-07 
 1.439903320881646e+02  5.698846680122631e-06  3.571515991946098e-07 
 1.467799267622083e+02  5.652233844617176e-06  3.542303330382783e-07 
 1.496235656094447e+02  5.606007916067268e-06  3.513333146752029e-07 
 1.525222956539033e+02  5.560165677363456e-06  3.484603424865051e-07 
 1.554771842041188e+02  5.514703938636582e-06  3.456112165603867e-07 
 1.584893192461128e+02  5.469619537023983e-06  3.427857386777158e-07 
 1.615598098439889e+02  5.424909336439331e-06  3.399837122973861e-07 
 1.646897865482883e+02  5.380570227345988e-06  3.372049425421594e-07 
 1.678804018122576e+02  5.336599126528952e-06  3.344492361845138e-07 
 1.711328304161796e+02  5.292992976872540e-06  3.317164016324441e-07 
 1.744482698999270e+02  5.249748747136632e-06  3.290062489157009e-07 
 1.778279410038939e+02  5.206863431735912e-06  3.263185896718239e-07 
 1.812730881184716e+02  5.164334050523409e-06  3.236532371325655e-07 
 1.847849797422308e+02  5.122157648572202e-06  3.210100061103218e-07 
 1.883649089489818e+02  5.080331295961079e-06  3.183887129845029e-07 
 1.920141938638820e+02  5.038852087562863e-06  3.157891756884906e-07 
 1.957341781487679e+02  4.997717142831178e-06  3.132112136961650e-07 
 1.995262314968899e+02  4.956923605594050e-06  3.106546480089018e-07 
 2.033917501372311e+02  4.916468643844575e-06  3.081193011425615e-07 
 2.073321573485975e+02  4.876349449535390e-06  3.056049971146326e-07 
 2.113489039836667e+02  4.836563238376800e-06  3.031115614314463e-07 
 2.154434690031904e+02  4.797107249632804e-06  3.006388210754963e-07 
 2.196173600205457e+02  4.757978745921715e-06  2.981866044929556e-07 
 2.238721138568361e+02  4.719175013018317e-06  2.957547415811517e-07 
 2.282092971067473e+02  4.680693359655696e-06  2.933430636762880e-07 
 2.326305067153649e+02  4.642531117330786e-06  2.909514035412263e-07 
 2.371373705661678e+02  4.604685640111692e-06  2.885795953533494e-07 
 2.417315480804128e+02  4.567154304445229e-06  2.862274746925514e-07 
 2.464147308281306e+02  4.529934508966630e-06  2.838948785293327e-07 
 2.511886431509605e+02  4.493023674312416e-06  2.815816452129588e-07 
 2.560550427970502e+02  4.456419242932332e-06  2.792876144598303e-07 
 2.610157215682563e+02  4.420118678904866e-06  2.770126273418271e-07 
 2.660725059798837e+02  4.384119467753337e-06  2.747565262748072e-07 
 2.712272579332056e+02  4.348419116264886e-06  2.725191550072185e-07 
 2.764818754010136e+02  4.313015152308387e-06  2.703003586087916e-07 
 2.818382931264483e+02  4.277905124657626e-06  2.680999834593481e-07 
 2.872984833353694e+02  4.243086602812911e-06  2.659178772376641e-07 
 2.928644564625267e+02  4.208557176824736e-06  2.637538889104721e-07 
 2.985382618917990e+02  4.174314457121525e-06  2.616078687215333e-07 
 3.043219887107753e+02  4.140356074334708e-06  2.594796681808554e-07 
 3.102177664799533e+02  4.106679679129436e-06  2.573691400539055e-07 
 3.162277660168412e+02  4.073282942033103e-06  2.552761383509983e-07 
 3.223542001952496e+02  4.040163553268838e-06  2.532005183167704e-07 
 3.285993247600689e+02  4.007319222587484e-06  2.511421364197117e-07 
 3.349654391578312e+02  3.974747679102473e-06  2.491008503417674e-07 
 3.414548873833638e+02  3.942446671125979e-06  2.470765189681360e-07 
 3.480700588428447e+02  3.910413966006609e-06  2.450690023770279e-07 
 3.548133892335792e+02  3.878647349967762e-06  2.430781618295509e-07 
 3.616873614408197e+02  3.847144627948850e-06  2.411038597598026e-07 
 3.686945064519614e+02  3.815903623445690e-06  2.391459597648308e-07 
 3.758374042884482e+02  3.784922178354400e-06  2.372043265948439e-07 
 3.831186849557329e+02  3.754198152815047e-06  2.352788261434958e-07 
 3.905410294116422e+02  3.723729425059095e-06  2.333693254381389e-07 
 3.981071705535015e+02  3.693513891253744e-06  2.314756926302746e-07 
 4.058198942243842e+02  3.663549465352626e-06  2.295977969861010e-07 
 4.136820402388552e+02  3.633834078944150e-06  2.277355088769791e-07 
 4.216965034285868e+02  3.604365681102938e-06  2.258886997702285e-07 
 4.298662347082324e+02  3.575142238242491e-06  2.240572422197282e-07 
 4.381942421619485e+02  3.546161733967482e-06  2.222410098568771e-07 
 4.466835921509680e+02  3.517422168929907e-06  2.204398773813701e-07 
 4.553374104426299e+02  3.488921560684062e-06  2.186537205522338e-07 
 4.641588833612830e+02  3.460657943544564e-06  2.168824161789056e-07 
 4.731512589614857e+02  3.432629368444601e-06  2.151258421123250e-07 
 4.823178482239360e+02  3.404833902795181e-06  2.133838772361274e-07 
 4.916620262745698e+02  3.377269630346384e-06  2.116564014580023e-07 
 5.011872336272779e+02  3.349934651050007e-06  2.099432957009680e-07 
 5.108969774506985e+02  3.322827080922306e-06  2.082444418948391e-07 
 5.207948328595522e+02  3.295945051908077e-06  2.065597229677878e-07 
 5.308844442309944e+02  3.269286711746955e-06  2.048890228378105e-07 
 5.411695265464699e+02  3.242850223840414e-06  2.032322264044616e-07 
 5.516538667595644e+02  3.216633767118633e-06  2.015892195405899e-07 
 5.623413251903556e+02  3.190635535910872e-06  1.999598890840626e-07 
 5.732358369467780e+02  3.164853739814146e-06  1.983441228296718e-07 
 5.843414133735243e+02  3.139286603565961e-06  1.967418095210697e-07 
 5.956621435290174e+02  3.113932366916272e-06  1.951528388427915e-07 
 6.072021956909956e+02  3.088789284500075e-06  1.935771014122680e-07 
 6.189658188912678e+02  3.063855625713557e-06  1.920144887720342e-07 
 6.309573444802006e+02  3.039129674588174e-06  1.904648933818878e-07 
 6.431811877215163e+02  3.014609729668546e-06  1.889282086111820e-07 
 6.556418494179866e+02  2.990294103889697e-06  1.874043287311780e-07 
 6.683439175686225e+02  2.966181124455753e-06  1.858931489074193e-07 
 6.812920690579693e+02  2.942269132720058e-06  1.843945651922201e-07 
 6.944910713781295e+02  2.918556484065964e-06  1.829084745172389e-07 
 7.079457843841464e+02  2.895041547788610e-06  1.814347746859857e-07 
 7.216611620833969e+02  2.871722706978021e-06  1.799733643665616e-07 
 7.356422544596502e+02  2.848598358402451e-06  1.785241430843757e-07 
 7.498942093324649e+02  2.825666912394480e-06  1.770870112148764e-07 
 7.644222742526096e+02  2.802926792735355e-06  1.756618699764701e-07 
 7.792317984342036e+02  2.780376436542494e-06  1.742486214233688e-07 
 7.943282347242912e+02  2.758014294157967e-06  1.728471684386163e-07 
 8.097171416105718e+02  2.735838829036019e-06  1.714574147270649e-07 
 8.254041852680285e+02  2.713848517633623e-06  1.700792648084989e-07 
 8.413951416452054e+02  2.692041849300248e-06  1.687126240107584e-07 
 8.576958985909047e+02  2.670417326170702e-06  1.673573984629610e-07 
 8.743124580220845e+02  2.648973463056535e-06  1.660134950887535e-07 
 8.912509381337566e+02  2.627708787339649e-06  1.646808215996427e-07 
 9.085175756516981e+02  2.606621838866538e-06  1.633592864883629e-07 
 9.261187281288051e+02  2.585711169844354e-06  1.620487990223018e-07 
 9.440608762859353e+02  2.564975344735065e-06  1.607492692370066e-07 
 9.623506263981008e+02  2.544412940154389e-06  1.594606079297043e-07 
 9.809947127268898e+02  2.524022544768766e-06  1.581827266529356e-07 
 1.000000000000013e+03  2.503802759193610e-06  1.569155377081493e-07 
 1.019373485938886e+03  2.483752195893247e-06  1.556589541394717e-07 
 1.039122303835182e+03  2.463869479081857e-06  1.544128897274118e-07 
 1.059253725177302e+03  2.444153244623395e-06  1.531772589827029e-07 
 1.079775162327723e+03  2.424602139934702e-06  1.519519771401580e-07 
 1.100694171252224e+03  2.405214823887640e-06  1.507369601525827e-07 
 1.122018454301978e+03  2.385989966713934e-06  1.495321246847183e-07 
 1.143755863049553e+03  2.366926249908207e-06  1.483373881073064e-07 
 1.165914401179847e+03  2.348022366133444e-06  1.471526684911315e-07 
 1.188502227437034e+03  2.329277019128770e-06  1.459778846010980e-07 
 1.211527658628604e+03  2.310688923613862e-06  1.448129558904618e-07 
 1.234999172687601e+03  2.292256805198254e-06  1.436578024950006e-07 
 1.258925411794184e+03  2.273979400289098e-06  1.425123452272979e-07 
 1.283315185557668e+03  2.255855456000542e-06  1.413765055710294e-07 
 1.308177474260211e+03  2.237883730063903e-06  1.402502056753339e-07 
 1.333521432163342e+03  2.220062990736961e-06  1.391333683492313e-07 
 1.359356390878544e+03  2.202392016717551e-06  1.380259170560498e-07 
 1.385691862803146e+03  2.184869597053616e-06  1.369277759079256e-07 
 1.412537544622773e+03  2.167494531057679e-06  1.358388696603687e-07 
 1.439903320881652e+03  2.150265628219180e-06  1.347591237068139e-07 
 1.467799267622089e+03  2.133181708119716e-06  1.336884640732843e-07 
 1.496235656094454e+03  2.116241600347320e-06  1.326268174130531e-07 
 1.525222956539040e+03  2.099444144412501e-06  1.315741110013673e-07 
 1.554771842041195e+03  2.082788189664757e-06  1.305302727302056e-07 
 1.584893192461135e+03  2.066272595209427e-06  1.294952311030973e-07 
 1.615598098439896e+03  2.049896229825430e-06  1.284689152299519e-07 
 1.646897865482891e+03  2.033657971883765e-06  1.274512548219825e-07 
 1.678804018122584e+03  2.017556709266494e-06  1.264421801866023e-07 
 1.711328304161804e+03  2.001591339286534e-06  1.254416222224220e-07 
 1.744482698999278e+03  1.985760768608259e-06  1.244495124142672e-07 
 1.778279410038948e+03  1.970063913168322e-06  1.234657828282200e-07 
 1.812730881184724e+03  1.954499698096911e-06  1.224903661067127e-07 
 1.847849797422317e+03  1.939067057641132e-06  1.215231954636938e-07 
 1.883649089489827e+03  1.923764935086845e-06  1.205642046797763e-07 
 1.920141938638829e+03  1.908592282682707e-06  1.196133280974507e-07 
 1.957341781487688e+03  1.893548061564423e-06  1.186705006163553e-07 
 1.995262314968908e+03  1.878631241679202e-06  1.177356576885558e-07 
 2.033917501372321e+03  1.863840801711544e-06  1.168087353138724e-07 
 2.073321573485985e+03  1.849175729008709e-06  1.158896700352464e-07 
 2.113489039836677e+03  1.834635019507656e-06  1.149783989341684e-07 
 2.154434690031915e+03  1.820217677661680e-06  1.140748596260716e-07 
 2.196173600205468e+03  1.805922716368868e-06  1.131789902558343e-07 
 2.238721138568372e+03  1.791749156899672e-06  1.122907294933068e-07 
 2.282092971067484e+03  1.777696028826261e-06  1.114100165288313e-07 
 2.326305067153660e+03  1.763762369951180e-06  1.105367910688376e-07 
 2.371373705661690e+03  1.749947226238097e-06  1.096709933314612e-07 
 2.417315480804139e+03  1.736249651742167e-06  1.088125640421863e-07 
 2.464147308281318e+03  1.722668708540485e-06  1.079614444295362e-07 
 2.511886431509617e+03  1.709203466664097e-06  1.071175762208030e-07 
 2.560550427970514e+03  1.695853004030022e-06  1.062809016377887e-07 
 2.610157215682575e+03  1.682616406373878e-06  1.054513633925858e-07 
 2.660725059798849e+03  1.669492767182734e-06  1.046289046834158e-07 
 2.712272579332068e+03  1.656481187629394e-06  1.038134691904566e-07 
 2.764818754010148e+03  1.643580776505535e-06  1.030050010717476e-07 
 2.818382931264496e+03  1.630790650157451e-06  1.022034449590786e-07 
 2.872984833353707e+03  1.618109932420347e-06  1.014087459539620e-07 
 2.928644564625281e+03  1.605537754553879e-06  1.006208496235890e-07 
 2.985382618918004e+03  1.593073255179213e-06  9.983970199684958e-08 
 3.043219887107768e+03  1.580715580214677e-06  9.906524956035724e-08 
 3.102177664799548e+03  1.568463882813044e-06  9.829743925452287e-08 
 3.162277660168427e+03  1.556317323299183e-06  9.753621846965881e-08 
 3.223542001952512e+03  1.544275069107802e-06  9.678153504208619e-08 
 3.285993247600705e+03  1.532336294722224e-06  9.603333725031064e-08 
 3.349654391578328e+03  1.520500181612993e-06  9.529157381118031e-08 
 3.414548873833654e+03  1.508765918176661e-06  9.455619387612627e-08 
 3.480700588428464e+03  1.497132699677227e-06  9.382714702737812e-08 
 3.548133892335809e+03  1.485599728183698e-06  9.310438327424513e-08 
 3.616873614408215e+03  1.474166212513352e-06  9.238785304940320e-08 
 3.686945064519632e+03  1.462831368171088e-06  9.167750720521990e-08 
 3.758374042884499e+03  1.451594417291283e-06  9.097329701009696e-08 
 3.831186849557347e+03  1.440454588580003e-06  9.027517414485473e-08 
 3.905410294116440e+03  1.429411117256774e-06  8.958309069911800e-08 
 3.981071705535034e+03  1.418463244997256e-06  8.889699916776701e-08 
 4.058198942243861e+03  1.407610219877089e-06  8.821685244735305e-08 
 4.136820402388571e+03  1.396851296314068e-06  8.754260383260372e-08 
 4.216965034285888e+03  1.386185735013041e-06  8.687420701291745e-08 
 4.298662347082343e+03  1.375612802909575e-06  8.621161606888502e-08 
 4.381942421619505e+03  1.365131773115004e-06  8.555478546884445e-08 
 4.466835921509701e+03  1.354741924860542e-06  8.490367006544923e-08 
 4.553374104426321e+03  1.344442543443444e-06  8.425822509228233e-08 
 4.641588833612851e+03  1.334232920172630e-06  8.361840616045302e-08 
 4.731512589614878e+03  1.324112352314240e-06  8.298416925526429e-08 
 4.823178482239382e+03  1.314080143038066e-06  8.235547073286877e-08 
 4.916620262745721e+03  1.304135601364701e-06  8.173226731696764e-08 
 5.011872336272801e+03  1.294278042112525e-06  8.111451609551122e-08 
 5.108969774507008e+03  1.284506785845146e-06  8.050217451744139e-08 
 5.207948328595546e+03  1.274821158818371e-06  7.989520038945018e-08 
 5.308844442309967e+03  1.265220492929597e-06  7.929355187275363e-08 
 5.411695265464722e+03  1.255704125665255e-06  7.869718747989370e-08 
 5.516538667595667e+03  1.246271400049643e-06  7.810606607155676e-08 
 5.623413251903579e+03  1.236921664594279e-06  7.752014685341465e-08 
 5.732358369467805e+03  1.227654273247328e-06  7.693938937299102e-08 
 5.843414133735268e+03  1.218468585342265e-06  7.636375351654196e-08 
 5.956621435290199e+03  1.209363965549309e-06  7.579319950595069e-08 
 6.072021956909982e+03  1.200339783824520e-06  7.522768789566653e-08 
 6.189658188912704e+03  1.191395415360456e-06  7.466717956962532e-08 
 6.309573444802033e+03  1.182530240537647e-06  7.411163573822846e-08 
 6.431811877215190e+03  1.173743644874760e-06  7.356101793531480e-08 
 6.556418494179894e+03  1.165035018981108e-06  7.301528801516277e-08 
 6.683439175686253e+03  1.156403758506849e-06  7.247440814951044e-08 
 6.812920690579723e+03  1.147849264096258e-06  7.193834082458125e-08 
 6.944910713781324e+03  1.139370941339036e-06  7.140704883815776e-08 
 7.079457843841494e+03  1.130968200723261e-06  7.088049529663612e-08 
 7.216611620834000e+03  1.122640457587440e-06  7.035864361212930e-08 
 7.356422544596533e+03  1.114387132074494e-06  6.984145749957148e-08 
 7.498942093324681e+03  1.106207649083824e-06  6.932890097384448e-08 
 7.644222742526128e+03  1.098101438225071e-06  6.882093834692339e-08 
 7.792317984342069e+03  1.090067933772722e-06  6.831753422503288e-08 
 7.943282347242946e+03  1.082106574618403e-06  6.781865350584287e-08 
 8.097171416105754e+03  1.074216804226249e-06  6.732426137561768e-08 
 8.254041852680322e+03  1.066398070587116e-06  6.683432330648700e-08 
 8.413951416452092e+03  1.058649826172529e-06  6.634880505363721e-08 
 8.576958985909085e+03  1.050971527890219e-06  6.586767265256393e-08 
 8.743124580220883e+03  1.043362637038601e-06  6.539089241633733e-08 
 8.912509381337606e+03  1.035822619262420e-06  6.491843093287137e-08 
 9.085175756517023e+03  1.028350944508215e-06  6.445025506221929e-08 
 9.261187281288094e+03  1.020947086979381e-06  6.398633193388708e-08 
 9.440608762859396e+03  1.013610525092806e-06  6.352662894415251e-08 
 9.623506263981051e+03  1.006340741434341e-06  6.307111375340923e-08 
 9.809947127268942e+03  9.991372227154688e-07  6.261975428351551e-08 
 1.000000000000017e+04  9.919994597295338e-07  6.217251871517282e-08 
 1.019373485938890e+04  9.849269473080802e-07  6.172937548531096e-08 
 1.039122303835187e+04  9.779191842783832e-07  6.129029328448341e-08 
 1.059253725177307e+04  9.709756734198434e-07  6.085524105429051e-08 
 1.079775162327729e+04  9.640959214212165e-07  6.042418798480985e-08 
 1.100694171252229e+04  9.572794388382514e-07  5.999710351203878e-08 
 1.122018454301983e+04  9.505257400509227e-07  5.957395731536196e-08 
 1.143755863049558e+04  9.438343432211431e-07  5.915471931502357e-08 
 1.165914401179852e+04  9.372047702506153e-07  5.873935966962130e-08 
 1.188502227437039e+04  9.306365467391927e-07  5.832784877360867e-08 
 1.211527658628610e+04  9.241292019421855e-07  5.792015725482215e-08 
 1.234999172687607e+04  9.176822687296993e-07  5.751625597200816e-08 
 1.258925411794190e+04  9.112952835442162e-07  5.711611601238228e-08 
 1.283315185557674e+04  9.049677863595792e-07  5.671970868918876e-08 
 1.308177474260217e+04  8.986993206399873e-07  5.632700553928007e-08 
 1.333521432163348e+04  8.924894332981204e-07  5.593797832071554e-08 
 1.359356390878550e+04  8.863376746551311e-07  5.555259901036341e-08 
 1.385691862803152e+04  8.802435983991265e-07  5.517083980153102e-08 
 1.412537544622780e+04  8.742067615442128e-07  5.479267310160490e-08 
 1.439903320881659e+04  8.682267243910240e-07  5.441807152969220e-08 
 1.467799267622096e+04  8.623030504849847e-07  5.404700791430442e-08 
 1.496235656094461e+04  8.564353065768326e-07  5.367945529102722e-08 
 1.525222956539047e+04  8.506230625818114e-07  5.331538690022940e-08 
 1.554771842041202e+04  8.448658915403190e-07  5.295477618478764e-08 
 1.584893192461143e+04  8.391633695764310e-07  5.259759678773849e-08 
 1.615598098439904e+04  8.335150758598095e-07  5.224382255014204e-08 
 1.646897865482899e+04  8.279205925645784e-07  5.189342750875928e-08 
 1.678804018122592e+04  8.223795048302412e-07  5.154638589384560e-08 
 1.711328304161813e+04  8.168914007220117e-07  5.120267212694054e-08 
 1.744482698999287e+04  8.114558711907816e-07  5.086226081867564e-08 
 1.778279410038956e+04  8.060725100344688e-07  5.052512676659657e-08 
 1.812730881184733e+04  8.007409138578835e-07  5.019124495297200e-08 
 1.847849797422326e+04  7.954606820342090e-07  4.986059054270869e-08 
 1.883649089489836e+04  7.902314166652164e-07  4.953313888115507e-08 
 1.920141938638838e+04  7.850527225423162e-07  4.920886549202001e-08 
 1.957341781487698e+04  7.799242071077321e-07  4.888774607526667e-08 
 1.995262314968918e+04  7.748454804152087e-07  4.856975650503197e-08 
 2.033917501372331e+04  7.698161550909493e-07  4.825487282755905e-08 
 2.073321573485995e+04  7.648358462951768e-07  4.794307125915233e-08 
 2.113489039836688e+04  7.599041716829879e-07  4.763432818414973e-08 
 2.154434690031925e+04  7.550207513652765e-07  4.732862015288710e-08 
 2.196173600205479e+04  7.501852078707620e-07  4.702592387973390e-08 
 2.238721138568383e+04  7.453971661062912e-07  4.672621624109968e-08 
 2.282092971067495e+04  7.406562533189821e-07  4.642947427348032e-08 
 2.326305067153671e+04  7.359620990578483e-07  4.613567517153853e-08 
 2.371373705661701e+04  7.313143351314685e-07  4.584479628601272e-08 
 2.417315480804151e+04  7.267125955751639e-07  4.555681512208941e-08 
 2.464147308281330e+04  7.221565166082470e-07  4.527170933735243e-08 
 2.511886431509629e+04  7.176457365967429e-07  4.498945673992650e-08 
 2.560550427970526e+04  7.131798960140650e-07  4.471003528664735e-08 
 2.610157215682588e+04  7.087586374027816e-07  4.443342308122805e-08 
 2.660725059798862e+04  7.043816053354847e-07  4.415959837245508e-08 
 2.712272579332082e+04  7.000484463764047e-07  4.388853955241910e-08 
 2.764818754010162e+04  6.957588090414874e-07  4.362022515466436e-08 
 2.818382931264510e+04  6.915123437607945e-07  4.335463385256686e-08 
 2.872984833353721e+04  6.873087028388286e-07  4.309174445753461e-08 
 2.928644564625295e+04  6.831475404155027e-07  4.283153591727791e-08 
 2.985382618918019e+04  6.790285124267392e-07  4.257398731419839e-08 
 3.043219887107782e+04  6.749512765657552e-07  4.231907786367247e-08 
 3.102177664799563e+04  6.709154922429811e-07  4.206678691243326e-08 
 3.162277660168443e+04  6.669208205469586e-07  4.181709393694388e-08 
 3.223542001952527e+04  6.629669242044897e-07  4.156997854180894e-08 
 3.285993247600720e+04  6.590534675409065e-07  4.132542045819993e-08 
 3.349654391578344e+04  6.551801164397794e-07  4.108339954229258e-08 
 3.414548873833670e+04  6.513465383029811e-07  4.084389577376466e-08 
 3.480700588428481e+04  6.475524020101380e-07  4.060688925428342e-08 
 3.548133892335826e+04  6.437973778781910e-07  4.037236020601299e-08 
 3.616873614408232e+04  6.400811376201215e-07  4.014028897016435e-08 
 3.686945064519650e+04  6.364033543040148e-07  3.991065600557959e-08 
 3.758374042884518e+04  6.327637023121073e-07  3.968344188732545e-08 
 3.831186849557365e+04  6.291618572981985e-07  3.945862730527035e-08 
 3.905410294116459e+04  6.255974961461958e-07  3.923619306279055e-08 
 3.981071705535053e+04  6.220702969281050e-07  3.901612007540496e-08 
 4.058198942243881e+04  6.185799388598181e-07  3.879838936943027e-08 
 4.136820402388591e+04  6.151261022602314e-07  3.858298208081695e-08 
 4.216965034285909e+04  6.117084685051116e-07  3.836987945371094e-08 
 4.298662347082365e+04  6.083267199855891e-07  3.815906283940515e-08 
 4.381942421619527e+04  6.049805400624394e-07  3.795051369505885e-08 
 4.466835921509723e+04  6.016696130211181e-07  3.774421358250813e-08 
 4.553374104426344e+04  5.983936240268412e-07  3.754014416713766e-08 
 4.641588833612874e+04  5.951522590782560e-07  3.733828721675252e-08 
 4.731512589614902e+04  5.919452049609505e-07  3.713862460049301e-08 
 4.823178482239406e+04  5.887721492000356e-07  3.694113828771793e-08 
 4.916620262745745e+04  5.856327800132723e-07  3.674581034703063e-08 
 5.011872336272826e+04  5.825267862609900e-07  3.655262294520578e-08 
 5.108969774507033e+04  5.794538573982576e-07  3.636155834624094e-08 
 5.207948328595571e+04  5.764136834246684e-07  3.617259891041193e-08 
 5.308844442309994e+04  5.734059548317810e-07  3.598572709319017e-08 
 5.411695265464750e+04  5.704303625544490e-07  3.580092544456961e-08 
 5.516538667595695e+04  5.674865979165523e-07  3.561817660801464e-08 
 5.623413251903608e+04  5.645743525777945e-07  3.543746331969255e-08 
 5.732358369467833e+04  5.616933184793464e-07  3.525876840758478e-08 
 5.843414133735298e+04  5.588431877887258e-07  3.508207479074581e-08 
 5.956621435290229e+04  5.560236528434179e-07  3.490736547849401e-08 
 6.072021956910013e+04  5.532344060936864e-07  3.473462356977066e-08 
 6.189658188912735e+04  5.504751400416158e-07  3.456383225215070e-08 
 6.309573444802065e+04  5.477455471849734e-07  3.439497480151915e-08 
 6.431811877215223e+04  5.450453199535424e-07  3.422803458119813e-08 
 6.556418494179926e+04  5.423741506479049e-07  3.406299504131276e-08 
 6.683439175686287e+04  5.397317313744671e-07  3.389983971824632e-08 
 6.812920690579756e+04  5.371177539819378e-07  3.373855223405674e-08 
 6.944910713781358e+04  5.345319099932532e-07  3.357911629586291e-08 
 7.079457843841528e+04  5.319738905379478e-07  3.342151569535328e-08 
 7.216611620834035e+04  5.294433862824803e-07  3.326573430830841e-08 
 7.356422544596568e+04  5.269400873599221e-07  3.311175609410466e-08 
 7.498942093324717e+04  5.244636832951139e-07  3.295956509525898e-08 
 7.644222742526165e+04  5.220138629308336e-07  3.280914543697977e-08 
 7.792317984342107e+04  5.195903143512278e-07  3.266048132684049e-08 
 7.943282347242984e+04  5.171927248031983e-07  3.251355705431418e-08 
 8.097171416105793e+04  5.148207806161892e-07  3.236835699050867e-08 
 8.254041852680361e+04  5.124741671195886e-07  3.222486558777559e-08 
 8.413951416452132e+04  5.101525685576250e-07  3.208306737940458e-08 
 8.576958985909125e+04  5.078556680046295e-07  3.194294697942639e-08 
 8.743124580220925e+04  5.055831472746331e-07  3.180448908226425e-08 
 8.912509381337647e+04  5.033346868312442e-07  3.166767846256484e-08 
 9.085175756517064e+04  5.011099656933158e-07  3.153249997491080e-08 
 9.261187281288135e+04  4.989086613407422e-07  3.139893855371200e-08 
 9.440608762859438e+04  4.967304496163884e-07  3.126697921304437e-08 
 9.623506263981095e+04  4.945750046236244e-07  3.113660704637164e-08 
 9.809947127268986e+04  4.924419986264919e-07  3.100780722661421e-08 
 1.000000000000022e+05  4.903311019406411e-07  3.088056500583448e-08 
 1.019373485938895e+05  4.882419828281689e-07  3.075486571531095e-08 
 1.039122303835192e+05  4.861743073858925e-07  3.063069476543396e-08 
 1.059253725177312e+05  4.841277394314537e-07  3.050803764563496e-08 
 1.079775162327733e+05  4.821019403868583e-07  3.038687992428749e-08 
 1.100694171252234e+05  4.800965691615123e-07  3.026720724887861e-08 
 1.122018454301988e+05  4.781112820274663e-07  3.014900534574915e-08 
 1.143755863049563e+05  4.761457324980253e-07  3.003226002039326e-08 
 1.165914401179858e+05  4.741995711984435e-07  2.991695715726650e-08 
 1.188502227437045e+05  4.722724457372241e-07  2.980308271997838e-08 
 1.211527658628615e+05  4.703640005729201e-07  2.969062275131717e-08 
 1.234999172687612e+05  4.684738768783228e-07  2.957956337328630e-08 
 1.258925411794195e+05  4.666017124016416e-07  2.946989078721035e-08 
 1.283315185557680e+05  4.647471413281047e-07  2.936159127398317e-08 
 1.308177474260223e+05  4.629097941321189e-07  2.925465119384576e-08 
 1.333521432163354e+05  4.610892974356969e-07  2.914905698690829e-08 
 1.359356390878556e+05  4.592852738571270e-07  2.904479517307419e-08 
 1.385691862803159e+05  4.574973418605630e-07  2.894185235220421e-08 
 1.412537544622786e+05  4.557251156033897e-07  2.884021520434087e-08 
 1.439903320881665e+05  4.539682047791410e-07  2.873987048976101e-08 
 1.467799267622102e+05  4.522262144631312e-07  2.864080504937288e-08 
 1.496235656094467e+05  4.504987449499561e-07  2.854300580463756e-08 
 1.525222956539053e+05  4.487853915952783e-07  2.844645975794105e-08 
 1.554771842041208e+05  4.470857446529811e-07  2.835115399275509e-08 
 1.584893192461149e+05  4.453993891122682e-07  2.825707567382926e-08 
 1.615598098439910e+05  4.437259045329984e-07  2.816421204743783e-08 
 1.646897865482905e+05  4.420648648818755e-07  2.807255044152575e-08 
 1.678804018122598e+05  4.404158383678453e-07  2.798207826601001e-08 
 1.711328304161819e+05  4.387783872783406e-07  2.789278301299808e-08 
 1.744482698999293e+05  4.371520678143082e-07  2.780465225698082e-08 
 1.778279410038963e+05  4.355364299287175e-07  2.771767365505641e-08 
 1.812730881184740e+05  4.339310171659200e-07  2.763183494727297e-08 
 1.847849797422333e+05  4.323353665025047e-07  2.754712395676389e-08 
 1.883649089489843e+05  4.307490081916405e-07  2.746352858995935e-08 
 1.920141938638845e+05  4.291714656102348e-07  2.738103683699177e-08 
 1.957341781487705e+05  4.276022551122555e-07  2.729963677175548e-08 
 1.995262314968925e+05  4.260408858840157e-07  2.721931655227791e-08 
 2.033917501372338e+05  4.244868598073864e-07  2.714006442095292e-08 
 2.073321573486003e+05  4.229396713278416e-07  2.706186870460617e-08 
 2.113489039836695e+05  4.213988073329290e-07  2.698471781502549e-08 
 2.154434690031933e+05  4.198637470355895e-07  2.690860024901289e-08 
 2.196173600205487e+05  4.183339618696347e-07  2.683350458862609e-08 
 2.238721138568391e+05  4.168089153951424e-07  2.675941950147059e-08 
 2.282092971067503e+05  4.152880632155703e-07  2.668633374090198e-08 
 2.326305067153680e+05  4.137708529091692e-07  2.661423614635188e-08 
 2.371373705661710e+05  4.122567239728188e-07  2.654311564335186e-08 
 2.417315480804160e+05  4.107451077833486e-07  2.647296124392684e-08 
 2.464147308281339e+05  4.092354275773899e-07  2.640376204682183e-08 
 2.511886431509639e+05  4.077270984454493e-07  2.633550723753834e-08 
 2.560550427970536e+05  4.062195273546263e-07  2.626818608881195e-08 
 2.610157215682598e+05  4.047121131843670e-07  2.620178796055564e-08 
 2.660725059798872e+05  4.032042467939244e-07  2.613630230027745e-08 
 2.712272579332092e+05  4.016953111111642e-07  2.607171864311008e-08 
 2.764818754010173e+05  4.001846812524198e-07  2.600802661221815e-08 
 2.818382931264520e+05  3.986717246666635e-07  2.594521591865823e-08 
 2.872984833353732e+05  3.971558013203014e-07  2.588327636189706e-08 
 2.928644564625305e+05  3.956362639067340e-07  2.582219782982657e-08 
 2.985382618918030e+05  3.941124580975613e-07  2.576197029890249e-08 
 3.043219887107793e+05  3.925837228302576e-07  2.570258383445066e-08 
 3.102177664799574e+05  3.910493906342247e-07  2.564402859066073e-08 
 3.162277660168454e+05  3.895087880042742e-07  2.558629481092192e-08 
 3.223542001952539e+05  3.879612358115500e-07  2.552937282778576e-08 
 3.285993247600733e+05  3.864060497686639e-07  2.547325306331641e-08 
 3.349654391578356e+05  3.848425409373259e-07  2.541792602904856e-08 
 3.414548873833683e+05  3.832700162910112e-07  2.536338232625929e-08 
 3.480700588428493e+05  3.816877793284578e-07  2.530961264599426e-08 
 3.548133892335839e+05  3.800951307436996e-07  2.525660776930590e-08 
 3.616873614408245e+05  3.784913691506230e-07  2.520435856726106e-08 
 3.686945064519664e+05  3.768757918680597e-07  2.515285600116740e-08 
 3.758374042884532e+05  3.752476957625284e-07  2.510209112260562e-08 
 3.831186849557380e+05  3.736063781548425e-07  2.505205507362855e-08 
 3.905410294116474e+05  3.719511377862627e-07  2.500273908674023e-08 
 3.981071705535068e+05  3.702812758495896e-07  2.495413448511238e-08 
 4.058198942243896e+05  3.685960970844051e-07  2.490623268269727e-08 
 4.136820402388607e+05  3.668949109341956e-07  2.485902518418054e-08 
 4.216965034285925e+05  3.651770327705235e-07  2.481250358526969e-08 
 4.298662347082381e+05  3.634417851785543e-07  2.476665957265879e-08 
 4.381942421619543e+05  3.616884993065453e-07  2.472148492413708e-08 
 4.466835921509740e+05  3.599165162772831e-07  2.467697150879082e-08 
 4.553374104426361e+05  3.581251886587752e-07  2.463311128691748e-08 
 4.641588833612892e+05  3.563138819923610e-07  2.458989631029227e-08 
 4.731512589614920e+05  3.544819763778096e-07  2.454731872213245e-08 
 4.823178482239424e+05  3.526288681075643e-07  2.450537075726265e-08 
 4.916620262745764e+05  3.507539713514092e-07  2.446404474222004e-08 
 5.011872336272846e+05  3.488567198826748e-07  2.442333309528556e-08 
 5.108969774507053e+05  3.469365688443961e-07  2.438322832668898e-08 
 5.207948328595592e+05  3.449929965469385e-07  2.434372303853921e-08 
 5.308844442310014e+05  3.430255062938181e-07  2.430480992521154e-08 
 5.411695265464770e+05  3.410336282253351e-07  2.426648177317503e-08 
 5.516538667595716e+05  3.390169211754715e-07  2.422873146132056e-08 
 5.623413251903630e+05  3.369749745324034e-07  2.419155196093599e-08 
 5.732358369467856e+05  3.349074100939662e-07  2.415493633592117e-08 
 5.843414133735321e+05  3.328138839100432e-07  2.411887774303089e-08 
 5.956621435290253e+05  3.306940880998611e-07  2.408336943181786e-08 
 6.072021956910037e+05  3.285477526356149e-07  2.404840474489456e-08 
 6.189658188912760e+05  3.263746470827807e-07  2.401397711820693e-08 
 6.309573444802091e+05  3.241745822821512e-07  2.398008008100887e-08 
 6.431811877215249e+05  3.219474119672484e-07  2.394670725624483e-08 
 6.556418494179953e+05  3.196930343024886e-07  2.391385236067354e-08 
 6.683439175686314e+05  3.174113933308192e-07  2.388150920510098e-08 
 6.812920690579783e+05  3.151024803212140e-07  2.384967169468792e-08 
 6.944910713781386e+05  3.127663350017673e-07  2.381833382909736e-08 
 7.079457843841556e+05  3.104030466697541e-07  2.378748970282991e-08 
 7.216611620834064e+05  3.080127551670075e-07  2.375713350557643e-08 
 7.356422544596598e+05  3.055956517081834e-07  2.372725952246758e-08 
 7.498942093324747e+05  3.031519795554979e-07  2.369786213440892e-08 
 7.644222742526196e+05  3.006820345288665e-07  2.366893581845649e-08 
 7.792317984342139e+05  2.981861653419308e-07  2.364047514825061e-08 
 7.943282347243016e+05  2.956647737593598e-07  2.361247479440842e-08 
 8.097171416105825e+05  2.931183145667637e-07  2.358492952492679e-08 
 8.254041852680393e+05  2.905472953490534e-07  2.355783420565199e-08 
 8.413951416452165e+05  2.879522760723042e-07  2.353118380084027e-08 
 8.576958985909160e+05  2.853338684672902e-07  2.350497337368897e-08 
 8.743124580220960e+05  2.826927352130732e-07  2.347919808681168e-08 
 8.912509381337684e+05  2.800295889199543e-07  2.345385320296659e-08 
 9.085175756517102e+05  2.773451909136445e-07  2.342893408557417e-08 
 9.261187281288174e+05  2.746403498244082e-07  2.340443619954368e-08 
 9.440608762859477e+05  2.719159199842301e-07  2.338035511184395e-08 
 9.623506263981134e+05  2.691727996398295e-07  2.335668649233146e-08 
 9.809947127269027e+05  2.664119289849338e-07  2.333342611463888e-08 
 1.000000000000026e+06  2.636342880273947e-07  2.331056985686447e-08 
 1.019373485938899e+06  2.608408942925295e-07  2.328811370259389e-08 
 1.039122303835196e+06  2.580328003822129e-07  2.326605374188710e-08 
 1.059253725177316e+06  2.552110913958250e-07  2.324438617221328e-08 
 1.079775162327738e+06  2.523768822315923e-07  2.322310729946464e-08 
 1.100694171252238e+06  2.495313147769581e-07  2.320221353929340e-08 
 1.122018454301993e+06  2.466755550098753e-07  2.318170141806721e-08 
 1.143755863049568e+06  2.438107900206164e-07  2.316156757424132e-08 
 1.165914401179862e+06  2.409382249734343e-07  2.314180875969662e-08 
 1.188502227437050e+06  2.380590800249469e-07  2.312242184105850e-08 
 1.211527658628620e+06  2.351745872141427e-07  2.310340380120152e-08 
 1.234999172687617e+06  2.322859873410952e-07  2.308475174079917e-08 
 1.258925411794200e+06  2.293945268521173e-07  2.306646287988113e-08 
 1.283315185557685e+06  2.265014547458227e-07  2.304853455957673e-08 
 1.308177474260229e+06  2.236080195167626e-07  2.303096424392213e-08 
 1.333521432163359e+06  2.207154661512276e-07  2.301374952170622e-08 
 1.359356390878562e+06  2.178250331913383e-07  2.299688810838297e-08 
 1.385691862803164e+06  2.149379498762484e-07  2.298037784828715e-08 
 1.412537544622792e+06  2.120554333797768e-07  2.296421671663014e-08 
 1.439903320881672e+06  2.091786861516341e-07  2.294840282182939e-08 
 1.467799267622109e+06  2.063088933718531e-07  2.293293440801933e-08 
 1.496235656094474e+06  2.034472205327348e-07  2.291780985730595e-08 
 1.525222956539060e+06  2.005948111504578e-07  2.290302769260025e-08 
 1.554771842041215e+06  1.977527846205936e-07  2.288858658015349e-08 
 1.584893192461156e+06  1.949222342133478e-07  2.287448533268116e-08 
 1.615598098439918e+06  1.921042252259613e-07  2.286072291205085e-08 
 1.646897865482913e+06  1.892997932822197e-07  2.284729843269974e-08 
 1.678804018122606e+06  1.865099427927773e-07  2.283421116471195e-08 
 1.711328304161827e+06  1.837356455693725e-07  2.282146053740163e-08 
 1.744482698999302e+06  1.809778395979489e-07  2.280904614279821e-08 
 1.778279410038971e+06  1.782374279675121e-07  2.279696773947993e-08 
 1.812730881184748e+06  1.755152779526510e-07  2.278522525640336e-08 
 1.847849797422342e+06  1.728122202486951e-07  2.277381879711485e-08 
 1.883649089489852e+06  1.701290483536306e-07  2.276274864396457e-08 
 1.920141938638854e+06  1.674665180956470e-07  2.275201526257753e-08 
 1.957341781487714e+06  1.648253472973600e-07  2.274161930661794e-08 
 1.995262314968935e+06  1.622062155748980e-07  2.273156162251519e-08 
 2.033917501372348e+06  1.596097642635873e-07  2.272184325475202e-08 
 2.073321573486012e+06  1.570365964654318e-07  2.271246545102712e-08 
 2.113489039836705e+06  1.544872772103581e-07  2.270342966794281e-08 
 2.154434690031943e+06  1.519623337248007e-07  2.269473757668193e-08 
 2.196173600205497e+06  1.494622558020052e-07  2.268639106921331e-08 
 2.238721138568402e+06  1.469874962626063e-07  2.267839226450102e-08 
 2.282092971067514e+06  1.445384715053183e-07  2.267074351513149e-08 
 2.326305067153691e+06  1.421155621322417e-07  2.266344741423539e-08 
 2.371373705661722e+06  1.397191136483539e-07  2.265650680259560e-08 
 2.417315480804171e+06  1.373494372231646e-07  2.264992477627058e-08 
 2.464147308281350e+06  1.350068105127925e-07  2.264370469426777e-08 
 2.511886431509650e+06  1.326914785293175e-07  2.263785018682648e-08 
 2.560550427970548e+06  1.304036545577350e-07  2.263236516383691e-08 
 2.610157215682610e+06  1.281435211082401e-07  2.262725382379714e-08 
 2.660725059798884e+06  1.259112309013888e-07  2.262252066299936e-08 
 2.712272579332104e+06  1.237069078807014e-07  2.261817048526337e-08 
 2.764818754010185e+06  1.215306482435870e-07  2.261420841196211e-08 
 2.818382931264533e+06  1.193825214912538e-07  2.261063989250489e-08 
 2.872984833353746e+06  1.172625714860499e-07  2.260747071544412e-08 
 2.928644564625319e+06  1.151708175181257e-07  2.260470701974692e-08 
 2.985382618918044e+06  1.131072553740497e-07  2.260235530675406e-08 
 3.043219887107808e+06  1.110718584018919e-07  2.260042245271578e-08 
 3.102177664799589e+06  1.090645785748096e-07  2.259891572163448e-08 
 3.162277660168469e+06  1.070853475431600e-07  2.259784277891336e-08 
 3.223542001952555e+06  1.051340776784738e-07  2.259721170538012e-08 
 3.285993247600748e+06  1.032106631018753e-07  2.259703101207801e-08 
 3.349654391578372e+06  1.013149806975134e-07  2.259730965554356e-08 
 3.414548873833699e+06  9.944689110785421e-08  2.259805705396216e-08 
 3.480700588428510e+06  9.760623970915918e-08  2.259928310372292e-08 
 3.548133892335856e+06  9.579285756608795e-08  2.260099819691844e-08 
 3.616873614408263e+06  9.400656236208235e-08  2.260321323960999e-08 
 3.686945064519682e+06  9.224715930864226e-08  2.260593967066754e-08 
 3.758374042884550e+06  9.051444202703555e-08  2.260918948163900e-08 
 3.831186849557398e+06  8.880819340671073e-08  2.261297523743379e-08 
 3.905410294116493e+06  8.712818643630773e-08  2.261731009777940e-08 
 3.981071705535088e+06  8.547418500841951e-08  2.262220783984623e-08 
 4.058198942243916e+06  8.384594469878687e-08  2.262768288158656e-08 
 4.136820402388627e+06  8.224321351663156e-08  2.263375030627652e-08 
 4.216965034285945e+06  8.066573262896324e-08  2.264042588816632e-08 
 4.298662347082402e+06  7.911323705878545e-08  2.264772611903727e-08 
 4.381942421619564e+06  7.758545635539041e-08  2.265566823605916e-08 
 4.466835921509761e+06  7.608211523811705e-08  2.266427025099730e-08 
 4.553374104426382e+06  7.460293421476807e-08  2.267355098038035e-08 
 4.641588833612914e+06  7.314763017370644e-08  2.268353007732659e-08 
 4.731512589614943e+06  7.171591695020027e-08  2.269422806453500e-08 
 4.823178482239448e+06  7.030750586801949e-08  2.270566636887744e-08 
 4.916620262745787e+06  6.892210625754386e-08  2.271786735739040e-08 
 5.011872336272870e+06  6.755942594755397e-08  2.273085437501604e-08 
 5.108969774507078e+06  6.621917173625608e-08  2.274465178386075e-08 
 5.207948328595617e+06  6.490104983746555e-08  2.275928500429705e-08 
 5.308844442310040e+06  6.360476630549872e-08  2.277478055782492e-08 
 5.411695265464797e+06  6.233002743765737e-08  2.279116611188807e-08 
 5.516538667595743e+06  6.107654015624320e-08  2.280847052662660e-08 
 5.623413251903657e+06  5.984401236893467e-08  2.282672390375653e-08 
 5.732358369467883e+06  5.863215330995169e-08  2.284595763762604e-08 
 5.843414133735349e+06  5.744067386093778e-08  2.286620446848231e-08 
 5.956621435290282e+06  5.626928685306652e-08  2.288749853814392e-08 
 6.072021956910066e+06  5.511770735024203e-08  2.290987544824621e-08 
 6.189658188912790e+06  5.398565291433317e-08  2.293337232090869e-08 
 6.309573444802121e+06  5.287284385249870e-08  2.295802786221450e-08 
 6.431811877215280e+06  5.177900344710647e-08  2.298388242851756e-08 
 6.556418494179985e+06  5.070385816887117e-08  2.301097809561479e-08 
 6.683439175686347e+06  4.964713787323991e-08  2.303935873106473e-08 
 6.812920690579819e+06  4.860857598006522e-08  2.306907006978180e-08 
 6.944910713781422e+06  4.758790963830769e-08  2.310015979265961e-08 
 7.079457843841594e+06  4.658487987363838e-08  2.313267760918390e-08 
 7.216611620834101e+06  4.559923172138038e-08  2.316667534319589e-08 
 7.356422544596637e+06  4.463071434438476e-08  2.320220702263929e-08 
 7.498942093324786e+06  4.367908113485324e-08  2.323932897337001e-08 
 7.644222742526235e+06  4.274408980227571e-08  2.327809991674884e-08 
 7.792317984342178e+06  4.182550244618578e-08  2.331858107170321e-08 
 7.943282347243057e+06  4.092308561413929e-08  2.336083626123706e-08 
 8.097171416105866e+06  4.003661034580017e-08  2.340493202330357e-08 
 8.254041852680436e+06  3.916585220240122e-08  2.345093772661781e-08 
 8.413951416452209e+06  3.831059128237196e-08  2.349892569132143e-08 
 8.576958985909205e+06  3.747061222251116e-08  2.354897131478865e-08 
 8.743124580221005e+06  3.664570418588576e-08  2.360115320264644e-08 
 8.912509381337730e+06  3.583566083590264e-08  2.365555330523977e-08 
 9.085175756517148e+06  3.504028029684601e-08  2.371225705975311e-08 
 9.261187281288220e+06  3.425936510130943e-08  2.377135353812889e-08 
 9.440608762859525e+06  3.349272212440899e-08  2.383293560093384e-08 
 9.623506263981184e+06  3.274016250552285e-08  2.389710005731709e-08 
 9.809947127269078e+06  3.200150155764656e-08  2.396394783127848e-08 
 1.000000000000031e+07  3.127655866421143e-08  2.403358413444072e-08 
 1.019373485938904e+07  3.056515716490480e-08  2.410611864527315e-08 
 1.039122303835201e+07  2.986712422953975e-08  2.418166569521396e-08 
 1.059253725177322e+07  2.918229072179907e-08  2.426034446146673e-08 
 1.079775162327743e+07  2.851049105219908e-08  2.434227916686000e-08 
 1.100694171252244e+07  2.785156302176374e-08  2.442759928682351e-08 
 1.122018454301998e+07  2.720534765672259e-08  2.451643976329029e-08 
 1.143755863049574e+07  2.657168903464284e-08  2.460894122609428e-08 
 1.165914401179868e+07  2.595043410356430e-08  2.470525022127012e-08 
 1.188502227437056e+07  2.534143249377306e-08  2.480551944698070e-08 
 1.211527658628627e+07  2.474453632437526e-08  2.490990799633959e-08 
 1.234999172687624e+07  2.415960000481074e-08  2.501858160755020e-08 
 1.258925411794207e+07  2.358648003216886e-08  2.513171292127573e-08 
 1.283315185557692e+07  2.302503478593721e-08  2.524948174490408e-08 
 1.308177474260235e+07  2.247512432077282e-08  2.537207532368859e-08 
 1.333521432163366e+07  2.193661015858027e-08  2.549968861852839e-08 
 1.359356390878569e+07  2.140935508078235e-08  2.563252459040514e-08 
 1.385691862803171e+07  2.089322292237677e-08  2.577079449056854e-08 
 1.412537544622799e+07  2.038807836822805e-08  2.591471815721613e-08 
 1.439903320881679e+07  1.989378675350850e-08  2.606452431701471e-08 
 1.467799267622116e+07  1.941021386876521e-08  2.622045089225116e-08 
 1.496235656094481e+07  1.893722577135317e-08  2.638274531210168e-08 
 1.525222956539068e+07  1.847468860361709e-08  2.655166482846943e-08 
 1.554771842041223e+07  1.802246841956204e-08  2.672747683518009e-08 
 1.584893192461164e+07  1.758043102075009e-08  2.691045919004527e-08 
 1.615598098439926e+07  1.714844180232796e-08  2.710090053921042e-08 
 1.646897865482921e+07  1.672636561030972e-08  2.729910064329392e-08 
 1.678804018122614e+07  1.631406661071196e-08  2.750537070415430e-08 
 1.711328304161836e+07  1.591140817167094e-08  2.772003369173383e-08 
 1.744482698999310e+07  1.551825275889729e-08  2.794342467022653e-08 
 1.778279410038980e+07  1.513446184528244e-08  2.817589112262739e-08 
 1.812730881184757e+07  1.475989583515708e-08  2.841779327273950e-08 
 1.847849797422351e+07  1.439441400355909e-08  2.866950440390077e-08 
 1.883649089489862e+07  1.403787445084072e-08  2.893141117364034e-08 
 1.920141938638864e+07  1.369013407295497e-08  2.920391392298280e-08 
 1.957341781487724e+07  1.335104854736801e-08  2.948742697991640e-08 
 1.995262314968945e+07  1.302047233460286e-08  2.978237895644617e-08 
 2.033917501372358e+07  1.269825869557327e-08  3.008921303745517e-08 
 2.073321573486023e+07  1.238425972406144e-08  3.040838726182809e-08 
 2.113489039836716e+07  1.207832639439389e-08  3.074037479439552e-08 
 2.154434690031954e+07  1.178030862363231e-08  3.108566418856220e-08 
 2.196173600205508e+07  1.149005534797151e-08  3.144475963841632e-08 
 2.238721138568413e+07  1.120741461247117e-08  3.181818122100938e-08 
 2.282092971067526e+07  1.093223367359423e-08  3.220646512750759e-08 
 2.326305067153703e+07  1.066435911364418e-08  3.261016388366870e-08 
 2.371373705661734e+07  1.040363696623246e-08  3.302984655944134e-08 
 2.417315480804184e+07  1.014991285181573e-08  3.346609896782799e-08 
 2.464147308281364e+07  9.903032122260916e-09  3.391952385322412e-08 
 2.511886431509664e+07  9.662840013337067e-09  3.439074107007326e-08 
 2.560550427970562e+07  9.429181804035854e-09  3.488038775195255e-08 
 2.610157215682624e+07  9.201902981470980e-09  3.538911847234957e-08 
 2.660725059798899e+07  8.980849410233936e-09  3.591760539803588e-08 
 2.712272579332119e+07  8.765867504906782e-09  3.646653843591732e-08 
 2.764818754010200e+07  8.556804404534223e-09  3.703662537554331e-08 
 2.818382931264548e+07  8.353508147844509e-09  3.762859202778478e-08 
 2.872984833353761e+07  8.155827847925683e-09  3.824318236266140e-08 
 2.928644564625335e+07  7.963613865304237e-09  3.888115864684799e-08 
 2.985382618918060e+07  7.776717978081952e-09  3.954330158505518e-08 
 3.043219887107825e+07  7.594993548229231e-09  4.023041046514337e-08 
 3.102177664799606e+07  7.418295682830553e-09  4.094330331160441e-08 
 3.162277660168486e+07  7.246481389368241e-09  4.168281704905498e-08 
 3.223542001952572e+07  7.079409724108529e-09  4.244980767876709e-08 
 3.285993247600766e+07  6.916941932783365e-09  4.324515047134540e-08 
 3.349654391578390e+07  6.758941582767110e-09  4.406974017907955e-08 
 3.414548873833718e+07  6.605274686172971e-09  4.492449127086465e-08 
 3.480700588428529e+07  6.455809813262932e-09  4.581033819319155e-08 
 3.548133892335875e+07  6.310418195709739e-09  4.672823566164444e-08 
 3.616873614408282e+07  6.168973819388560e-09  4.767915898583678e-08 
 3.686945064519701e+07  6.031353506409914e-09  4.866410443259316e-08 
 3.758374042884570e+07  5.897436986254128e-09  4.968408963086386e-08 
 3.831186849557418e+07  5.767106955933933e-09  5.074015402331673e-08 
 3.905410294116513e+07  5.640249129235653e-09  5.183335936843964e-08 
 3.981071705535109e+07  5.516752275121538e-09  5.296479029885919e-08 
 4.058198942243937e+07  5.396508245547543e-09  5.413555493874775e-08 
 4.136820402388649e+07  5.279411992931145e-09  5.534678558786871e-08 
 4.216965034285967e+07  5.165361577639821e-09  5.659963947462977e-08 
 4.298662347082424e+07  5.054258165913842e-09  5.789529958507836e-08 
 4.381942421619587e+07  4.946006018667338e-09  5.923497557319401e-08 
 4.466835921509784e+07  4.840512471712953e-09  6.061990475608861e-08 
 4.553374104426406e+07  4.737687907922612e-09  6.205135320202441e-08 
 4.641588833612939e+07  4.637445721931542e-09  6.353061691512681e-08 
 4.731512589614968e+07  4.539702277968808e-09  6.505902312326732e-08 
 4.823178482239473e+07  4.444376861444814e-09  6.663793167431969e-08 
 4.916620262745813e+07  4.351391624900810e-09  6.826873654695183e-08 
 5.011872336272896e+07  4.260671528958503e-09  6.995286748131693e-08 
 5.108969774507105e+07  4.172144278874455e-09  7.169179173591467e-08 
 5.207948328595644e+07  4.085740257313804e-09  7.348701597475839e-08 
 5.308844442310068e+07  4.001392453923067e-09  7.534008829285063e-08 
 5.411695265464825e+07  3.919036392277167e-09  7.725260038231953e-08 
 5.516538667595772e+07  3.838610054732477e-09  7.922618984774667e-08 
 5.623413251903687e+07  3.760053805715071e-09  8.126254267253223e-08 
 5.732358369467914e+07  3.683310313913737e-09  8.336339584398017e-08 
 5.843414133735380e+07  3.608324473839948e-09  8.553054013956415e-08 
 5.956621435290314e+07  3.535043327167886e-09  8.776582308052848e-08 
 6.072021956910098e+07  3.463415984245329e-09  9.007115205510576e-08 
 6.189658188912823e+07  3.393393546114792e-09  9.244849761711619e-08 
 6.309573444802155e+07  3.324929027372124e-09  9.489989696171953e-08 
 6.431811877215314e+07  3.257977280135587e-09  9.742745758217760e-08 
 6.556418494180020e+07  3.192494919379095e-09  1.000333611109712e-07 
 6.683439175686382e+07  3.128440249840342e-09  1.027198673466311e-07 
 6.812920690579854e+07  3.065773194697728e-09  1.054893184687695e-07 
 6.944910713781458e+07  3.004455226162900e-09  1.083441434442161e-07 
 7.079457843841630e+07  2.944449298126233e-09  1.112868626236544e-07 
 7.216611620834139e+07  2.885719780954066e-09  1.143200925316496e-07 
 7.356422544596675e+07  2.828232398516604e-09  1.174465508502195e-07 
 7.498942093324825e+07  2.771954167506808e-09  1.206690615961464e-07 
 7.644222742526275e+07  2.716853339082751e-09  1.239905604935716e-07 
 7.792317984342219e+07  2.662899342858016e-09  1.274141005403415e-07 
 7.943282347243099e+07  2.610062733233605e-09  1.309428577696053e-07 
 8.097171416105910e+07  2.558315138067008e-09  1.345801372054174e-07 
 8.254041852680480e+07  2.507629209645674e-09  1.383293790124901e-07 
 8.413951416452253e+07  2.457978577931362e-09  1.421941648395284e-07 
 8.576958985909249e+07  2.409337806023901e-09  1.461782243559526e-07 
 8.743124580221051e+07  2.361682347791789e-09  1.502854419812551e-07 
 8.912509381337777e+07  2.314988507601963e-09  1.545198638071094e-07 
 9.085175756517196e+07  2.269233402082551e-09  1.588857047113559e-07 
 9.261187281288269e+07  2.224394923840022e-09  1.633873556642463e-07 
 9.440608762859575e+07  2.180451707055704e-09  1.680293912268325e-07 
 9.623506263981235e+07  2.137383094877733e-09  1.728165772411912e-07 
 9.809947127269129e+07  2.095169108525562e-09  1.777538787138460e-07 
 1.000000000000036e+08  2.053790418022628e-09  1.828464678919948e-07 
 1.019373485938910e+08  2.013228314471176e-09  1.880997325344330e-07 
 1.039122303835207e+08  1.973464683785168e-09  1.935192843772018e-07 
 1.059253725177327e+08  1.934481981795476e-09  1.991109677969966e-07 
 1.079775162327749e+08  1.896263210646415e-09  2.048808686720688e-07 
 1.100694171252250e+08  1.858791896398487e-09  2.108353234449239e-07 
 1.122018454302004e+08  1.822052067764642e-09  2.169809283873556e-07 
 1.143755863049580e+08  1.786028235895576e-09  2.233245490714169e-07 
 1.165914401179874e+08  1.750705375147354e-09  2.298733300491058e-07 
 1.188502227437062e+08  1.716068904755957e-09  2.366347047436150e-07 
 1.211527658628633e+08  1.682104671355100e-09  2.436164055558468e-07 
 1.234999172687630e+08  1.648798932270908e-09  2.508264741901345e-07 
 1.258925411794214e+08  1.616138339536973e-09  2.582732722015886e-07 
 1.283315185557698e+08  1.584109924571141e-09  2.659654917709521e-07 
 1.308177474260242e+08  1.552701083464202e-09  2.739121667088637e-07 
 1.333521432163373e+08  1.521899562832040e-09  2.821226836956191e-07 
 1.359356390878576e+08  1.491693446190192e-09  2.906067937575461e-07 
 1.385691862803179e+08  1.462071140807020e-09  2.993746239871461e-07 
 1.412537544622807e+08  1.433021365006717e-09  3.084366895076424e-07 
 1.439903320881687e+08  1.404533135886063e-09  3.178039056873492e-07 
 1.467799267622124e+08  1.376595757421016e-09  3.274876006057434e-07 
 1.496235656094489e+08  1.349198808939742e-09  3.374995277742103e-07 
 1.525222956539075e+08  1.322332133942649e-09  3.478518791137733e-07 
 1.554771842041231e+08  1.295985829254484e-09  3.585572981905790e-07 
 1.584893192461172e+08  1.270150234495352e-09  3.696288937110865e-07 
 1.615598098439934e+08  1.244815921864018e-09  3.810802532750273e-07 
 1.646897865482930e+08  1.219973686223789e-09  3.929254573873642e-07 
 1.678804018122623e+08  1.195614535491944e-09  4.051790937250314e-07 
 1.711328304161845e+08  1.171729681327734e-09  4.178562716568004e-07 
 1.744482698999319e+08  1.148310530122440e-09  4.309726370109304e-07 
 1.778279410038989e+08  1.125348674293074e-09  4.445443870845482e-07 
 1.812730881184767e+08  1.102835883883492e-09  4.585882858882135e-07 
 1.847849797422360e+08  1.080764098479217e-09  4.731216796147400e-07 
 1.883649089489871e+08  1.059125419439553e-09  4.881625123237394e-07 
 1.920141938638874e+08  1.037912102455600e-09  5.037293418260450e-07 
 1.957341781487734e+08  1.017116550437990e-09  5.198413557555341e-07 
 1.995262314968955e+08  9.967313067421611e-10  5.365183878097316e-07 
 2.033917501372368e+08  9.767490487350778e-10  5.537809341400297e-07 
 2.073321573486033e+08  9.571625817094880e-10  5.716501698689898e-07 
 2.113489039836726e+08  9.379648331475733e-10  5.901479657108728e-07 
 2.154434690031965e+08  9.191488473384135e-10  6.092969046668638e-07 
 2.196173600205519e+08  9.007077803487690e-10  6.291202987658740e-07 
 2.238721138568424e+08  8.826348953474174e-10  6.496422058160424e-07 
 2.282092971067536e+08  8.649235582810711e-10  6.708874461314721e-07 
 2.326305067153714e+08  8.475672338978426e-10  6.928816191944090e-07 
 2.371373705661745e+08  8.305594821129900e-10  7.156511202088578e-07 
 2.417315480804195e+08  8.138939547097704e-10  7.392231564998441e-07 
 2.464147308281375e+08  7.975643923664495e-10  7.636257637075968e-07 
 2.511886431509675e+08  7.815646219992106e-10  7.888878217235997e-07 
 2.560550427970573e+08  7.658885544091590e-10  8.150390703096301e-07 
 2.610157215682636e+08  7.505301822190892e-10  8.421101243399489e-07 
 2.660725059798911e+08  7.354835780866647e-10  8.701324886012354e-07 
 2.712272579332131e+08  7.207428931772502e-10  8.991385720809104e-07 
 2.764818754010212e+08  7.063023558798471e-10  9.291617016729041e-07 
 2.818382931264561e+08  6.921562707487162e-10  9.602361352232625e-07 
 2.872984833353774e+08  6.782990176525405e-10  9.923970738370436e-07 
 2.928644564625348e+08  6.647250511120748e-10  1.025680673363917e-06 
 2.985382618918073e+08  6.514288998082625e-10  1.060124054975210e-06 
 3.043219887107838e+08  6.384051662410380e-10  1.095765314744531e-06 
 3.102177664799619e+08  6.256485265208259e-10  1.132643532139928e-06 
 3.162277660168500e+08  6.131537302739263e-10  1.170798777333242e-06 
 3.223542001952586e+08  6.009156006435718e-10  1.210272117230995e-06 
 3.285993247600780e+08  5.889290343699137e-10  1.251105620129752e-06 
 3.349654391578405e+08  5.771890019312929e-10  1.293342358896922e-06 
 3.414548873833733e+08  5.656905477317260e-10  1.337026412579072e-06 
 3.480700588428544e+08  5.544287903193343e-10  1.382202866337797e-06 
 3.548133892335891e+08  5.433989226214690e-10  1.428917809618086e-06 
 3.616873614408299e+08  5.325962121841070e-10  1.477218332451499e-06 
 3.686945064519718e+08  5.220160014033888e-10  1.527152519802265e-06 
 3.758374042884587e+08  5.116537077386905e-10  1.578769443866261e-06 
 3.831186849557436e+08  5.015048238977449e-10  1.632119154238907e-06 
 3.905410294116532e+08  4.915649179853838e-10  1.687252665872283e-06 
 3.981071705535128e+08  4.818296336084115e-10  1.744221944749870e-06 
 4.058198942243956e+08  4.722946899309500e-10  1.803079891213146e-06 
 4.136820402388668e+08  4.629558816745603e-10  1.863880320886527e-06 
 4.216965034285987e+08  4.538090790594366e-10  1.926677943154511e-06 
 4.298662347082445e+08  4.448502276833957e-10  1.991528337159320e-06 
 4.381942421619608e+08  4.360753483365036e-10  2.058487925296883e-06 
 4.466835921509806e+08  4.274805367498696e-10  2.127613944207964e-06 
 4.553374104426428e+08  4.190619632781406e-10  2.198964413271822e-06 
 4.641588833612961e+08  4.108158725157681e-10  2.272598100630032e-06 
 4.731512589614991e+08  4.027385828477311e-10  2.348574486785890e-06 
 4.823178482239497e+08  3.948264859361750e-10  2.426953725840789e-06 
 4.916620262745838e+08  3.870760461446703e-10  2.507796604453607e-06 
 5.011872336272921e+08  3.794837999024835e-10  2.591164498627779e-06 
 5.108969774507130e+08  3.720463550113889e-10  2.677119328451711e-06 
 5.207948328595670e+08  3.647603898980099e-10  2.765723510943838e-06 
 5.308844442310094e+08  3.576226528149434e-10  2.857039911173532e-06 
 5.411695265464852e+08  3.506299609939568e-10  2.951131791855060e-06 
 5.516538667595799e+08  3.437791997548870e-10  3.048062761632471e-06 
 5.623413251903714e+08  3.370673215738361e-10  3.147896722299510e-06 
 5.732358369467942e+08  3.304913451143696e-10  3.250697815218139e-06 
 5.843414133735409e+08  3.240483542254350e-10  3.356530367223990e-06 
 5.956621435290343e+08  3.177354969096572e-10  3.465458836327103e-06 
 6.072021956910129e+08  3.115499842657544e-10  3.577547757534839e-06 
 6.189658188912854e+08  3.054890894085090e-10  3.692861689142332e-06 
 6.309573444802186e+08  2.995501463699108e-10  3.811465159854867e-06 
 6.431811877215347e+08  2.937305489847424e-10  3.933422617115112e-06 
 6.556418494180053e+08  2.880277497638843e-10  4.058798377022260e-06 
 6.683439175686417e+08  2.824392587583970e-10  4.187656576239940e-06 
 6.812920690579889e+08  2.769626424173676e-10  4.320061126292300e-06 
 6.944910713781494e+08  2.715955224422244e-10  4.456075670647120e-06 
 7.079457843841667e+08  2.663355746401900e-10  4.595763544994780e-06 
 7.216611620834177e+08  2.611805277792609e-10  4.739187741106675e-06 
 7.356422544596714e+08  2.561281624470409e-10  4.886410874668166e-06 
 7.498942093324865e+08  2.511763099154467e-10  5.037495157451860e-06 
 7.644222742526315e+08  2.463228510132941e-10  5.192502374190188e-06 
 7.792317984342260e+08  2.415657150084726e-10  5.351493864474826e-06 
 7.943282347243141e+08  2.369028785013590e-10  5.514530509996300e-06 
 8.097171416105952e+08  2.323323643308745e-10  5.681672727400146e-06 
 8.254041852680523e+08  2.278522404945112e-10  5.852980467004233e-06 
 8.413951416452297e+08  2.234606190834819e-10  6.028513217585373e-06 
 8.576958985909294e+08  2.191556552339966e-10  6.208330017415830e-06 
 8.743124580221096e+08  2.149355460955779e-10  6.392489471663827e-06 
 8.912509381337823e+08  2.107985298171310e-10  6.581049776256088e-06 
 9.085175756517242e+08  2.067428845514964e-10  6.774068748233815e-06 
 9.261187281288317e+08  2.027669274789359e-10  6.971603862600531e-06 
 9.440608762859625e+08  1.988690138500578e-10  7.173712295605343e-06 
 9.623506263981285e+08  1.950475360485048e-10  7.380450974355400e-06 
 9.809947127269181e+08  1.913009226736480e-10  7.591876632613697e-06 
 1.000000000000042e+09  1.876276376434867e-10  7.808045872584869e-06 
