 frequency              gain                  
 1.000000000000000e+00  4.039501999627441e+00 
 1.019373485938873e+00  4.039501999627436e+00 
 1.039122303835169e+00  4.039501999627430e+00 
 1.059253725177289e+00  4.039501999627425e+00 
 1.079775162327710e+00  4.039501999627420e+00 
 1.100694171252210e+00  4.039501999627412e+00 
 1.122018454301964e+00  4.039501999627406e+00 
 1.143755863049539e+00  4.039501999627399e+00 
 1.165914401179832e+00  4.039501999627390e+00 
 1.188502227437019e+00  4.039501999627385e+00 
 1.211527658628589e+00  4.039501999627375e+00 
 1.234999172687586e+00  4.039501999627370e+00 
 1.258925411794168e+00  4.039501999627361e+00 
 1.283315185557652e+00  4.039501999627353e+00 
 1.308177474260195e+00  4.039501999627343e+00 
 1.333521432163325e+00  4.039501999627335e+00 
 1.359356390878527e+00  4.039501999627324e+00 
 1.385691862803129e+00  4.039501999627316e+00 
 1.412537544622755e+00  4.039501999627305e+00 
 1.439903320881634e+00  4.039501999627295e+00 
 1.467799267622071e+00  4.039501999627284e+00 
 1.496235656094435e+00  4.039501999627270e+00 
 1.525222956539020e+00  4.039501999627259e+00 
 1.554771842041175e+00  4.039501999627247e+00 
 1.584893192461115e+00  4.039501999627236e+00 
 1.615598098439875e+00  4.039501999627220e+00 
 1.646897865482870e+00  4.039501999627206e+00 
 1.678804018122562e+00  4.039501999627192e+00 
 1.711328304161782e+00  4.039501999627176e+00 
 1.744482698999256e+00  4.039501999627161e+00 
 1.778279410038925e+00  4.039501999627143e+00 
 1.812730881184701e+00  4.039501999627129e+00 
 1.847849797422293e+00  4.039501999627111e+00 
 1.883649089489803e+00  4.039501999627094e+00 
 1.920141938638804e+00  4.039501999627073e+00 
 1.957341781487663e+00  4.039501999627054e+00 
 1.995262314968882e+00  4.039501999627034e+00 
 2.033917501372295e+00  4.039501999627014e+00 
 2.073321573485958e+00  4.039501999626990e+00 
 2.113489039836649e+00  4.039501999626967e+00 
 2.154434690031886e+00  4.039501999626942e+00 
 2.196173600205439e+00  4.039501999626918e+00 
 2.238721138568343e+00  4.039501999626893e+00 
 2.282092971067454e+00  4.039501999626864e+00 
 2.326305067153629e+00  4.039501999626838e+00 
 2.371373705661659e+00  4.039501999626808e+00 
 2.417315480804108e+00  4.039501999626778e+00 
 2.464147308281285e+00  4.039501999626748e+00 
 2.511886431509584e+00  4.039501999626715e+00 
 2.560550427970480e+00  4.039501999626681e+00 
 2.610157215682541e+00  4.039501999626645e+00 
 2.660725059798814e+00  4.039501999626609e+00 
 2.712272579332033e+00  4.039501999626573e+00 
 2.764818754010113e+00  4.039501999626531e+00 
 2.818382931264459e+00  4.039501999626489e+00 
 2.872984833353670e+00  4.039501999626447e+00 
 2.928644564625242e+00  4.039501999626404e+00 
 2.985382618917966e+00  4.039501999626359e+00 
 3.043219887107728e+00  4.039501999626312e+00 
 3.102177664799508e+00  4.039501999626262e+00 
 3.162277660168387e+00  4.039501999626210e+00 
 3.223542001952470e+00  4.039501999626156e+00 
 3.285993247600662e+00  4.039501999626101e+00 
 3.349654391578285e+00  4.039501999626043e+00 
 3.414548873833610e+00  4.039501999625982e+00 
 3.480700588428419e+00  4.039501999625920e+00 
 3.548133892335763e+00  4.039501999625856e+00 
 3.616873614408168e+00  4.039501999625787e+00 
 3.686945064519584e+00  4.039501999625719e+00 
 3.758374042884451e+00  4.039501999625646e+00 
 3.831186849557297e+00  4.039501999625569e+00 
 3.905410294116390e+00  4.039501999625491e+00 
 3.981071705534982e+00  4.039501999625410e+00 
 4.058198942243808e+00  4.039501999625325e+00 
 4.136820402388517e+00  4.039501999625236e+00 
 4.216965034285833e+00  4.039501999625145e+00 
 4.298662347082288e+00  4.039501999625051e+00 
 4.381942421619448e+00  4.039501999624949e+00 
 4.466835921509642e+00  4.039501999624847e+00 
 4.553374104426261e+00  4.039501999624741e+00 
 4.641588833612791e+00  4.039501999624631e+00 
 4.731512589614817e+00  4.039501999624516e+00 
 4.823178482239319e+00  4.039501999624395e+00 
 4.916620262745656e+00  4.039501999624271e+00 
 5.011872336272736e+00  4.039501999624110e+00 
 5.108969774506941e+00  4.039501999623977e+00 
 5.207948328595478e+00  4.039501999623836e+00 
 5.308844442309899e+00  4.039501999623692e+00 
 5.411695265464652e+00  4.039501999623542e+00 
 5.516538667595595e+00  4.039501999623383e+00 
 5.623413251903506e+00  4.039501999623219e+00 
 5.732358369467730e+00  4.039501999623052e+00 
 5.843414133735193e+00  4.039501999622874e+00 
 5.956621435290122e+00  4.039501999622694e+00 
 6.072021956909904e+00  4.039501999622504e+00 
 6.189658188912625e+00  4.039501999622306e+00 
 6.309573444801952e+00  4.039501999622101e+00 
 6.431811877215107e+00  4.039501999621888e+00 
 6.556418494179809e+00  4.039501999621666e+00 
 6.683439175686167e+00  4.039501999621438e+00 
 6.812920690579634e+00  4.039501999621199e+00 
 6.944910713781234e+00  4.039501999620886e+00 
 7.079457843841402e+00  4.039501999620629e+00 
 7.216611620833906e+00  4.039501999620360e+00 
 7.356422544596438e+00  4.039501999620082e+00 
 7.498942093324583e+00  4.039501999619792e+00 
 7.644222742526028e+00  4.039501999619491e+00 
 7.792317984341968e+00  4.039501999619178e+00 
 7.943282347242842e+00  4.039501999618853e+00 
 8.097171416105647e+00  4.039501999618516e+00 
 8.254041852680212e+00  4.039501999618164e+00 
 8.413951416451980e+00  4.039501999617801e+00 
 8.576958985908970e+00  4.039501999617422e+00 
 8.743124580220766e+00  4.039501999617030e+00 
 8.912509381337486e+00  4.039501999616619e+00 
 9.085175756516900e+00  4.039501999616113e+00 
 9.261187281287969e+00  4.039501999615672e+00 
 9.440608762859268e+00  4.039501999615212e+00 
 9.623506263980921e+00  4.039501999614734e+00 
 9.809947127268810e+00  4.039501999614238e+00 
 1.000000000000004e+01  4.039501999613726e+00 
 1.019373485938877e+01  4.039501999613190e+00 
 1.039122303835173e+01  4.039501999612634e+00 
 1.059253725177293e+01  4.039501999612056e+00 
 1.079775162327714e+01  4.039501999611425e+00 
 1.100694171252214e+01  4.039501999610799e+00 
 1.122018454301968e+01  4.039501999610151e+00 
 1.143755863049543e+01  4.039501999609479e+00 
 1.165914401179836e+01  4.039501999608778e+00 
 1.188502227437023e+01  4.039501999608050e+00 
 1.211527658628593e+01  4.039501999607232e+00 
 1.234999172687590e+01  4.039501999606447e+00 
 1.258925411794172e+01  4.039501999605631e+00 
 1.283315185557657e+01  4.039501999604781e+00 
 1.308177474260200e+01  4.039501999603902e+00 
 1.333521432163330e+01  4.039501999602743e+00 
 1.359356390878532e+01  4.039501999601793e+00 
 1.385691862803134e+01  4.039501999600804e+00 
 1.412537544622761e+01  4.039501999599776e+00 
 1.439903320881639e+01  4.039501999598708e+00 
 1.467799267622076e+01  4.039501999597598e+00 
 1.496235656094440e+01  4.039501999596444e+00 
 1.525222956539026e+01  4.039501999595247e+00 
 1.554771842041181e+01  4.039501999593940e+00 
 1.584893192461121e+01  4.039501999592646e+00 
 1.615598098439882e+01  4.039501999591272e+00 
 1.646897865482876e+01  4.039501999589793e+00 
 1.678804018122569e+01  4.039501999588341e+00 
 1.711328304161789e+01  4.039501999586833e+00 
 1.744482698999263e+01  4.039501999585267e+00 
 1.778279410038932e+01  4.039501999583638e+00 
 1.812730881184708e+01  4.039501999581947e+00 
 1.847849797422300e+01  4.039501999580124e+00 
 1.883649089489810e+01  4.039501999578267e+00 
 1.920141938638811e+01  4.039501999576127e+00 
 1.957341781487670e+01  4.039501999574152e+00 
 1.995262314968890e+01  4.039501999572104e+00 
 2.033917501372302e+01  4.039501999569972e+00 
 2.073321573485966e+01  4.039501999567698e+00 
 2.113489039836658e+01  4.039501999565394e+00 
 2.154434690031895e+01  4.039501999562924e+00 
 2.196173600205448e+01  4.039501999560441e+00 
 2.238721138568352e+01  4.039501999557829e+00 
 2.282092971067463e+01  4.039501999555085e+00 
 2.326305067153639e+01  4.039501999552297e+00 
 2.371373705661668e+01  4.039501999549159e+00 
 2.417315480804117e+01  4.039501999546119e+00 
 2.464147308281295e+01  4.039501999542992e+00 
 2.511886431509594e+01  4.039501999539681e+00 
 2.560550427970491e+01  4.039501999536223e+00 
 2.610157215682552e+01  4.039501999532715e+00 
 2.660725059798825e+01  4.039501999529071e+00 
 2.712272579332044e+01  4.039501999525188e+00 
 2.764818754010124e+01  4.039501999521009e+00 
 2.818382931264470e+01  4.039501999516918e+00 
 2.872984833353682e+01  4.039501999512576e+00 
 2.928644564625254e+01  4.039501999508076e+00 
 2.985382618917978e+01  4.039501999503487e+00 
 3.043219887107740e+01  4.039501999498654e+00 
 3.102177664799520e+01  4.039501999493425e+00 
 3.162277660168399e+01  4.039501999488210e+00 
 3.223542001952483e+01  4.039501999482777e+00 
 3.285993247600675e+01  4.039501999477184e+00 
 3.349654391578298e+01  4.039501999471105e+00 
 3.414548873833623e+01  4.039501999465098e+00 
 3.480700588428433e+01  4.039501999458767e+00 
 3.548133892335778e+01  4.039501999452202e+00 
 3.616873614408183e+01  4.039501999445372e+00 
 3.686945064519600e+01  4.039501999438130e+00 
 3.758374042884466e+01  4.039501999430711e+00 
 3.831186849557313e+01  4.039501999423059e+00 
 3.905410294116406e+01  4.039501999414932e+00 
 3.981071705534999e+01  4.039501999406706e+00 
 4.058198942243826e+01  4.039501999398144e+00 
 4.136820402388535e+01  4.039501999388998e+00 
 4.216965034285851e+01  4.039501999379745e+00 
 4.298662347082306e+01  4.039501999370085e+00 
 4.381942421619467e+01  4.039501999359925e+00 
 4.466835921509661e+01  4.039501999349475e+00 
 4.553374104426280e+01  4.039501999338494e+00 
 4.641588833612811e+01  4.039501999327305e+00 
 4.731512589614837e+01  4.039501999315601e+00 
 4.823178482239340e+01  4.039501999303317e+00 
 4.916620262745678e+01  4.039501999290694e+00 
 5.011872336272758e+01  4.039501999277424e+00 
 5.108969774506964e+01  4.039501999263801e+00 
 5.207948328595500e+01  4.039501999249499e+00 
 5.308844442309921e+01  4.039501999234842e+00 
 5.411695265464675e+01  4.039501999219313e+00 
 5.516538667595619e+01  4.039501999203337e+00 
 5.623413251903531e+01  4.039501999186846e+00 
 5.732358369467754e+01  4.039501999169556e+00 
 5.843414133735218e+01  4.039501999151508e+00 
 5.956621435290148e+01  4.039501999133001e+00 
 6.072021956909929e+01  4.039501999113598e+00 
 6.189658188912651e+01  4.039501999093469e+00 
 6.309573444801979e+01  4.039501999072551e+00 
 6.431811877215135e+01  4.039501999050979e+00 
 6.556418494179837e+01  4.039501999028422e+00 
 6.683439175686196e+01  4.039501999004909e+00 
 6.812920690579664e+01  4.039501998980527e+00 
 6.944910713781265e+01  4.039501998955179e+00 
 7.079457843841433e+01  4.039501998928890e+00 
 7.216611620833937e+01  4.039501998901558e+00 
 7.356422544596469e+01  4.039501998873180e+00 
 7.498942093324617e+01  4.039501998843742e+00 
 7.644222742526063e+01  4.039501998813074e+00 
 7.792317984342003e+01  4.039501998781052e+00 
 7.943282347242878e+01  4.039501998747986e+00 
 8.097171416105684e+01  4.039501998713630e+00 
 8.254041852680250e+01  4.039501998677700e+00 
 8.413951416452018e+01  4.039501998640670e+00 
 8.576958985909010e+01  4.039501998602098e+00 
 8.743124580220807e+01  4.039501998561917e+00 
 8.912509381337527e+01  4.039501998520116e+00 
 9.085175756516942e+01  4.039501998476926e+00 
 9.261187281288011e+01  4.039501998431848e+00 
 9.440608762859311e+01  4.039501998385021e+00 
 9.623506263980966e+01  4.039501998336340e+00 
 9.809947127268855e+01  4.039501998286033e+00 
 1.000000000000008e+02  4.039501998233532e+00 
 1.019373485938881e+02  4.039501998178757e+00 
 1.039122303835178e+02  4.039501998122157e+00 
 1.059253725177298e+02  4.039501998063324e+00 
 1.079775162327719e+02  4.039501998002182e+00 
 1.100694171252219e+02  4.039501997938461e+00 
 1.122018454301973e+02  4.039501997872467e+00 
 1.143755863049548e+02  4.039501997803774e+00 
 1.165914401179842e+02  4.039501997732514e+00 
 1.188502227437029e+02  4.039501997658331e+00 
 1.211527658628599e+02  4.039501997581276e+00 
 1.234999172687595e+02  4.039501997501231e+00 
 1.258925411794178e+02  4.039501997418047e+00 
 1.283315185557662e+02  4.039501997331448e+00 
 1.308177474260206e+02  4.039501997241674e+00 
 1.333521432163336e+02  4.039501997148261e+00 
 1.359356390878538e+02  4.039501997051422e+00 
 1.385691862803140e+02  4.039501996950562e+00 
 1.412537544622767e+02  4.039501996845802e+00 
 1.439903320881646e+02  4.039501996737049e+00 
 1.467799267622083e+02  4.039501996624028e+00 
 1.496235656094447e+02  4.039501996506421e+00 
 1.525222956539033e+02  4.039501996384178e+00 
 1.554771842041188e+02  4.039501996257445e+00 
 1.584893192461128e+02  4.039501996125596e+00 
 1.615598098439889e+02  4.039501995988450e+00 
 1.646897865482883e+02  4.039501995846188e+00 
 1.678804018122576e+02  4.039501995698139e+00 
 1.711328304161796e+02  4.039501995544550e+00 
 1.744482698999270e+02  4.039501995384859e+00 
 1.778279410038939e+02  4.039501995218735e+00 
 1.812730881184716e+02  4.039501995046368e+00 
 1.847849797422308e+02  4.039501994867049e+00 
 1.883649089489818e+02  4.039501994680832e+00 
 1.920141938638820e+02  4.039501994487388e+00 
 1.957341781487679e+02  4.039501994286164e+00 
 1.995262314968899e+02  4.039501994077157e+00 
 2.033917501372311e+02  4.039501993860131e+00 
 2.073321573485975e+02  4.039501993634417e+00 
 2.113489039836667e+02  4.039501993399916e+00 
 2.154434690031904e+02  4.039501993156319e+00 
 2.196173600205457e+02  4.039501992903004e+00 
 2.238721138568361e+02  4.039501992639926e+00 
 2.282092971067473e+02  4.039501992366650e+00 
 2.326305067153649e+02  4.039501992082564e+00 
 2.371373705661678e+02  4.039501991787401e+00 
 2.417315480804128e+02  4.039501991480811e+00 
 2.464147308281306e+02  4.039501991161861e+00 
 2.511886431509605e+02  4.039501990830784e+00 
 2.560550427970502e+02  4.039501990486665e+00 
 2.610157215682563e+02  4.039501990128980e+00 
 2.660725059798837e+02  4.039501989757351e+00 
 2.712272579332056e+02  4.039501989371332e+00 
 2.764818754010136e+02  4.039501988969926e+00 
 2.818382931264483e+02  4.039501988552916e+00 
 2.872984833353694e+02  4.039501988119759e+00 
 2.928644564625267e+02  4.039501987669493e+00 
 2.985382618917990e+02  4.039501987201707e+00 
 3.043219887107753e+02  4.039501986715617e+00 
 3.102177664799533e+02  4.039501986210547e+00 
 3.162277660168412e+02  4.039501985685561e+00 
 3.223542001952496e+02  4.039501985140078e+00 
 3.285993247600689e+02  4.039501984573355e+00 
 3.349654391578312e+02  4.039501983984304e+00 
 3.414548873833638e+02  4.039501983372330e+00 
 3.480700588428447e+02  4.039501982736351e+00 
 3.548133892335792e+02  4.039501982075534e+00 
 3.616873614408197e+02  4.039501981388876e+00 
 3.686945064519614e+02  4.039501980675368e+00 
 3.758374042884482e+02  4.039501979933972e+00 
 3.831186849557329e+02  4.039501979163311e+00 
 3.905410294116422e+02  4.039501978362770e+00 
 3.981071705535015e+02  4.039501977530943e+00 
 4.058198942243842e+02  4.039501976666438e+00 
 4.136820402388552e+02  4.039501975768170e+00 
 4.216965034285868e+02  4.039501974834583e+00 
 4.298662347082324e+02  4.039501973864789e+00 
 4.381942421619485e+02  4.039501972856738e+00 
 4.466835921509680e+02  4.039501971809501e+00 
 4.553374104426299e+02  4.039501970721049e+00 
 4.641588833612830e+02  4.039501969590127e+00 
 4.731512589614857e+02  4.039501968415080e+00 
 4.823178482239360e+02  4.039501967194069e+00 
 4.916620262745698e+02  4.039501965925008e+00 
 5.011872336272779e+02  4.039501964606460e+00 
 5.108969774506985e+02  4.039501963236576e+00 
 5.207948328595522e+02  4.039501961812876e+00 
 5.308844442309944e+02  4.039501960333281e+00 
 5.411695265464699e+02  4.039501958796109e+00 
 5.516538667595644e+02  4.039501957198737e+00 
 5.623413251903556e+02  4.039501955538851e+00 
 5.732358369467780e+02  4.039501953813867e+00 
 5.843414133735243e+02  4.039501952021517e+00 
 5.956621435290174e+02  4.039501950159177e+00 
 6.072021956909956e+02  4.039501948223723e+00 
 6.189658188912678e+02  4.039501946212759e+00 
 6.309573444802006e+02  4.039501944123045e+00 
 6.431811877215163e+02  4.039501941951446e+00 
 6.556418494179866e+02  4.039501939695114e+00 
 6.683439175686225e+02  4.039501937350388e+00 
 6.812920690579693e+02  4.039501934914056e+00 
 6.944910713781295e+02  4.039501932382296e+00 
 7.079457843841464e+02  4.039501929751475e+00 
 7.216611620833969e+02  4.039501927017754e+00 
 7.356422544596502e+02  4.039501924176948e+00 
 7.498942093324649e+02  4.039501921225342e+00 
 7.644222742526096e+02  4.039501918157964e+00 
 7.792317984342036e+02  4.039501914970626e+00 
 7.943282347242912e+02  4.039501911658753e+00 
 8.097171416105718e+02  4.039501908217141e+00 
 8.254041852680285e+02  4.039501904641077e+00 
 8.413951416452054e+02  4.039501900924924e+00 
 8.576958985909047e+02  4.039501897063327e+00 
 8.743124580220845e+02  4.039501893050844e+00 
 8.912509381337566e+02  4.039501888881368e+00 
 9.085175756516981e+02  4.039501884548677e+00 
 9.261187281288051e+02  4.039501880046564e+00 
 9.440608762859353e+02  4.039501875368300e+00 
 9.623506263981008e+02  4.039501870506818e+00 
 9.809947127268898e+02  4.039501865455413e+00 
 1.000000000000013e+03  4.039501860206324e+00 
 1.019373485938886e+03  4.039501854751744e+00 
 1.039122303835182e+03  4.039501849083912e+00 
 1.059253725177302e+03  4.039501843194370e+00 
 1.079775162327723e+03  4.039501837074373e+00 
 1.100694171252224e+03  4.039501830714639e+00 
 1.122018454301978e+03  4.039501824106493e+00 
 1.143755863049553e+03  4.039501817239872e+00 
 1.165914401179847e+03  4.039501810104234e+00 
 1.188502227437034e+03  4.039501802689744e+00 
 1.211527658628604e+03  4.039501794985130e+00 
 1.234999172687601e+03  4.039501786979002e+00 
 1.258925411794184e+03  4.039501778659742e+00 
 1.283315185557668e+03  4.039501770014857e+00 
 1.308177474260211e+03  4.039501761031860e+00 
 1.333521432163342e+03  4.039501751697411e+00 
 1.359356390878544e+03  4.039501741997789e+00 
 1.385691862803146e+03  4.039501731918732e+00 
 1.412537544622773e+03  4.039501721445403e+00 
 1.439903320881652e+03  4.039501710562196e+00 
 1.467799267622089e+03  4.039501699253457e+00 
 1.496235656094454e+03  4.039501687502107e+00 
 1.525222956539040e+03  4.039501675291034e+00 
 1.554771842041195e+03  4.039501662602230e+00 
 1.584893192461135e+03  4.039501649416988e+00 
 1.615598098439896e+03  4.039501635715887e+00 
 1.646897865482891e+03  4.039501621478976e+00 
 1.678804018122584e+03  4.039501606684923e+00 
 1.711328304161804e+03  4.039501591312067e+00 
 1.744482698999278e+03  4.039501575337761e+00 
 1.778279410038948e+03  4.039501558738667e+00 
 1.812730881184724e+03  4.039501541489821e+00 
 1.847849797422317e+03  4.039501523566566e+00 
 1.883649089489827e+03  4.039501504942028e+00 
 1.920141938638829e+03  4.039501485588767e+00 
 1.957341781487688e+03  4.039501465478318e+00 
 1.995262314968908e+03  4.039501444581187e+00 
 2.033917501372321e+03  4.039501422866372e+00 
 2.073321573485985e+03  4.039501400302274e+00 
 2.113489039836677e+03  4.039501376855316e+00 
 2.154434690031915e+03  4.039501352490956e+00 
 2.196173600205468e+03  4.039501327173510e+00 
 2.238721138568372e+03  4.039501300865483e+00 
 2.282092971067484e+03  4.039501273528443e+00 
 2.326305067153660e+03  4.039501245121815e+00 
 2.371373705661690e+03  4.039501215603631e+00 
 2.417315480804139e+03  4.039501184930835e+00 
 2.464147308281318e+03  4.039501153058155e+00 
 2.511886431509617e+03  4.039501119938422e+00 
 2.560550427970514e+03  4.039501085522944e+00 
 2.610157215682575e+03  4.039501049761081e+00 
 2.660725059798849e+03  4.039501012599992e+00 
 2.712272579332068e+03  4.039500973985236e+00 
 2.764818754010148e+03  4.039500933859599e+00 
 2.818382931264496e+03  4.039500892164343e+00 
 2.872984833353707e+03  4.039500848837928e+00 
 2.928644564625281e+03  4.039500803816324e+00 
 2.985382618918004e+03  4.039500757033479e+00 
 3.043219887107768e+03  4.039500708420462e+00 
 3.102177664799548e+03  4.039500657905374e+00 
 3.162277660168427e+03  4.039500605414241e+00 
 3.223542001952512e+03  4.039500550869459e+00 
 3.285993247600705e+03  4.039500494190551e+00 
 3.349654391578328e+03  4.039500435294570e+00 
 3.414548873833654e+03  4.039500374094113e+00 
 3.480700588428464e+03  4.039500310499712e+00 
 3.548133892335809e+03  4.039500244417066e+00 
 3.616873614408215e+03  4.039500175749180e+00 
 3.686945064519632e+03  4.039500104395057e+00 
 3.758374042884499e+03  4.039500030249141e+00 
 3.831186849557347e+03  4.039499953202675e+00 
 3.905410294116440e+03  4.039499873141901e+00 
 3.981071705535034e+03  4.039499789948795e+00 
 4.058198942243861e+03  4.039499703501161e+00 
 4.136820402388571e+03  4.039499613671525e+00 
 4.216965034285888e+03  4.039499520327604e+00 
 4.298662347082343e+03  4.039499423331715e+00 
 4.381942421619505e+03  4.039499322541142e+00 
 4.466835921509701e+03  4.039499217807553e+00 
 4.553374104426321e+03  4.039499108976218e+00 
 4.641588833612851e+03  4.039498995887453e+00 
 4.731512589614878e+03  4.039498878374313e+00 
 4.823178482239382e+03  4.039498756263952e+00 
 4.916620262745721e+03  4.039498629376087e+00 
 5.011872336272801e+03  4.039498497524145e+00 
 5.108969774507008e+03  4.039498360514060e+00 
 5.207948328595546e+03  4.039498218143802e+00 
 5.308844442309967e+03  4.039498070203638e+00 
 5.411695265464722e+03  4.039497916475716e+00 
 5.516538667595667e+03  4.039497756733692e+00 
 5.623413251903579e+03  4.039497590741997e+00 
 5.732358369467805e+03  4.039497418256665e+00 
 5.843414133735268e+03  4.039497239023132e+00 
 5.956621435290199e+03  4.039497052777559e+00 
 6.072021956909982e+03  4.039496859245672e+00 
 6.189658188912704e+03  4.039496658142553e+00 
 6.309573444802033e+03  4.039496449171739e+00 
 6.431811877215190e+03  4.039496232025475e+00 
 6.556418494179894e+03  4.039496006384095e+00 
 6.683439175686253e+03  4.039495771915059e+00 
 6.812920690579723e+03  4.039495528273047e+00 
 6.944910713781324e+03  4.039495275099216e+00 
 7.079457843841494e+03  4.039495012020914e+00 
 7.216611620834000e+03  4.039494738650202e+00 
 7.356422544596533e+03  4.039494454584712e+00 
 7.498942093324681e+03  4.039494159406204e+00 
 7.644222742526128e+03  4.039493852679428e+00 
 7.792317984342069e+03  4.039493533952995e+00 
 7.943282347242946e+03  4.039493202757182e+00 
 8.097171416105754e+03  4.039492858604385e+00 
 8.254041852680322e+03  4.039492500987540e+00 
 8.413951416452092e+03  4.039492129380091e+00 
 8.576958985909085e+03  4.039491743234644e+00 
 8.743124580220883e+03  4.039491341982242e+00 
 8.912509381337606e+03  4.039490925032228e+00 
 9.085175756517023e+03  4.039490491770224e+00 
 9.261187281288094e+03  4.039490041558254e+00 
 9.440608762859396e+03  4.039489573732885e+00 
 9.623506263981051e+03  4.039489087605273e+00 
 9.809947127268942e+03  4.039488582459438e+00 
 1.000000000000017e+04  4.039488057551340e+00 
 1.019373485938890e+04  4.039487512107846e+00 
 1.039122303835187e+04  4.039486945325478e+00 
 1.059253725177307e+04  4.039486356369537e+00 
 1.079775162327729e+04  4.039485744372658e+00 
 1.100694171252229e+04  4.039485108433126e+00 
 1.122018454301983e+04  4.039484447614554e+00 
 1.143755863049558e+04  4.039483760943473e+00 
 1.165914401179852e+04  4.039483047408674e+00 
 1.188502227437039e+04  4.039482305959122e+00 
 1.211527658628610e+04  4.039481535502558e+00 
 1.234999172687607e+04  4.039480734904527e+00 
 1.258925411794190e+04  4.039479902985617e+00 
 1.283315185557674e+04  4.039479038520569e+00 
 1.308177474260217e+04  4.039478140236454e+00 
 1.333521432163348e+04  4.039477206809621e+00 
 1.359356390878550e+04  4.039476236865890e+00 
 1.385691862803152e+04  4.039475228976395e+00 
 1.412537544622780e+04  4.039474181656370e+00 
 1.439903320881659e+04  4.039473093363767e+00 
 1.467799267622096e+04  4.039471962495277e+00 
 1.496235656094461e+04  4.039470787385865e+00 
 1.525222956539047e+04  4.039469566303994e+00 
 1.554771842041202e+04  4.039468297451838e+00 
 1.584893192461143e+04  4.039466978960401e+00 
 1.615598098439904e+04  4.039465608887880e+00 
 1.646897865482899e+04  4.039464185216112e+00 
 1.678804018122592e+04  4.039462705848526e+00 
 1.711328304161813e+04  4.039461168606308e+00 
 1.744482698999287e+04  4.039459571225192e+00 
 1.778279410038956e+04  4.039457911352532e+00 
 1.812730881184733e+04  4.039456186543936e+00 
 1.847849797422326e+04  4.039454394258859e+00 
 1.883649089489836e+04  4.039452531857855e+00 
 1.920141938638838e+04  4.039450596597657e+00 
 1.957341781487698e+04  4.039448585628409e+00 
 1.995262314968918e+04  4.039446495988284e+00 
 2.033917501372331e+04  4.039444324599620e+00 
 2.073321573485995e+04  4.039442068264666e+00 
 2.113489039836688e+04  4.039439723660239e+00 
 2.154434690031925e+04  4.039437287333165e+00 
 2.196173600205479e+04  4.039434755695763e+00 
 2.238721138568383e+04  4.039432125019237e+00 
 2.282092971067495e+04  4.039429391429476e+00 
 2.326305067153671e+04  4.039426550900703e+00 
 2.371373705661701e+04  4.039423599249448e+00 
 2.417315480804151e+04  4.039420532129160e+00 
 2.464147308281330e+04  4.039417345022591e+00 
 2.511886431509629e+04  4.039414033236093e+00 
 2.560550427970526e+04  4.039410591892638e+00 
 2.610157215682588e+04  4.039407015924363e+00 
 2.660725059798862e+04  4.039403300064854e+00 
 2.712272579332082e+04  4.039399438841920e+00 
 2.764818754010162e+04  4.039395426569889e+00 
 2.818382931264510e+04  4.039391257339751e+00 
 2.872984833353721e+04  4.039386925012013e+00 
 2.928644564625295e+04  4.039382423206799e+00 
 2.985382618918019e+04  4.039377745294733e+00 
 3.043219887107782e+04  4.039372884387533e+00 
 3.102177664799563e+04  4.039367833326979e+00 
 3.162277660168443e+04  4.039362584675207e+00 
 3.223542001952527e+04  4.039357130703545e+00 
 3.285993247600720e+04  4.039351463380923e+00 
 3.349654391578344e+04  4.039345574362228e+00 
 3.414548873833670e+04  4.039339454975829e+00 
 3.480700588428481e+04  4.039333096211409e+00 
 3.548133892335826e+04  4.039326488705878e+00 
 3.616873614408232e+04  4.039319622730408e+00 
 3.686945064519650e+04  4.039312488174883e+00 
 3.758374042884518e+04  4.039305074535307e+00 
 3.831186849557365e+04  4.039297370895810e+00 
 3.905410294116459e+04  4.039289365913774e+00 
 3.981071705535053e+04  4.039281047803739e+00 
 4.058198942243881e+04  4.039272404318726e+00 
 4.136820402388591e+04  4.039263422733137e+00 
 4.216965034285909e+04  4.039254089823975e+00 
 4.298662347082365e+04  4.039244391851248e+00 
 4.381942421619527e+04  4.039234314537723e+00 
 4.466835921509723e+04  4.039223843047901e+00 
 4.553374104426344e+04  4.039212961966740e+00 
 4.641588833612874e+04  4.039201655275671e+00 
 4.731512589614902e+04  4.039189906330692e+00 
 4.823178482239406e+04  4.039177697837361e+00 
 4.916620262745745e+04  4.039165011824442e+00 
 5.011872336272826e+04  4.039151829618858e+00 
 5.108969774507033e+04  4.039138131817208e+00 
 5.207948328595571e+04  4.039123898258306e+00 
 5.308844442309994e+04  4.039109107992403e+00 
 5.411695265464750e+04  4.039093739250798e+00 
 5.516538667595695e+04  4.039077769415127e+00 
 5.623413251903608e+04  4.039061174982277e+00 
 5.732358369467833e+04  4.039043931530534e+00 
 5.843414133735298e+04  4.039026013684892e+00 
 5.956621435290229e+04  4.039007395077734e+00 
 6.072021956910013e+04  4.038988048311642e+00 
 6.189658188912735e+04  4.038967944919261e+00 
 6.309573444802065e+04  4.038947055320357e+00 
 6.431811877215223e+04  4.038925348779086e+00 
 6.556418494179926e+04  4.038902793360025e+00 
 6.683439175686287e+04  4.038879355879057e+00 
 6.812920690579756e+04  4.038855001856434e+00 
 6.944910713781358e+04  4.038829695466045e+00 
 7.079457843841528e+04  4.038803399482252e+00 
 7.216611620834035e+04  4.038776075225419e+00 
 7.356422544596568e+04  4.038747682506644e+00 
 7.498942093324717e+04  4.038718179566652e+00 
 7.644222742526165e+04  4.038687523016502e+00 
 7.792317984342107e+04  4.038655667772977e+00 
 7.943282347242984e+04  4.038622566993694e+00 
 8.097171416105793e+04  4.038588172006400e+00 
 8.254041852680361e+04  4.038552432241313e+00 
 8.413951416452132e+04  4.038515295153409e+00 
 8.576958985909125e+04  4.038476706148247e+00 
 8.743124580220925e+04  4.038436608500487e+00 
 8.912509381337647e+04  4.038394943272285e+00 
 9.085175756517064e+04  4.038351649226517e+00 
 9.261187281288135e+04  4.038306662737750e+00 
 9.440608762859438e+04  4.038259917698599e+00 
 9.623506263981095e+04  4.038211345424463e+00 
 9.809947127268986e+04  4.038160874551822e+00 
 1.000000000000022e+05  4.038108430936046e+00 
 1.019373485938895e+05  4.038053937541707e+00 
 1.039122303835192e+05  4.037997314330618e+00 
 1.059253725177312e+05  4.037938478147122e+00 
 1.079775162327733e+05  4.037877342593585e+00 
 1.100694171252234e+05  4.037813817908010e+00 
 1.122018454301988e+05  4.037747810831893e+00 
 1.143755863049563e+05  4.037679224474898e+00 
 1.165914401179858e+05  4.037607958173614e+00 
 1.188502227437045e+05  4.037533907346479e+00 
 1.211527658628615e+05  4.037456963341877e+00 
 1.234999172687612e+05  4.037377013279100e+00 
 1.258925411794195e+05  4.037293939887411e+00 
 1.283315185557680e+05  4.037207621332179e+00 
 1.308177474260223e+05  4.037117931043440e+00 
 1.333521432163354e+05  4.037024737529070e+00 
 1.359356390878556e+05  4.036927904185120e+00 
 1.385691862803159e+05  4.036827289101495e+00 
 1.412537544622786e+05  4.036722744853305e+00 
 1.439903320881665e+05  4.036614118290186e+00 
 1.467799267622102e+05  4.036501250315851e+00 
 1.496235656094467e+05  4.036383975658177e+00 
 1.525222956539053e+05  4.036262122632492e+00 
 1.554771842041208e+05  4.036135512892908e+00 
 1.584893192461149e+05  4.036003961179965e+00 
 1.615598098439910e+05  4.035867275049079e+00 
 1.646897865482905e+05  4.035725254602053e+00 
 1.678804018122598e+05  4.035577692195023e+00 
 1.711328304161819e+05  4.035424372144869e+00 
 1.744482698999293e+05  4.035265070419708e+00 
 1.778279410038963e+05  4.035099554320828e+00 
 1.812730881184740e+05  4.034927582149873e+00 
 1.847849797422333e+05  4.034748902865759e+00 
 1.883649089489843e+05  4.034563255729068e+00 
 1.920141938638845e+05  4.034370369929308e+00 
 1.957341781487705e+05  4.034169964206257e+00 
 1.995262314968925e+05  4.033961746447218e+00 
 2.033917501372338e+05  4.033745413277253e+00 
 2.073321573486003e+05  4.033520649632047e+00 
 2.113489039836695e+05  4.033287128314493e+00 
 2.154434690031933e+05  4.033044509532399e+00 
 2.196173600205487e+05  4.032792440427708e+00 
 2.238721138568391e+05  4.032530554578016e+00 
 2.282092971067503e+05  4.032258471488138e+00 
 2.326305067153680e+05  4.031975796057732e+00 
 2.371373705661710e+05  4.031682118035547e+00 
 2.417315480804160e+05  4.031377011447469e+00 
 2.464147308281339e+05  4.031060034009220e+00 
 2.511886431509639e+05  4.030730726515210e+00 
 2.560550427970536e+05  4.030388612208104e+00 
 2.610157215682598e+05  4.030033196123046e+00 
 2.660725059798872e+05  4.029663964411018e+00 
 2.712272579332092e+05  4.029280383639118e+00 
 2.764818754010173e+05  4.028881900062989e+00 
 2.818382931264520e+05  4.028467938878094e+00 
 2.872984833353732e+05  4.028037903442162e+00 
 2.928644564625305e+05  4.027591174471319e+00 
 2.985382618918030e+05  4.027127109212371e+00 
 3.043219887107793e+05  4.026645040581322e+00 
 3.102177664799574e+05  4.026144276274673e+00 
 3.162277660168454e+05  4.025624097855237e+00 
 3.223542001952539e+05  4.025083759802136e+00 
 3.285993247600733e+05  4.024522488530923e+00 
 3.349654391578356e+05  4.023939481383388e+00 
 3.414548873833683e+05  4.023333905581499e+00 
 3.480700588428493e+05  4.022704897152042e+00 
 3.548133892335839e+05  4.022051559811179e+00 
 3.616873614408245e+05  4.021372963819244e+00 
 3.686945064519664e+05  4.020668144795333e+00 
 3.758374042884532e+05  4.019936102499249e+00 
 3.831186849557380e+05  4.019175799571898e+00 
 3.905410294116474e+05  4.018386160240897e+00 
 3.981071705535068e+05  4.017566068985938e+00 
 4.058198942243896e+05  4.016714369165303e+00 
 4.136820402388607e+05  4.015829861603599e+00 
 4.216965034285925e+05  4.014911303135713e+00 
 4.298662347082381e+05  4.013957405113971e+00 
 4.381942421619543e+05  4.012966831872221e+00 
 4.466835921509740e+05  4.011938199147324e+00 
 4.553374104426361e+05  4.010870072460484e+00 
 4.641588833612892e+05  4.009760965455800e+00 
 4.731512589614920e+05  4.008609338196414e+00 
 4.823178482239424e+05  4.007413595419306e+00 
 4.916620262745764e+05  4.006172084747321e+00 
 5.011872336272846e+05  4.004883094858799e+00 
 5.108969774507053e+05  4.003544853618604e+00 
 5.207948328595592e+05  4.002155526166114e+00 
 5.308844442310014e+05  4.000713212963087e+00 
 5.411695265464770e+05  3.999215947802953e+00 
 5.516538667595716e+05  3.997661695782074e+00 
 5.623413251903630e+05  3.996048351236433e+00 
 5.732358369467856e+05  3.994373735637237e+00 
 5.843414133735321e+05  3.992635595460477e+00 
 5.956621435290253e+05  3.990831600018933e+00 
 6.072021956910037e+05  3.988959339270223e+00 
 6.189658188912760e+05  3.987016321594561e+00 
 6.309573444802091e+05  3.984999971554773e+00 
 6.431811877215249e+05  3.982907627625595e+00 
 6.556418494179953e+05  3.980736539923830e+00 
 6.683439175686314e+05  3.978483867908184e+00 
 6.812920690579783e+05  3.976146678085967e+00 
 6.944910713781386e+05  3.973721941713011e+00 
 7.079457843841556e+05  3.971206532491626e+00 
 7.216611620834064e+05  3.968597224288383e+00 
 7.356422544596598e+05  3.965890688859332e+00 
 7.498942093324747e+05  3.963083493604018e+00 
 7.644222742526196e+05  3.960172099350213e+00 
 7.792317984342139e+05  3.957152858174453e+00 
 7.943282347243016e+05  3.954022011277747e+00 
 8.097171416105825e+05  3.950775686919358e+00 
 8.254041852680393e+05  3.947409898415956e+00 
 8.413951416452165e+05  3.943920542227564e+00 
 8.576958985909160e+05  3.940303396132350e+00 
 8.743124580220960e+05  3.936554117517553e+00 
 8.912509381337684e+05  3.932668241776747e+00 
 9.085175756517102e+05  3.928641180856542e+00 
 9.261187281288174e+05  3.924468221947912e+00 
 9.440608762859477e+05  3.920144526345521e+00 
 9.623506263981134e+05  3.915665128498446e+00 
 9.809947127269027e+05  3.911024935257875e+00 
 1.000000000000026e+06  3.906218725355564e+00 
 1.019373485938899e+06  3.901241149122467e+00 
 1.039122303835196e+06  3.896086728480918e+00 
 1.059253725177316e+06  3.890749857209021e+00 
 1.079775162327738e+06  3.885224801539700e+00 
 1.100694171252238e+06  3.879505701079389e+00 
 1.122018454301993e+06  3.873586570087969e+00 
 1.143755863049568e+06  3.867461299159802e+00 
 1.165914401179862e+06  3.861123657298038e+00 
 1.188502227437050e+06  3.854567294446724e+00 
 1.211527658628620e+06  3.847785744482699e+00 
 1.234999172687617e+06  3.840772428700276e+00 
 1.258925411794200e+06  3.833520659831430e+00 
 1.283315185557685e+06  3.826023646604206e+00 
 1.308177474260229e+06  3.818274498893265e+00 
 1.333521432163359e+06  3.810266233477144e+00 
 1.359356390878562e+06  3.801991780424661e+00 
 1.385691862803164e+06  3.793443990159149e+00 
 1.412537544622792e+06  3.784615641191900e+00 
 1.439903320881672e+06  3.775499448597691e+00 
 1.467799267622109e+06  3.766088073198463e+00 
 1.496235656094474e+06  3.756374131531327e+00 
 1.525222956539060e+06  3.746350206580226e+00 
 1.554771842041215e+06  3.736008859306792e+00 
 1.584893192461156e+06  3.725342641001327e+00 
 1.615598098439918e+06  3.714344106435981e+00 
 1.646897865482913e+06  3.703005827867714e+00 
 1.678804018122606e+06  3.691320409857477e+00 
 1.711328304161827e+06  3.679280504928512e+00 
 1.744482698999302e+06  3.666878830046675e+00 
 1.778279410038971e+06  3.654108183911033e+00 
 1.812730881184748e+06  3.640961465053487e+00 
 1.847849797422342e+06  3.627431690697377e+00 
 1.883649089489852e+06  3.613512016374976e+00 
 1.920141938638854e+06  3.599195756241045e+00 
 1.957341781487714e+06  3.584476404071208e+00 
 1.995262314968935e+06  3.569347654853560e+00 
 2.033917501372348e+06  3.553803426958758e+00 
 2.073321573486012e+06  3.537837884796509e+00 
 2.113489039836705e+06  3.521445461879694e+00 
 2.154434690031943e+06  3.504620884256775e+00 
 2.196173600205497e+06  3.487359194166625e+00 
 2.238721138568402e+06  3.469655773861912e+00 
 2.282092971067514e+06  3.451506369486708e+00 
 2.326305067153691e+06  3.432907114885356e+00 
 2.371373705661722e+06  3.413854555238097e+00 
 2.417315480804171e+06  3.394345670417491e+00 
 2.464147308281350e+06  3.374377897879615e+00 
 2.511886431509650e+06  3.353949155045928e+00 
 2.560550427970548e+06  3.333057860936645e+00 
 2.610157215682610e+06  3.311702957025587e+00 
 2.660725059798884e+06  3.289883927074331e+00 
 2.712272579332104e+06  3.267600815882012e+00 
 2.764818754010185e+06  3.244854246767567e+00 
 2.818382931264533e+06  3.221645437670379e+00 
 2.872984833353746e+06  3.197976215715522e+00 
 2.928644564625319e+06  3.173849030131855e+00 
 2.985382618918044e+06  3.149266963397952e+00 
 3.043219887107808e+06  3.124233740479841e+00 
 3.102177664799589e+06  3.098753736104672e+00 
 3.162277660168469e+06  3.072831979916535e+00 
 3.223542001952555e+06  3.046474159472324e+00 
 3.285993247600748e+06  3.019686620999790e+00 
 3.349654391578372e+06  2.992476367853304e+00 
 3.414548873833699e+06  2.964851056636564e+00 
 3.480700588428510e+06  2.936818990991519e+00 
 3.548133892335856e+06  2.908389112963056e+00 
 3.616873614408263e+06  2.879570992074143e+00 
 3.686945064519682e+06  2.850374812056737e+00 
 3.758374042884550e+06  2.820811355278077e+00 
 3.831186849557398e+06  2.790891984974874e+00 
 3.905410294116493e+06  2.760628625345101e+00 
 3.981071705535088e+06  2.730033739601154e+00 
 4.058198942243916e+06  2.699120306099345e+00 
 4.136820402388627e+06  2.667901792639842e+00 
 4.216965034285945e+06  2.636392129157682e+00 
 4.298662347082402e+06  2.604605678843932e+00 
 4.381942421619564e+06  2.572557207968608e+00 
 4.466835921509761e+06  2.540261854486107e+00 
 4.553374104426382e+06  2.507735095677734e+00 
 4.641588833612914e+06  2.474992714944069e+00 
 4.731512589614943e+06  2.442050768002292e+00 
 4.823178482239448e+06  2.408925548603650e+00 
 4.916620262745787e+06  2.375633554028831e+00 
 5.011872336272870e+06  2.342191450492605e+00 
 5.108969774507078e+06  2.308616038657883e+00 
 5.207948328595617e+06  2.274924219451952e+00 
 5.308844442310040e+06  2.241132960316308e+00 
 5.411695265464797e+06  2.207259262061451e+00 
 5.516538667595743e+06  2.173320126501616e+00 
 5.623413251903657e+06  2.139332524961534e+00 
 5.732358369467883e+06  2.105313367796918e+00 
 5.843414133735349e+06  2.071279475068458e+00 
 5.956621435290282e+06  2.037247548399291e+00 
 6.072021956910066e+06  2.003234144164407e+00 
 6.189658188912790e+06  1.969255648054988e+00 
 6.309573444802121e+06  1.935328251048034e+00 
 6.431811877215280e+06  1.901467926853805e+00 
 6.556418494179985e+06  1.867690410853768e+00 
 6.683439175686347e+06  1.834011180538198e+00 
 6.812920690579819e+06  1.800445437433466e+00 
 6.944910713781422e+06  1.767008090541538e+00 
 7.079457843841594e+06  1.733713741195014e+00 
 7.216611620834101e+06  1.700576669383334e+00 
 7.356422544596637e+06  1.667610821426238e+00 
 7.498942093324786e+06  1.634829799001106e+00 
 7.644222742526235e+06  1.602246849406371e+00 
 7.792317984342178e+06  1.569874857055060e+00 
 7.943282347243057e+06  1.537726336091906e+00 
 8.097171416105866e+06  1.505813424048079e+00 
 8.254041852680436e+06  1.474147876499587e+00 
 8.413951416452209e+06  1.442741062629817e+00 
 8.576958985909205e+06  1.411603961591055e+00 
 8.743124580221005e+06  1.380747159654054e+00 
 8.912509381337730e+06  1.350180847993891e+00 
 9.085175756517148e+06  1.319914821106934e+00 
 9.261187281288220e+06  1.289958475747541e+00 
 9.440608762859525e+06  1.260320810337393e+00 
 9.623506263981184e+06  1.231010424787801e+00 
 9.809947127269078e+06  1.202035520684953e+00 
 1.000000000000031e+07  1.173403901760972e+00 
 1.019373485938904e+07  1.145122974670007e+00 
 1.039122303835201e+07  1.117199749960360e+00 
 1.059253725177322e+07  1.089640843270777e+00 
 1.079775162327743e+07  1.062452476691233e+00 
 1.100694171252244e+07  1.035640480302318e+00 
 1.122018454301998e+07  1.009210293851432e+00 
 1.143755863049574e+07  9.831669685840585e-01 
 1.165914401179868e+07  9.575151692144415e-01 
 1.188502227437056e+07  9.322591760589358e-01 
 1.211527658628627e+07  9.074028873193358e-01 
 1.234999172687624e+07  8.829498215457455e-01 
 1.258925411794207e+07  8.589031202853310e-01 
 1.283315185557692e+07  8.352655509519818e-01 
 1.308177474260235e+07  8.120395099159561e-01 
 1.333521432163366e+07  7.892270258438461e-01 
 1.359356390878569e+07  7.668297633291127e-01 
 1.385691862803171e+07  7.448490268024068e-01 
 1.412537544622799e+07  7.232857647790617e-01 
 1.439903320881679e+07  7.021405744315630e-01 
 1.467799267622116e+07  6.814137065379140e-01 
 1.496235656094481e+07  6.611050707976702e-01 
 1.525222956539068e+07  6.412142415390109e-01 
 1.554771842041223e+07  6.217404638362741e-01 
 1.584893192461164e+07  6.026826600319984e-01 
 1.615598098439926e+07  5.840394366685869e-01 
 1.646897865482921e+07  5.658090918517636e-01 
 1.678804018122614e+07  5.479896230065076e-01 
 1.711328304161836e+07  5.305787350510615e-01 
 1.744482698999310e+07  5.135738489601898e-01 
 1.778279410038980e+07  4.969721107042962e-01 
 1.812730881184757e+07  4.807704005551351e-01 
 1.847849797422351e+07  4.649653427304990e-01 
 1.883649089489862e+07  4.495533153451933e-01 
 1.920141938638864e+07  4.345304606630452e-01 
 1.957341781487724e+07  4.198926955938923e-01 
 1.995262314968945e+07  4.056357224279953e-01 
 2.033917501372358e+07  3.917550397554481e-01 
 2.073321573486023e+07  3.782459535478672e-01 
 2.113489039836716e+07  3.651035883626518e-01 
 2.154434690031954e+07  3.523228986353198e-01 
 2.196173600205508e+07  3.398986800204851e-01 
 2.238721138568413e+07  3.278255807543233e-01 
 2.282092971067526e+07  3.160981129895124e-01 
 2.326305067153703e+07  3.047106640859385e-01 
 2.371373705661734e+07  2.936575078089811e-01 
 2.417315480804184e+07  2.829328154125285e-01 
 2.464147308281364e+07  2.725306665735637e-01 
 2.511886431509664e+07  2.624450601552080e-01 
 2.560550427970562e+07  2.526699247636532e-01 
 2.610157215682624e+07  2.431991290851223e-01 
 2.660725059798899e+07  2.340264919735866e-01 
 2.712272579332119e+07  2.251457922745264e-01 
 2.764818754010200e+07  2.165507783672254e-01 
 2.818382931264548e+07  2.082351774083996e-01 
 2.872984833353761e+07  2.001927042664133e-01 
 2.928644564625335e+07  1.924170701368924e-01 
 2.985382618918060e+07  1.849019908272047e-01 
 3.043219887107825e+07  1.776411947087899e-01 
 3.102177664799606e+07  1.706284303283184e-01 
 3.162277660168486e+07  1.638574736752726e-01 
 3.223542001952572e+07  1.573221351072340e-01 
 3.285993247600766e+07  1.510162659294765e-01 
 3.349654391578390e+07  1.449337646333541e-01 
 3.414548873833718e+07  1.390685827904724e-01 
 3.480700588428529e+07  1.334147306143816e-01 
 3.548133892335875e+07  1.279662821843137e-01 
 3.616873614408282e+07  1.227173803437488e-01 
 3.686945064519701e+07  1.176622412744559e-01 
 3.758374042884570e+07  1.127951587546323e-01 
 3.831186849557418e+07  1.081105081058946e-01 
 3.905410294116513e+07  1.036027498370877e-01 
 3.981071705535109e+07  9.926643299114066e-02 
 4.058198942243937e+07  9.509619820294829e-02 
 4.136820402388649e+07  9.108678047468413e-02 
 4.216965034285967e+07  8.723301167644226e-02 
 4.298662347082424e+07  8.352982278057154e-02 
 4.381942421619587e+07  7.997224583575836e-02 
 4.466835921509784e+07  7.655541568929465e-02 
 4.553374104426406e+07  7.327457146626505e-02 
 4.641588833612939e+07  7.012505781035461e-02 
 4.731512589614968e+07  6.710232589738341e-02 
 4.823178482239473e+07  6.420193422733758e-02 
 4.916620262745813e+07  6.141954920264844e-02 
 5.011872336272896e+07  5.875094550133692e-02 
 5.108969774507105e+07  5.619200625248124e-02 
 5.207948328595644e+07  5.373872302148754e-02 
 5.308844442310068e+07  5.138719561387231e-02 
 5.411695265464825e+07  4.913363170491837e-02 
 5.516538667595772e+07  4.697434630352547e-02 
 5.623413251903687e+07  4.490576105840749e-02 
 5.732358369467914e+07  4.292440341465115e-02 
 5.843414133735380e+07  4.102690562883943e-02 
 5.956621435290314e+07  3.921000365135831e-02 
 6.072021956910098e+07  3.747053588345531e-02 
 6.189658188912823e+07  3.580544181793705e-02 
 6.309573444802155e+07  3.421176057168480e-02 
 6.431811877215314e+07  3.268662931777218e-02 
 6.556418494180020e+07  3.122728162616574e-02 
 6.683439175686382e+07  2.983104572015066e-02 
 6.812920690579854e+07  2.849534265755835e-02 
 6.944910713781458e+07  2.721768444390972e-02 
 7.079457843841630e+07  2.599567208566088e-02 
 7.216611620834139e+07  2.482699359102546e-02 
 7.356422544596675e+07  2.370942192589498e-02 
 7.498942093324825e+07  2.264081293213107e-02 
 7.644222742526275e+07  2.161910321497782e-02 
 7.792317984342219e+07  2.064230800683798e-02 
 7.943282347243099e+07  1.970851901344513e-02 
 8.097171416105910e+07  1.881590224901674e-02 
 8.254041852680480e+07  1.796269586616379e-02 
 8.413951416452253e+07  1.714720798630755e-02 
 8.576958985909249e+07  1.636781453590729e-02 
 8.743124580221051e+07  1.562295709353584e-02 
 8.912509381337777e+07  1.491114075257501e-02 
 9.085175756517196e+07  1.423093200388552e-02 
 9.261187281288269e+07  1.358095664248378e-02 
 9.440608762859575e+07  1.295989770209404e-02 
 9.623506263981235e+07  1.236649342091747e-02 
 9.809947127269129e+07  1.179953524171770e-02 
 1.000000000000036e+08  1.125786584913039e-02 
 1.019373485938910e+08  1.074037724659407e-02 
 1.039122303835207e+08  1.024600887517546e-02 
 1.059253725177327e+08  9.773745776167160e-03 
 1.079775162327749e+08  9.322616799163843e-03 
 1.100694171252250e+08  8.891692856905256e-03 
 1.122018454302004e+08  8.480085228134614e-03 
 1.143755863049580e+08  8.086943909232737e-03 
 1.165914401179874e+08  7.711456015400721e-03 
 1.188502227437062e+08  7.352844231749379e-03 
 1.211527658628633e+08  7.010365314595540e-03 
 1.234999172687630e+08  6.683308642976339e-03 
 1.258925411794214e+08  6.370994820291342e-03 
 1.283315185557698e+08  6.072774325771673e-03 
 1.308177474260242e+08  5.788026215339073e-03 
 1.333521432163373e+08  5.516156871287676e-03 
 1.359356390878576e+08  5.256598800093656e-03 
 1.385691862803179e+08  5.008809477556182e-03 
 1.412537544622807e+08  4.772270240335709e-03 
 1.439903320881687e+08  4.546485222927702e-03 
 1.467799267622124e+08  4.330980338973475e-03 
 1.496235656094489e+08  4.125302305790670e-03 
 1.525222956539075e+08  3.929017710920381e-03 
 1.554771842041231e+08  3.741712119452670e-03 
 1.584893192461172e+08  3.562989220856395e-03 
 1.615598098439934e+08  3.392470014009703e-03 
 1.646897865482930e+08  3.229792029110642e-03 
 1.678804018122623e+08  3.074608585125144e-03 
 1.711328304161845e+08  2.926588081442392e-03 
 1.744482698999319e+08  2.785413322393897e-03 
 1.778279410038989e+08  2.650780873304366e-03 
 1.812730881184767e+08  2.522400446765902e-03 
 1.847849797422360e+08  2.399994317828359e-03 
 1.883649089489871e+08  2.283296766835335e-03 
 1.920141938638874e+08  2.172053548657083e-03 
 1.957341781487734e+08  2.066021387099967e-03 
 1.995262314968955e+08  1.964967493308756e-03 
 2.033917501372368e+08  1.868669107007184e-03 
 2.073321573486033e+08  1.776913059474830e-03 
 2.113489039836726e+08  1.689495357170993e-03 
 2.154434690031965e+08  1.606220784987570e-03 
 2.196173600205519e+08  1.526902528126732e-03 
 2.238721138568424e+08  1.451361811661072e-03 
 2.282092971067536e+08  1.379427556859080e-03 
 2.326305067153714e+08  1.310936053415175e-03 
 2.371373705661745e+08  1.245730646750252e-03 
 2.417315480804195e+08  1.183661439603014e-03 
 2.464147308281375e+08  1.124585007159286e-03 
 2.511886431509675e+08  1.068364125014613e-03 
 2.560550427970573e+08  1.014867509298659e-03 
 2.610157215682636e+08  9.639695683260228e-04 
 2.660725059798911e+08  9.155501651757637e-04 
 2.712272579332131e+08  8.694943906329945e-04 
 2.764818754010212e+08  8.256923459592497e-04 
 2.818382931264561e+08  7.840389349901483e-04 
 2.872984833353774e+08  7.444336650864132e-04 
 2.928644564625348e+08  7.067804564932875e-04 
 2.985382618918073e+08  6.709874596895627e-04 
 3.043219887107838e+08  6.369668803331728e-04 
 3.102177664799619e+08  6.046348114331387e-04 
 3.162277660168500e+08  5.739110724002499e-04 
 3.223542001952586e+08  5.447190546492857e-04 
 3.285993247600780e+08  5.169855734473087e-04 
 3.349654391578405e+08  4.906407257181607e-04 
 3.414548873833733e+08  4.656177535331728e-04 
 3.480700588428544e+08  4.418529130326079e-04 
 3.548133892335891e+08  4.192853485385430e-04 
 3.616873614408299e+08  3.978569716335498e-04 
 3.686945064519718e+08  3.775123449925594e-04 
 3.758374042884587e+08  3.581985707685455e-04 
 3.831186849557436e+08  3.398651833423066e-04 
 3.905410294116532e+08  3.224640462593402e-04 
 3.981071705535128e+08  3.059492531847103e-04 
 4.058198942243956e+08  2.902770327175408e-04 
 4.136820402388668e+08  2.754056569138336e-04 
 4.216965034285987e+08  2.612953533754649e-04 
 4.298662347082445e+08  2.479082207693395e-04 
 4.381942421619608e+08  2.352081476481153e-04 
 4.466835921509806e+08  2.231607344499118e-04 
 4.553374104426428e+08  2.117332185600403e-04 
 4.641588833612961e+08  2.008944023232730e-04 
 4.731512589614991e+08  1.906145839001305e-04 
 4.823178482239497e+08  1.808654908649229e-04 
 4.916620262745838e+08  1.716202164479431e-04 
 5.011872336272921e+08  1.628531583276940e-04 
 5.108969774507130e+08  1.545399598830707e-04 
 5.207948328595670e+08  1.466574538184136e-04 
 5.308844442310094e+08  1.391836080778732e-04 
 5.411695265464852e+08  1.320974739682093e-04 
 5.516538667595799e+08  1.253791364120404e-04 
 5.623413251903714e+08  1.190096662561817e-04 
 5.732358369467942e+08  1.129710745620375e-04 
 5.843414133735409e+08  1.072462688074371e-04 
 5.956621435290343e+08  1.018190109315078e-04 
 6.072021956910129e+08  9.667387715617135e-05 
 6.189658188912854e+08  9.179621951993145e-05 
 6.309573444802186e+08  8.717212906154121e-05 
 6.431811877215347e+08  8.278840059290560e-05 
 6.556418494180053e+08  7.863249900243146e-05 
 6.683439175686417e+08  7.469252703170252e-05 
 6.812920690579889e+08  7.095719447007517e-05 
 6.944910713781494e+08  6.741578871333258e-05 
 7.079457843841667e+08  6.405814663422251e-05 
 7.216611620834177e+08  6.087462771414765e-05 
 7.356422544596714e+08  5.785608838685823e-05 
 7.498942093324865e+08  5.499385754643641e-05 
 7.644222742526315e+08  5.227971317333635e-05 
 7.792317984342260e+08  4.970586003364101e-05 
 7.943282347243141e+08  4.726490840814645e-05 
 8.097171416105952e+08  4.494985380918898e-05 
 8.254041852680523e+08  4.275405764453208e-05 
 8.413951416452297e+08  4.067122878895397e-05 
 8.576958985909294e+08  3.869540602543667e-05 
 8.743124580221096e+08  3.682094131920314e-05 
 8.912509381337823e+08  3.504248388904124e-05 
 9.085175756517242e+08  3.335496504163525e-05 
 9.261187281288317e+08  3.175358373580234e-05 
 9.440608762859625e+08  3.023379284473429e-05 
 9.623506263981285e+08  2.879128608549761e-05 
 9.809947127269181e+08  2.742198558617603e-05 
 1.000000000000042e+09  2.612203006215877e-05 
