 frequency              onoise_spectrum        inoise_spectrum       
 1.000000000000000e+00  1.459384174480406e-05  3.612782403906738e-06 
 1.019373485938873e+00  1.447154011567749e-05  3.582505991334730e-06 
 1.039122303835169e+00  1.435027556997144e-05  3.552486314226600e-06 
 1.059253725177289e+00  1.423003919476772e-05  3.522721166143008e-06 
 1.079775162327710e+00  1.411082215490177e-05  3.493208359891903e-06 
 1.100694171252210e+00  1.399261569228313e-05  3.463945727362064e-06 
 1.122018454301964e+00  1.387541112520045e-05  3.434931119350011e-06 
 1.143755863049539e+00  1.375919984765391e-05  3.406162405395455e-06 
 1.165914401179832e+00  1.364397332867935e-05  3.377637473612874e-06 
 1.188502227437019e+00  1.352972311168876e-05  3.349354230529756e-06 
 1.211527658628589e+00  1.341644081380836e-05  3.321310600921154e-06 
 1.234999172687586e+00  1.330411812522333e-05  3.293504527649084e-06 
 1.258925411794168e+00  1.319274680853761e-05  3.265933971502216e-06 
 1.283315185557652e+00  1.308231869812782e-05  3.238596911037924e-06 
 1.308177474260195e+00  1.297282569951050e-05  3.211491342424008e-06 
 1.333521432163325e+00  1.286425978871136e-05  3.184615279283256e-06 
 1.359356390878527e+00  1.275661301164313e-05  3.157966752539657e-06 
 1.385691862803129e+00  1.264987748348491e-05  3.131543810263992e-06 
 1.412537544622755e+00  1.254404538807143e-05  3.105344517523636e-06 
 1.439903320881634e+00  1.243910897728514e-05  3.079366956231176e-06 
 1.467799267622071e+00  1.233506057045447e-05  3.053609224995923e-06 
 1.496235656094435e+00  1.223189255375853e-05  3.028069438976468e-06 
 1.525222956539020e+00  1.212959737963641e-05  3.002745729734276e-06 
 1.554771842041175e+00  1.202816756619639e-05  2.977636245087641e-06 
 1.584893192461115e+00  1.192759569664418e-05  2.952739148969881e-06 
 1.615598098439875e+00  1.182787441870059e-05  2.928052621285736e-06 
 1.646897865482870e+00  1.172899644403609e-05  2.903574857771077e-06 
 1.678804018122562e+00  1.163095454770243e-05  2.879304069851570e-06 
 1.711328304161782e+00  1.153374156757599e-05  2.855238484505715e-06 
 1.744482698999256e+00  1.143735040379903e-05  2.831376344126630e-06 
 1.778279410038925e+00  1.134177401823532e-05  2.807715906386313e-06 
 1.812730881184701e+00  1.124700543392019e-05  2.784255444100715e-06 
 1.847849797422293e+00  1.115303773452397e-05  2.760993245095747e-06 
 1.883649089489803e+00  1.105986406381255e-05  2.737927612074707e-06 
 1.920141938638804e+00  1.096747762512452e-05  2.715056862488100e-06 
 1.957341781487663e+00  1.087587168083706e-05  2.692379328401976e-06 
 1.995262314968882e+00  1.078503955185151e-05  2.669893356370351e-06 
 2.033917501372295e+00  1.069497461707256e-05  2.647597307306056e-06 
 2.073321573485958e+00  1.060567031290000e-05  2.625489556355424e-06 
 2.113489039836649e+00  1.051712013271974e-05  2.603568492771717e-06 
 2.154434690031886e+00  1.042931762640256e-05  2.581832519791617e-06 
 2.196173600205439e+00  1.034225639980539e-05  2.560280054511246e-06 
 2.238721138568343e+00  1.025593011427723e-05  2.538909527764088e-06 
 2.282092971067454e+00  1.017033248617377e-05  2.517719384000956e-06 
 2.326305067153629e+00  1.008545728636542e-05  2.496708081168018e-06 
 2.371373705661659e+00  1.000129833976461e-05  2.475874090589951e-06 
 2.417315480804108e+00  9.917849524844481e-06  2.455215896850243e-06 
 2.464147308281285e+00  9.835104773170725e-06  2.434731997676230e-06 
 2.511886431509584e+00  9.753058068930567e-06  2.414420903821705e-06 
 2.560550427970480e+00  9.671703448472525e-06  2.394281138953245e-06 
 2.610157215682541e+00  9.591034999844315e-06  2.374311239536065e-06 
 2.660725059798814e+00  9.511046862340637e-06  2.354509754721561e-06 
 2.712272579332033e+00  9.431733226049099e-06  2.334875246235504e-06 
 2.764818754010113e+00  9.353088331405644e-06  2.315406288267270e-06 
 2.818382931264459e+00  9.275106468750000e-06  2.296101467360398e-06 
 2.872984833353670e+00  9.197781977888253e-06  2.276959382304240e-06 
 2.928644564625242e+00  9.121109247654576e-06  2.257978644024960e-06 
 2.985382618917966e+00  9.045082715483044e-06  2.239157875480054e-06 
 3.043219887107728e+00  8.969696866979805e-06  2.220495711552400e-06 
 3.102177664799508e+00  8.894946235498152e-06  2.201990798944801e-06 
 3.162277660168387e+00  8.820825401717969e-06  2.183641796075902e-06 
 3.223542001952470e+00  8.747328993234397e-06  2.165447372978629e-06 
 3.285993247600662e+00  8.674451684139525e-06  2.147406211196366e-06 
 3.349654391578285e+00  8.602188194616581e-06  2.129517003682838e-06 
 3.414548873833610e+00  8.530533290535616e-06  2.111778454701425e-06 
 3.480700588428419e+00  8.459481783051391e-06  2.094189279726270e-06 
 3.548133892335763e+00  8.389028528204700e-06  2.076748205343052e-06 
 3.616873614408168e+00  8.319168426529243e-06  2.059453969152086e-06 
 3.686945064519584e+00  8.249896422659950e-06  2.042305319671176e-06 
 3.758374042884451e+00  8.181207504947907e-06  2.025301016240175e-06 
 3.831186849557297e+00  8.113096705071871e-06  2.008439828924926e-06 
 3.905410294116390e+00  8.045559097664592e-06  1.991720538424987e-06 
 3.981071705534982e+00  7.978589799929499e-06  1.975141935978072e-06 
 4.058198942243808e+00  7.912183971270841e-06  1.958702823269478e-06 
 4.136820402388517e+00  7.846336812922730e-06  1.942402012339372e-06 
 4.216965034285833e+00  7.781043567580300e-06  1.926238325491711e-06 
 4.298662347082288e+00  7.716299519039400e-06  1.910210595205577e-06 
 4.381942421619448e+00  7.652099991832655e-06  1.894317664044076e-06 
 4.466835921509642e+00  7.588440350875290e-06  1.878558384567717e-06 
 4.553374104426261e+00  7.525316001107926e-06  1.862931619245493e-06 
 4.641588833612791e+00  7.462722387148256e-06  1.847436240368209e-06 
 4.731512589614817e+00  7.400654992942301e-06  1.832071129963113e-06 
 4.823178482239319e+00  7.339109341419508e-06  1.816835179707812e-06 
 4.916620262745656e+00  7.278080994150735e-06  1.801727290845686e-06 
 5.011872336272736e+00  7.217565551011173e-06  1.786746374102820e-06 
 5.108969774506941e+00  7.157558649843187e-06  1.771891349603934e-06 
 5.207948328595478e+00  7.098055966125501e-06  1.757161146791070e-06 
 5.308844442309899e+00  7.039053212641770e-06  1.742554704341188e-06 
 5.411695265464652e+00  6.980546139154010e-06  1.728070970085585e-06 
 5.516538667595595e+00  6.922530532080794e-06  1.713708900929980e-06 
 5.623413251903506e+00  6.865002214174118e-06  1.699467462774569e-06 
 5.732358369467730e+00  6.807957044202141e-06  1.685345630435553e-06 
 5.843414133735193e+00  6.751390916634951e-06  1.671342387567516e-06 
 5.956621435290122e+00  6.695299761331265e-06  1.657456726585348e-06 
 6.072021956909904e+00  6.639679543228181e-06  1.643687648588165e-06 
 6.189658188912625e+00  6.584526262034842e-06  1.630034163282703e-06 
 6.309573444801952e+00  6.529835951929192e-06  1.616495288909048e-06 
 6.431811877215107e+00  6.475604681255968e-06  1.603070052164957e-06 
 6.556418494179809e+00  6.421828552226699e-06  1.589757488132586e-06 
 6.683439175686167e+00  6.368503700625814e-06  1.576556640204923e-06 
 6.812920690579634e+00  6.315626295514857e-06  1.563466560012972e-06 
 6.944910713781234e+00  6.263192538943894e-06  1.550486307354261e-06 
 7.079457843841402e+00  6.211198665661130e-06  1.537614950120789e-06 
 7.216611620833906e+00  6.159640942829443e-06  1.524851564229189e-06 
 7.356422544596438e+00  6.108515669740494e-06  1.512195233549443e-06 
 7.498942093324583e+00  6.057819177536329e-06  1.499645049836569e-06 
 7.644222742526028e+00  6.007547828930284e-06  1.487200112661048e-06 
 7.792317984341968e+00  5.957698017931235e-06  1.474859529340862e-06 
 7.943282347242842e+00  5.908266169570599e-06  1.462622414873584e-06 
 8.097171416105647e+00  5.859248739631245e-06  1.450487891869673e-06 
 8.254041852680212e+00  5.810642214379223e-06  1.438455090485734e-06 
 8.413951416451980e+00  5.762443110297739e-06  1.426523148358718e-06 
 8.576958985908970e+00  5.714647973823461e-06  1.414691210541109e-06 
 8.743124580220766e+00  5.667253381084436e-06  1.402958429435203e-06 
 8.912509381337486e+00  5.620255937642953e-06  1.391323964730070e-06 
 9.085175756516900e+00  5.573652278236691e-06  1.379786983337278e-06 
 9.261187281287969e+00  5.527439066525349e-06  1.368346659328307e-06 
 9.440608762859268e+00  5.481612994838384e-06  1.357002173871691e-06 
 9.623506263980921e+00  5.436170783925214e-06  1.345752715171974e-06 
 9.809947127268810e+00  5.391109182706218e-06  1.334597478406966e-06 
 1.000000000000004e+01  5.346424968028658e-06  1.323535665668344e-06 
 1.019373485938877e+01  5.302114944423161e-06  1.312566485900904e-06 
 1.039122303835173e+01  5.258175943861550e-06  1.301689154842499e-06 
 1.059253725177293e+01  5.214604825518512e-06  1.290902894965327e-06 
 1.079775162327714e+01  5.171398475534392e-06  1.280206935416966e-06 
 1.100694171252214e+01  5.128553806780272e-06  1.269600511962455e-06 
 1.122018454301968e+01  5.086067758625438e-06  1.259082866926415e-06 
 1.143755863049543e+01  5.043937296706286e-06  1.248653249136328e-06 
 1.165914401179836e+01  5.002159412697692e-06  1.238310913865393e-06 
 1.188502227437023e+01  4.960731124087048e-06  1.228055122776829e-06 
 1.211527658628593e+01  4.919649473948125e-06  1.217885143868073e-06 
 1.234999172687590e+01  4.878911530720330e-06  1.207800251415758e-06 
 1.258925411794172e+01  4.838514387985992e-06  1.197799725920977e-06 
 1.283315185557657e+01  4.798455164253345e-06  1.187882854055195e-06 
 1.308177474260200e+01  4.758731002738196e-06  1.178048928606471e-06 
 1.333521432163330e+01  4.719339071150828e-06  1.168297248426599e-06 
 1.359356390878532e+01  4.680276561480878e-06  1.158627118377746e-06 
 1.385691862803134e+01  4.641540689787985e-06  1.149037849280782e-06 
 1.412537544622761e+01  4.603128695992087e-06  1.139528757863475e-06 
 1.439903320881639e+01  4.565037843664789e-06  1.130099166708499e-06 
 1.467799267622076e+01  4.527265419825857e-06  1.120748404203236e-06 
 1.496235656094440e+01  4.489808734737918e-06  1.111475804489126e-06 
 1.525222956539026e+01  4.452665121705226e-06  1.102280707411525e-06 
 1.554771842041181e+01  4.415831936872759e-06  1.093162458470255e-06 
 1.584893192461121e+01  4.379306559029229e-06  1.084120408770657e-06 
 1.615598098439882e+01  4.343086389408713e-06  1.075153914974415e-06 
 1.646897865482876e+01  4.307168851497610e-06  1.066262339252205e-06 
 1.678804018122569e+01  4.271551390839075e-06  1.057445049234648e-06 
 1.711328304161789e+01  4.236231474844595e-06  1.048701417966107e-06 
 1.744482698999263e+01  4.201206592600477e-06  1.040030823856730e-06 
 1.778279410038932e+01  4.166474254683511e-06  1.031432650636655e-06 
 1.812730881184708e+01  4.132031992971742e-06  1.022906287309263e-06 
 1.847849797422300e+01  4.097877360461085e-06  1.014451128105911e-06 
 1.883649089489810e+01  4.064007931081536e-06  1.006066572440098e-06 
 1.920141938638811e+01  4.030421299516082e-06  9.977520248629432e-07 
 1.957341781487670e+01  3.997115081020109e-06  9.895068950183657e-07 
 1.995262314968890e+01  3.964086911243372e-06  9.813305975990098e-07 
 2.033917501372302e+01  3.931334446054152e-06  9.732225523026630e-07 
 2.073321573485966e+01  3.898855361360755e-06  9.651821837882632e-07 
 2.113489039836658e+01  3.866647352942652e-06  9.572089216338515e-07 
 2.154434690031895e+01  3.834708136274349e-06  9.493022002931008e-07 
 2.196173600205448e+01  3.803035446356167e-06  9.414614590533638e-07 
 2.238721138568352e+01  3.771627037545660e-06  9.336861419941296e-07 
 2.282092971067463e+01  3.740480683388893e-06  9.259756979449542e-07 
 2.326305067153639e+01  3.709594176454696e-06  9.183295804445764e-07 
 2.371373705661668e+01  3.678965328170059e-06  9.107472477002734e-07 
 2.417315480804117e+01  3.648591968656846e-06  9.032281625472366e-07 
 2.464147308281295e+01  3.618471946570058e-06  8.957717924087218e-07 
 2.511886431509594e+01  3.588603128936535e-06  8.883776092559531e-07 
 2.560550427970491e+01  3.558983400997478e-06  8.810450895692896e-07 
 2.610157215682552e+01  3.529610666049810e-06  8.737737142987268e-07 
 2.660725059798825e+01  3.500482845289575e-06  8.665629688255821e-07 
 2.712272579332044e+01  3.471597877658643e-06  8.594123429239378e-07 
 2.764818754010124e+01  3.442953719690186e-06  8.523213307228311e-07 
 2.818382931264470e+01  3.414548345355898e-06  8.452894306683029e-07 
 2.872984833353682e+01  3.386379745916741e-06  8.383161454863898e-07 
 2.928644564625254e+01  3.358445929772822e-06  8.314009821460568e-07 
 2.985382618917978e+01  3.330744922314789e-06  8.245434518223770e-07 
 3.043219887107740e+01  3.303274765777134e-06  8.177430698601799e-07 
 3.102177664799520e+01  3.276033519093614e-06  8.109993557383425e-07 
 3.162277660168399e+01  3.249019257751713e-06  8.043118330335340e-07 
 3.223542001952483e+01  3.222230073650652e-06  7.976800293854378e-07 
 3.285993247600675e+01  3.195664074958481e-06  7.911034764610384e-07 
 3.349654391578298e+01  3.169319385972778e-06  7.845817099204164e-07 
 3.414548873833623e+01  3.143194146980533e-06  7.781142693816923e-07 
 3.480700588428433e+01  3.117286514120709e-06  7.717006983874906e-07 
 3.548133892335778e+01  3.091594659246941e-06  7.653405443704201e-07 
 3.616873614408183e+01  3.066116769791820e-06  7.590333586199810e-07 
 3.686945064519600e+01  3.040851048633703e-06  7.527786962491884e-07 
 3.758374042884466e+01  3.015795713961122e-06  7.465761161612067e-07 
 3.831186849557313e+01  2.990948999143158e-06  7.404251810172581e-07 
 3.905410294116406e+01  2.966309152596726e-06  7.343254572037620e-07 
 3.981071705534999e+01  2.941874437657496e-06  7.282765148003228e-07 
 4.058198942243826e+01  2.917643132451844e-06  7.222779275479621e-07 
 4.136820402388535e+01  2.893613529767865e-06  7.163292728175310e-07 
 4.216965034285851e+01  2.869783936930342e-06  7.104301315781903e-07 
 4.298662347082306e+01  2.846152675674604e-06  7.045800883667751e-07 
 4.381942421619467e+01  2.822718082022996e-06  6.987787312568528e-07 
 4.466835921509661e+01  2.799478506160981e-06  6.930256518281695e-07 
 4.553374104426280e+01  2.776432312316130e-06  6.873204451365873e-07 
 4.641588833612811e+01  2.753577878636193e-06  6.816627096840273e-07 
 4.731512589614837e+01  2.730913597069848e-06  6.760520473889850e-07 
 4.823178482239340e+01  2.708437873247393e-06  6.704880635568237e-07 
 4.916620262745678e+01  2.686149126363510e-06  6.649703668508025e-07 
 5.011872336272758e+01  2.664045789060029e-06  6.594985692632348e-07 
 5.108969774506964e+01  2.642126307310169e-06  6.540722860865459e-07 
 5.207948328595500e+01  2.620389140304084e-06  6.486911358851557e-07 
 5.308844442309921e+01  2.598832760335410e-06  6.433547404672617e-07 
 5.411695265464675e+01  2.577455652687418e-06  6.380627248569159e-07 
 5.516538667595619e+01  2.556256315522557e-06  6.328147172661547e-07 
 5.623413251903531e+01  2.535233259771084e-06  6.276103490679920e-07 
 5.732358369467754e+01  2.514385009020896e-06  6.224492547688189e-07 
 5.843414133735218e+01  2.493710099409601e-06  6.173310719818460e-07 
 5.956621435290148e+01  2.473207079515725e-06  6.122554413999464e-07 
 6.072021956909929e+01  2.452874510252509e-06  6.072220067696842e-07 
 6.189658188912651e+01  2.432710964761506e-06  6.022304148647118e-07 
 6.309573444801979e+01  2.412715028307484e-06  5.972803154599013e-07 
 6.431811877215135e+01  2.392885298174589e-06  5.923713613054619e-07 
 6.556418494179837e+01  2.373220383562485e-06  5.875032081015496e-07 
 6.683439175686196e+01  2.353718905484770e-06  5.826755144728382e-07 
 6.812920690579664e+01  2.334379496667023e-06  5.778879419432452e-07 
 6.944910713781265e+01  2.315200801446421e-06  5.731401549113450e-07 
 7.079457843841433e+01  2.296181475671948e-06  5.684318206254959e-07 
 7.216611620833937e+01  2.277320186605813e-06  5.637626091593852e-07 
 7.356422544596469e+01  2.258615612824994e-06  5.591321933878068e-07 
 7.498942093324617e+01  2.240066444124922e-06  5.545402489627670e-07 
 7.644222742526063e+01  2.221671381422516e-06  5.499864542893492e-07 
 7.792317984342003e+01  2.203429136661100e-06  5.454704905024110e-07 
 7.943282347242878e+01  2.185338432715720e-06  5.409920414428911e-07 
 8.097171416105684e+01  2.167398003299888e-06  5.365507936348541e-07 
 8.254041852680250e+01  2.149606592871801e-06  5.321464362624332e-07 
 8.413951416452018e+01  2.131962956542876e-06  5.277786611467964e-07 
 8.576958985909010e+01  2.114465859986013e-06  5.234471627238266e-07 
 8.743124580220807e+01  2.097114079345619e-06  5.191516380216462e-07 
 8.912509381337527e+01  2.079906401147383e-06  5.148917866382805e-07 
 9.085175756516942e+01  2.062841622209434e-06  5.106673107196820e-07 
 9.261187281288011e+01  2.045918549554519e-06  5.064779149381119e-07 
 9.440608762859311e+01  2.029136000322141e-06  5.023233064701826e-07 
 9.623506263980966e+01  2.012492801681980e-06  4.982031949755915e-07 
 9.809947127268855e+01  1.995987790748734e-06  4.941172925759631e-07 
 1.000000000000008e+02  1.979619814495608e-06  4.900653138334391e-07 
 1.019373485938881e+02  1.963387729671583e-06  4.860469757302530e-07 
 1.039122303835178e+02  1.947290402716335e-06  4.820619976475093e-07 
 1.059253725177298e+02  1.931326709677939e-06  4.781101013450083e-07 
 1.079775162327719e+02  1.915495536131089e-06  4.741910109409467e-07 
 1.100694171252219e+02  1.899795777094434e-06  4.703044528913493e-07 
 1.122018454301973e+02  1.884226336951192e-06  4.664501559705003e-07 
 1.143755863049548e+02  1.868786129367904e-06  4.626278512508528e-07 
 1.165914401179842e+02  1.853474077216165e-06  4.588372720835685e-07 
 1.188502227437029e+02  1.838289112492564e-06  4.550781540788358e-07 
 1.211527658628599e+02  1.823230176242066e-06  4.513502350867242e-07 
 1.234999172687595e+02  1.808296218479962e-06  4.476532551780113e-07 
 1.258925411794178e+02  1.793486198115202e-06  4.439869566251314e-07 
 1.283315185557662e+02  1.778799082874887e-06  4.403510838835005e-07 
 1.308177474260206e+02  1.764233849228212e-06  4.367453835726571e-07 
 1.333521432163336e+02  1.749789482312727e-06  4.331696044580741e-07 
 1.359356390878538e+02  1.735464975859471e-06  4.296234974325566e-07 
 1.385691862803140e+02  1.721259332120144e-06  4.261068154983330e-07 
 1.412537544622767e+02  1.707171561794177e-06  4.226193137487759e-07 
 1.439903320881646e+02  1.693200683956747e-06  4.191607493508082e-07 
 1.467799267622083e+02  1.679345725987164e-06  4.157308815270417e-07 
 1.496235656094447e+02  1.665605723498032e-06  4.123294715383652e-07 
 1.525222956539033e+02  1.651979720265274e-06  4.089562826664238e-07 
 1.554771842041188e+02  1.638466768158134e-06  4.056110801964512e-07 
 1.584893192461128e+02  1.625065927070580e-06  4.022936314003143e-07 
 1.615598098439889e+02  1.611776264852287e-06  3.990037055192669e-07 
 1.646897865482883e+02  1.598596857241633e-06  3.957410737474884e-07 
 1.678804018122576e+02  1.585526787797650e-06  3.925055092151896e-07 
 1.711328304161796e+02  1.572565147834100e-06  3.892967869722982e-07 
 1.744482698999270e+02  1.559711036352792e-06  3.861146839720394e-07 
 1.778279410038939e+02  1.546963559978304e-06  3.829589790545950e-07 
 1.812730881184716e+02  1.534321832893660e-06  3.798294529312873e-07 
 1.847849797422308e+02  1.521784976774704e-06  3.767258881684013e-07 
 1.883649089489818e+02  1.509352120727396e-06  3.736480691715322e-07 
 1.920141938638820e+02  1.497022401224267e-06  3.705957821698980e-07 
 1.957341781487679e+02  1.484794962041388e-06  3.675688152007984e-07 
 1.995262314968899e+02  1.472668954196531e-06  3.645669580942014e-07 
 2.033917501372311e+02  1.460643535887720e-06  3.615900024576047e-07 
 2.073321573485975e+02  1.448717872431611e-06  3.586377416607691e-07 
 2.113489039836667e+02  1.436891136203468e-06  3.557099708208717e-07 
 2.154434690031904e+02  1.425162506576631e-06  3.528064867874224e-07 
 2.196173600205457e+02  1.413531169863674e-06  3.499270881278867e-07 
 2.238721138568361e+02  1.401996319256804e-06  3.470715751126996e-07 
 2.282092971067473e+02  1.390557154769655e-06  3.442397497010854e-07 
 2.326305067153649e+02  1.379212883179289e-06  3.414314155265164e-07 
 2.371373705661678e+02  1.367962717968709e-06  3.386463778826110e-07 
 2.417315480804128e+02  1.356805879270020e-06  3.358844437089342e-07 
 2.464147308281306e+02  1.345741593807606e-06  3.331454215771293e-07 
 2.511886431509605e+02  1.334769094842361e-06  3.304291216768344e-07 
 2.560550427970502e+02  1.323887622116655e-06  3.277353558023303e-07 
 2.610157215682563e+02  1.313096421798243e-06  3.250639373384781e-07 
 2.660725059798837e+02  1.302394746426679e-06  3.224146812475345e-07 
 2.712272579332056e+02  1.291781854858689e-06  3.197874040555786e-07 
 2.764818754010136e+02  1.281257012215062e-06  3.171819238394511e-07 
 2.818382931264483e+02  1.270819489827025e-06  3.145980602133451e-07 
 2.872984833353694e+02  1.260468565183649e-06  3.120356343159166e-07 
 2.928644564625267e+02  1.250203521879996e-06  3.094944687973816e-07 
 2.985382618917990e+02  1.240023649564891e-06  3.069743878065583e-07 
 3.043219887107753e+02  1.229928243889706e-06  3.044752169782813e-07 
 3.102177664799533e+02  1.219916606457916e-06  3.019967834208336e-07 
 3.162277660168412e+02  1.209988044773915e-06  2.995389157033170e-07 
 3.223542001952496e+02  1.200141872193539e-06  2.971014438433647e-07 
 3.285993247600689e+02  1.190377407874417e-06  2.946841992948900e-07 
 3.349654391578312e+02  1.180693976726644e-06  2.922870149358966e-07 
 3.414548873833638e+02  1.171090909364264e-06  2.899097250563378e-07 
 3.480700588428447e+02  1.161567542056832e-06  2.875521653463166e-07 
 3.548133892335792e+02  1.152123216681674e-06  2.852141728841189e-07 
 3.616873614408197e+02  1.142757280676234e-06  2.828955861244710e-07 
 3.686945064519614e+02  1.133469086990983e-06  2.805962448869064e-07 
 3.758374042884482e+02  1.124257994043321e-06  2.783159903442922e-07 
 3.831186849557329e+02  1.115123365670384e-06  2.760546650112251e-07 
 3.905410294116422e+02  1.106064571084081e-06  2.738121127327966e-07 
 3.981071705535015e+02  1.097080984825131e-06  2.715881786733083e-07 
 4.058198942243842e+02  1.088171986718126e-06  2.693827093051403e-07 
 4.136820402388552e+02  1.079336961827029e-06  2.671955523976492e-07 
 4.216965034285868e+02  1.070575300410317e-06  2.650265570061677e-07 
 4.298662347082324e+02  1.061886397878006e-06  2.628755734612981e-07 
 4.381942421619485e+02  1.053269654747325e-06  2.607424533579808e-07 
 4.466835921509680e+02  1.044724476599752e-06  2.586270495448061e-07 
 4.553374104426299e+02  1.036250274038573e-06  2.565292161135822e-07 
 4.641588833612830e+02  1.027846462645962e-06  2.544488083886226e-07 
 4.731512589614857e+02  1.019512462941388e-06  2.523856829165523e-07 
 4.823178482239360e+02  1.011247700339671e-06  2.503396974557891e-07 
 4.916620262745698e+02  1.003051605109506e-06  2.483107109664625e-07 
 5.011872336272779e+02  9.949236123330617e-07  2.462985836002128e-07 
 5.108969774506985e+02  9.868631618647170e-07  2.443031766900850e-07 
 5.207948328595522e+02  9.788696982911454e-07  2.423243527406553e-07 
 5.308844442309944e+02  9.709426708913424e-07  2.403619754181299e-07 
 5.411695265464699e+02  9.630815335969492e-07  2.384159095404275e-07 
 5.516538667595644e+02  9.552857449532332e-07  2.364860210676758e-07 
 5.623413251903556e+02  9.475547680798111e-07  2.345721770923655e-07 
 5.732358369467780e+02  9.398880706325022e-07  2.326742458299561e-07 
 5.843414133735243e+02  9.322851247647271e-07  2.307920966093248e-07 
 5.956621435290174e+02  9.247454070898832e-07  2.289255998634205e-07 
 6.072021956909956e+02  9.172683986435379e-07  2.270746271199716e-07 
 6.189658188912678e+02  9.098535848463591e-07  2.252390509922092e-07 
 6.309573444802006e+02  9.025004554669846e-07  2.234187451697626e-07 
 6.431811877215163e+02  8.952085045854540e-07  2.216135844095679e-07 
 6.556418494179866e+02  8.879772305570326e-07  2.198234445268918e-07 
 6.683439175686225e+02  8.808061359761486e-07  2.180482023864762e-07 
 6.812920690579693e+02  8.736947276404733e-07  2.162877358935767e-07 
 6.944910713781295e+02  8.666425165158010e-07  2.145419239852977e-07 
 7.079457843841464e+02  8.596490177008991e-07  2.128106466218735e-07 
 7.216611620833969e+02  8.527137503927260e-07  2.110937847780844e-07 
 7.356422544596502e+02  8.458362378517820e-07  2.093912204346600e-07 
 7.498942093324649e+02  8.390160073682425e-07  2.077028365698992e-07 
 7.644222742526096e+02  8.322525902276594e-07  2.060285171511899e-07 
 7.792317984342036e+02  8.255455216777680e-07  2.043681471267661e-07 
 7.943282347242912e+02  8.188943408946686e-07  2.027216124173526e-07 
 8.097171416105718e+02  8.122985909503560e-07  2.010887999081735e-07 
 8.254041852680285e+02  8.057578187794668e-07  1.994695974405982e-07 
 8.413951416452054e+02  7.992715751470831e-07  1.978638938043062e-07 
 8.576958985909047e+02  7.928394146164068e-07  1.962715787292015e-07 
 8.743124580220845e+02  7.864608955168190e-07  1.946925428775222e-07 
 8.912509381337566e+02  7.801355799123623e-07  1.931266778360698e-07 
 9.085175756516981e+02  7.738630335702672e-07  1.915738761083849e-07 
 9.261187281288051e+02  7.676428259296663e-07  1.900340311069890e-07 
 9.440608762859353e+02  7.614745300711066e-07  1.885070371458876e-07 
 9.623506263981008e+02  7.553577226854432e-07  1.869927894328431e-07 
 9.809947127268898e+02  7.492919840440864e-07  1.854911840619892e-07 
 1.000000000000013e+03  7.432768979684733e-07  1.840021180062892e-07 
 1.019373485938886e+03  7.373120518003387e-07  1.825254891102200e-07 
 1.039122303835182e+03  7.313970363723843e-07  1.810611960824099e-07 
 1.059253725177302e+03  7.255314459785927e-07  1.796091384884009e-07 
 1.079775162327723e+03  7.197148783453453e-07  1.781692167434333e-07 
 1.100694171252224e+03  7.139469346026591e-07  1.767413321053495e-07 
 1.122018454301978e+03  7.082272192555791e-07  1.753253866674731e-07 
 1.143755863049553e+03  7.025553401555409e-07  1.739212833515764e-07 
 1.165914401179847e+03  6.969309084726372e-07  1.725289259010175e-07 
 1.188502227437034e+03  6.913535386676668e-07  1.711482188737193e-07 
 1.211527658628604e+03  6.858228484642278e-07  1.697790676354001e-07 
 1.234999172687601e+03  6.803384588217790e-07  1.684213783528134e-07 
 1.258925411794184e+03  6.748999939079648e-07  1.670750579869178e-07 
 1.283315185557668e+03  6.695070810720536e-07  1.657400142863291e-07 
 1.308177474260211e+03  6.641593508181340e-07  1.644161557806317e-07 
 1.333521432163342e+03  6.588564367783413e-07  1.631033917738326e-07 
 1.359356390878544e+03  6.535979756869727e-07  1.618016323378473e-07 
 1.385691862803146e+03  6.483836073543028e-07  1.605107883060985e-07 
 1.412537544622773e+03  6.432129746406139e-07  1.592307712670809e-07 
 1.439903320881652e+03  6.380857234305813e-07  1.579614935579803e-07 
 1.467799267622089e+03  6.330015026081356e-07  1.567028682584678e-07 
 1.496235656094454e+03  6.279599640310413e-07  1.554548091844496e-07 
 1.525222956539040e+03  6.229607625057716e-07  1.542172308817659e-07 
 1.554771842041195e+03  6.180035557631560e-07  1.529900486202307e-07 
 1.584893192461135e+03  6.130880044333409e-07  1.517731783874133e-07 
 1.615598098439896e+03  6.082137720217337e-07  1.505665368826642e-07 
 1.646897865482891e+03  6.033805248847507e-07  1.493700415111378e-07 
 1.678804018122584e+03  5.985879322057199e-07  1.481836103778189e-07 
 1.711328304161804e+03  5.938356659713101e-07  1.470071622816923e-07 
 1.744482698999278e+03  5.891234009477297e-07  1.458406167098340e-07 
 1.778279410038948e+03  5.844508146575594e-07  1.446838938316729e-07 
 1.812730881184724e+03  5.798175873565076e-07  1.435369144932967e-07 
 1.847849797422317e+03  5.752234020102571e-07  1.423996002116222e-07 
 1.883649089489827e+03  5.706679442717749e-07  1.412718731688689e-07 
 1.920141938638829e+03  5.661509024587259e-07  1.401536562069274e-07 
 1.957341781487688e+03  5.616719675308889e-07  1.390448728217605e-07 
 1.995262314968908e+03  5.572308330681221e-07  1.379454471579655e-07 
 2.033917501372321e+03  5.528271952479281e-07  1.368553040032102e-07 
 2.073321573485985e+03  5.484607528240157e-07  1.357743687829518e-07 
 2.113489039836677e+03  5.441312071040795e-07  1.347025675548921e-07 
 2.154434690031915e+03  5.398382619286618e-07  1.336398270038045e-07 
 2.196173600205468e+03  5.355816236495820e-07  1.325860744361292e-07 
 2.238721138568372e+03  5.313610011086292e-07  1.315412377747384e-07 
 2.282092971067484e+03  5.271761056169526e-07  1.305052455538186e-07 
 2.326305067153660e+03  5.230266509336363e-07  1.294780269136218e-07 
 2.371373705661690e+03  5.189123532453297e-07  1.284595115953321e-07 
 2.417315480804139e+03  5.148329311457674e-07  1.274496299360406e-07 
 2.464147308281318e+03  5.107881056153049e-07  1.264483128637059e-07 
 2.511886431509617e+03  5.067776000005544e-07  1.254554918920678e-07 
 2.560550427970514e+03  5.028011399945981e-07  1.244710991157944e-07 
 2.610157215682575e+03  4.988584536169559e-07  1.234950672054758e-07 
 2.660725059798849e+03  4.949492711939345e-07  1.225273294028097e-07 
 2.712272579332068e+03  4.910733253389298e-07  1.215678195156741e-07 
 2.764818754010148e+03  4.872303509331111e-07  1.206164719133986e-07 
 2.818382931264496e+03  4.834200851061249e-07  1.196732215219312e-07 
 2.872984833353707e+03  4.796422672169475e-07  1.187380038191662e-07 
 2.928644564625281e+03  4.758966388349704e-07  1.178107548302147e-07 
 2.985382618918004e+03  4.721829437209807e-07  1.168914111227034e-07 
 3.043219887107768e+03  4.685009278089191e-07  1.159799098022693e-07 
 3.102177664799548e+03  4.648503391867646e-07  1.150761885078349e-07 
 3.162277660168427e+03  4.612309280785767e-07  1.141801854071418e-07 
 3.223542001952512e+03  4.576424468261574e-07  1.132918391922322e-07 
 3.285993247600705e+03  4.540846498706569e-07  1.124110890748980e-07 
 3.349654391578328e+03  4.505572937351344e-07  1.115378747823220e-07 
 3.414548873833654e+03  4.470601370061603e-07  1.106721365526095e-07 
 3.480700588428464e+03  4.435929403164901e-07  1.098138151303911e-07 
 3.548133892335809e+03  4.401554663272454e-07  1.089628517625326e-07 
 3.616873614408215e+03  4.367474797106595e-07  1.081191881937599e-07 
 3.686945064519632e+03  4.333687471326920e-07  1.072827666624105e-07 
 3.758374042884499e+03  4.300190372358794e-07  1.064535298961862e-07 
 3.831186849557347e+03  4.266981206221454e-07  1.056314211078903e-07 
 3.905410294116440e+03  4.234057698361384e-07  1.048163839912938e-07 
 3.981071705535034e+03  4.201417593480764e-07  1.040083627169391e-07 
 4.058198942243861e+03  4.169058655374598e-07  1.032073019280085e-07 
 4.136820402388571e+03  4.136978666761283e-07  1.024131467362629e-07 
 4.216965034285888e+03  4.105175429121666e-07  1.016258427179534e-07 
 4.298662347082343e+03  4.073646762533341e-07  1.008453359097837e-07 
 4.381942421619505e+03  4.042390505509839e-07  1.000715728048635e-07 
 4.466835921509701e+03  4.011404514839340e-07  9.930450034882379e-08 
 4.553374104426321e+03  3.980686665424991e-07  9.854406593576424e-08 
 4.641588833612851e+03  3.950234850126635e-07  9.779021740437501e-08 
 4.731512589614878e+03  3.920046979604143e-07  9.704290303406695e-08 
 4.823178482239382e+03  3.890120982157352e-07  9.630207154102848e-08 
 4.916620262745721e+03  3.860454803575746e-07  9.556767207447012e-08 
 5.011872336272801e+03  3.831046406982178e-07  9.483965421275723e-08 
 5.108969774507008e+03  3.801893772678757e-07  9.411796795961741e-08 
 5.207948328595546e+03  3.772994897995409e-07  9.340256374041566e-08 
 5.308844442309967e+03  3.744347797140293e-07  9.269339239839799e-08 
 5.411695265464722e+03  3.715950501048047e-07  9.199040519097616e-08 
 5.516538667595667e+03  3.687801057230865e-07  9.129355378605169e-08 
 5.623413251903579e+03  3.659897529632174e-07  9.060279025836004e-08 
 5.732358369467805e+03  3.632237998478382e-07  8.991806708581005e-08 
 5.843414133735268e+03  3.604820560132609e-07  8.923933714591724e-08 
 5.956621435290199e+03  3.577643326951319e-07  8.856655371218347e-08 
 6.072021956909982e+03  3.550704427137675e-07  8.789967045053748e-08 
 6.189658188912704e+03  3.524002004601281e-07  8.723864141580759e-08 
 6.309573444802033e+03  3.497534218814430e-07  8.658342104820486e-08 
 6.431811877215190e+03  3.471299244670680e-07  8.593396416982139e-08 
 6.556418494179894e+03  3.445295272345623e-07  8.529022598115596e-08 
 6.683439175686253e+03  3.419520507155895e-07  8.465216205769217e-08 
 6.812920690579723e+03  3.393973169422479e-07  8.401972834644233e-08 
 6.944910713781324e+03  3.368651494331604e-07  8.339288116256303e-08 
 7.079457843841494e+03  3.343553731799009e-07  8.277157718596785e-08 
 7.216611620834000e+03  3.318678146332670e-07  8.215577345796981e-08 
 7.356422544596533e+03  3.294023016899593e-07  8.154542737793196e-08 
 7.498942093324681e+03  3.269586636790078e-07  8.094049669995987e-08 
 7.644222742526128e+03  3.245367313484281e-07  8.034093952961448e-08 
 7.792317984342069e+03  3.221363368521269e-07  7.974671432059793e-08 
 7.943282347242946e+03  3.197573137365299e-07  7.915777987154020e-08 
 8.097171416105754e+03  3.173994969275693e-07  7.857409532273827e-08 
 8.254041852680322e+03  3.150627227177376e-07  7.799562015293363e-08 
 8.413951416452092e+03  3.127468287530102e-07  7.742231417614416e-08 
 8.576958985909085e+03  3.104516540200874e-07  7.685413753844998e-08 
 8.743124580220883e+03  3.081770388335414e-07  7.629105071486722e-08 
 8.912509381337606e+03  3.059228248231640e-07  7.573301450618385e-08 
 9.085175756517023e+03  3.036888549213068e-07  7.517999003585500e-08 
 9.261187281288094e+03  3.014749733503375e-07  7.463193874689290e-08 
 9.440608762859396e+03  2.992810256101166e-07  7.408882239878183e-08 
 9.623506263981051e+03  2.971068584656058e-07  7.355060306441908e-08 
 9.809947127268942e+03  2.949523199345468e-07  7.301724312706775e-08 
 1.000000000000017e+04  2.928172592752115e-07  7.248870527732237e-08 
 1.019373485938890e+04  2.907015269740503e-07  7.196495251009397e-08 
 1.039122303835187e+04  2.886049747338149e-07  7.144594812163033e-08 
 1.059253725177307e+04  2.865274554612876e-07  7.093165570652239e-08 
 1.079775162327729e+04  2.844688232553879e-07  7.042203915475710e-08 
 1.100694171252229e+04  2.824289333952220e-07  6.991706264877957e-08 
 1.122018454301983e+04  2.804076423282680e-07  6.941669066055437e-08 
 1.143755863049558e+04  2.784048076585310e-07  6.892088794866438e-08 
 1.165914401179852e+04  2.764202881348408e-07  6.842961955542647e-08 
 1.188502227437039e+04  2.744539436392684e-07  6.794285080400140e-08 
 1.211527658628610e+04  2.725056351753990e-07  6.746054729556416e-08 
 1.234999172687607e+04  2.705752248569673e-07  6.698267490642833e-08 
 1.258925411794190e+04  2.686625758962786e-07  6.650919978525530e-08 
 1.283315185557674e+04  2.667675525928688e-07  6.604008835022630e-08 
 1.308177474260217e+04  2.648900203221941e-07  6.557530728625365e-08 
 1.333521432163348e+04  2.630298455243142e-07  6.511482354222108e-08 
 1.359356390878550e+04  2.611868956927430e-07  6.465860432819674e-08 
 1.385691862803152e+04  2.593610393632944e-07  6.420661711272402e-08 
 1.412537544622780e+04  2.575521461030070e-07  6.375882962007948e-08 
 1.439903320881659e+04  2.557600864991434e-07  6.331520982755475e-08 
 1.467799267622096e+04  2.539847321482565e-07  6.287572596277917e-08 
 1.496235656094461e+04  2.522259556452384e-07  6.244034650103396e-08 
 1.525222956539047e+04  2.504836305726590e-07  6.200904016261359e-08 
 1.554771842041202e+04  2.487576314897556e-07  6.158177591011245e-08 
 1.584893192461143e+04  2.470478339219961e-07  6.115852294589350e-08 
 1.615598098439904e+04  2.453541143503529e-07  6.073925070940995e-08 
 1.646897865482899e+04  2.436763502006780e-07  6.032392887463219e-08 
 1.678804018122592e+04  2.420144198332625e-07  5.991252734746106e-08 
 1.711328304161813e+04  2.403682025324376e-07  5.950501626317035e-08 
 1.744482698999287e+04  2.387375784960491e-07  5.910136598385764e-08 
 1.778279410038956e+04  2.371224288253186e-07  5.870154709591782e-08 
 1.812730881184733e+04  2.355226355144672e-07  5.830553040752399e-08 
 1.847849797422326e+04  2.339380814406194e-07  5.791328694613737e-08 
 1.883649089489836e+04  2.323686503536189e-07  5.752478795602487e-08 
 1.920141938638838e+04  2.308142268659853e-07  5.714000489579750e-08 
 1.957341781487698e+04  2.292746964429775e-07  5.675890943596307e-08 
 1.995262314968918e+04  2.277499453925781e-07  5.638147345649910e-08 
 2.033917501372331e+04  2.262398608556943e-07  5.600766904444259e-08 
 2.073321573485995e+04  2.247443307963736e-07  5.563746849149971e-08 
 2.113489039836688e+04  2.232632439920821e-07  5.527084429167207e-08 
 2.154434690031925e+04  2.217964900238738e-07  5.490776913886500e-08 
 2.196173600205479e+04  2.203439592671099e-07  5.454821592460349e-08 
 2.238721138568383e+04  2.189055428816711e-07  5.419215773567846e-08 
 2.282092971067495e+04  2.174811328027838e-07  5.383956785188700e-08 
 2.326305067153671e+04  2.160706217311205e-07  5.349041974358315e-08 
 2.371373705661701e+04  2.146739031239299e-07  5.314468706965002e-08 
 2.417315480804151e+04  2.132908711858566e-07  5.280234367511216e-08 
 2.464147308281330e+04  2.119214208594227e-07  5.246336358893256e-08 
 2.511886431509629e+04  2.105654478161485e-07  5.212772102180350e-08 
 2.560550427970526e+04  2.092228484474374e-07  5.179539036395690e-08 
 2.610157215682588e+04  2.078935198556588e-07  5.146634618299940e-08 
 2.660725059798862e+04  2.065773598452970e-07  5.114056322178515e-08 
 2.712272579332082e+04  2.052742669138961e-07  5.081801639619790e-08 
 2.764818754010162e+04  2.039841402437715e-07  5.049868079316925e-08 
 2.818382931264510e+04  2.027068796929950e-07  5.018253166851145e-08 
 2.872984833353721e+04  2.014423857869525e-07  4.986954444486935e-08 
 2.928644564625295e+04  2.001905597098105e-07  4.955969470967455e-08 
 2.985382618918019e+04  1.989513032960913e-07  4.925295821312533e-08 
 3.043219887107782e+04  1.977245190223510e-07  4.894931086617941e-08 
 3.102177664799563e+04  1.965101099989295e-07  4.864872873858168e-08 
 3.162277660168443e+04  1.953079799617047e-07  4.835118805690174e-08 
 3.223542001952527e+04  1.941180332640327e-07  4.805666520260432e-08 
 3.285993247600720e+04  1.929401748687643e-07  4.776513671015521e-08 
 3.349654391578344e+04  1.917743103401653e-07  4.747657926505600e-08 
 3.414548873833670e+04  1.906203458362634e-07  4.719096970209710e-08 
 3.480700588428481e+04  1.894781881009583e-07  4.690828500344288e-08 
 3.548133892335826e+04  1.883477444563374e-07  4.662850229685152e-08 
 3.616873614408232e+04  1.872289227950883e-07  4.635159885379395e-08 
 3.686945064519650e+04  1.861216315730262e-07  4.607755208785538e-08 
 3.758374042884518e+04  1.850257798017311e-07  4.580633955285431e-08 
 3.831186849557365e+04  1.839412770409595e-07  4.553793894113344e-08 
 3.905410294116459e+04  1.828680333916466e-07  4.527232808196127e-08 
 3.981071705535053e+04  1.818059594888620e-07  4.500948493982029e-08 
 4.058198942243881e+04  1.807549664940637e-07  4.474938761267016e-08 
 4.136820402388591e+04  1.797149660890426e-07  4.449201433052207e-08 
 4.216965034285909e+04  1.786858704685099e-07  4.423734345374360e-08 
 4.298662347082365e+04  1.776675923332412e-07  4.398535347146577e-08 
 4.381942421619527e+04  1.766600448836632e-07  4.373602300015499e-08 
 4.466835921509723e+04  1.756631418130551e-07  4.348933078204278e-08 
 4.553374104426344e+04  1.746767973010754e-07  4.324525568366461e-08 
 4.641588833612874e+04  1.737009260072779e-07  4.300377669442575e-08 
 4.731512589614902e+04  1.727354430648944e-07  4.276487292517052e-08 
 4.823178482239406e+04  1.717802640744009e-07  4.252852360675002e-08 
 4.916620262745745e+04  1.708353050975902e-07  4.229470808877848e-08 
 5.011872336272826e+04  1.699004826513698e-07  4.206340583818286e-08 
 5.108969774507033e+04  1.689757137018676e-07  4.183459643798902e-08 
 5.207948328595571e+04  1.680609156584857e-07  4.160825958591056e-08 
 5.308844442309994e+04  1.671560063679015e-07  4.138437509327911e-08 
 5.411695265464750e+04  1.662609041088935e-07  4.116292288370271e-08 
 5.516538667595695e+04  1.653755275864225e-07  4.094388299195859e-08 
 5.623413251903608e+04  1.644997959260902e-07  4.072723556278921e-08 
 5.732358369467833e+04  1.636336286688195e-07  4.051296084980723e-08 
 5.843414133735298e+04  1.627769457653583e-07  4.030103921435575e-08 
 5.956621435290229e+04  1.619296675711446e-07  4.009145112445443e-08 
 6.072021956910013e+04  1.610917148414778e-07  3.988417715392968e-08 
 6.189658188912735e+04  1.602630087253958e-07  3.967919798100120e-08 
 6.309573444802065e+04  1.594434707619738e-07  3.947649438780400e-08 
 6.431811877215223e+04  1.586330228745938e-07  3.927604725909373e-08 
 6.556418494179926e+04  1.578315873664351e-07  3.907783758149797e-08 
 6.683439175686287e+04  1.570390869154778e-07  3.888184644259654e-08 
 6.812920690579756e+04  1.562554445700687e-07  3.868805502999971e-08 
 6.944910713781358e+04  1.554805837442128e-07  3.849644463065648e-08 
 7.079457843841528e+04  1.547144282131161e-07  3.830699662998599e-08 
 7.216611620834035e+04  1.539569021083917e-07  3.811969251101518e-08 
 7.356422544596568e+04  1.532079299142310e-07  3.793451385386146e-08 
 7.498942093324717e+04  1.524674364627195e-07  3.775144233488779e-08 
 7.644222742526165e+04  1.517353469297912e-07  3.757045972610178e-08 
 7.792317984342107e+04  1.510115868305805e-07  3.739154789440404e-08 
 7.943282347242984e+04  1.502960820160045e-07  3.721468880115046e-08 
 8.097171416105793e+04  1.495887586680544e-07  3.703986450139079e-08 
 8.254041852680361e+04  1.488895432960680e-07  3.686705714339183e-08 
 8.413951416452132e+04  1.481983627326306e-07  3.669624896814870e-08 
 8.576958985909125e+04  1.475151441297538e-07  3.652742230880773e-08 
 8.743124580220925e+04  1.468398149548683e-07  3.636055959026183e-08 
 8.912509381337647e+04  1.461723029871783e-07  3.619564332871402e-08 
 9.085175756517064e+04  1.455125363133147e-07  3.603265613116889e-08 
 9.261187281288135e+04  1.448604433242117e-07  3.587158069516907e-08 
 9.440608762859438e+04  1.442159527107708e-07  3.571239980832129e-08 
 9.623506263981095e+04  1.435789934605244e-07  3.555509634808660e-08 
 9.809947127268986e+04  1.429494948537527e-07  3.539965328142563e-08 
 1.000000000000022e+05  1.423273864594234e-07  3.524605366439263e-08 
 1.019373485938895e+05  1.417125981319107e-07  3.509428064207325e-08 
 1.039122303835192e+05  1.411050600071914e-07  3.494431744825994e-08 
 1.059253725177312e+05  1.405047024989471e-07  3.479614740524811e-08 
 1.079775162327733e+05  1.399114562948215e-07  3.464975392366127e-08 
 1.100694171252234e+05  1.393252523530131e-07  3.450512050235582e-08 
 1.122018454301988e+05  1.387460218974946e-07  3.436223072805341e-08 
 1.143755863049563e+05  1.381736964155242e-07  3.422106827554553e-08 
 1.165914401179858e+05  1.376082076529331e-07  3.408161690745313e-08 
 1.188502227437045e+05  1.370494876102687e-07  3.394386047405844e-08 
 1.211527658628615e+05  1.364974685390676e-07  3.380778291344147e-08 
 1.234999172687612e+05  1.359520829379219e-07  3.367336825141043e-08 
 1.258925411794195e+05  1.354132635475348e-07  3.354060060122524e-08 
 1.283315185557680e+05  1.348809433477883e-07  3.340946416406328e-08 
 1.308177474260223e+05  1.343550555527080e-07  3.327994322869664e-08 
 1.333521432163354e+05  1.338355336063150e-07  3.315202217169515e-08 
 1.359356390878556e+05  1.333223111782266e-07  3.302568545750064e-08 
 1.385691862803159e+05  1.328153221587457e-07  3.290091763829432e-08 
 1.412537544622786e+05  1.323145006548709e-07  3.277770335445264e-08 
 1.439903320881665e+05  1.318197809847877e-07  3.265602733428103e-08 
 1.467799267622102e+05  1.313310976732887e-07  3.253587439444532e-08 
 1.496235656094467e+05  1.308483854466908e-07  3.241722943995235e-08 
 1.525222956539053e+05  1.303715792274472e-07  3.230007746434222e-08 
 1.554771842041208e+05  1.299006141289467e-07  3.218440354988501e-08 
 1.584893192461149e+05  1.294354254496376e-07  3.207019286764473e-08 
 1.615598098439910e+05  1.289759486671965e-07  3.195743067779491e-08 
 1.646897865482905e+05  1.285221194331797e-07  3.184610232984590e-08 
 1.678804018122598e+05  1.280738735660353e-07  3.173619326267094e-08 
 1.711328304161819e+05  1.276311470450786e-07  3.162768900490959e-08 
 1.744482698999293e+05  1.271938760040134e-07  3.152057517519635e-08 
 1.778279410038963e+05  1.267619967235960e-07  3.141483748221903e-08 
 1.812730881184740e+05  1.263354456247667e-07  3.131046172518369e-08 
 1.847849797422333e+05  1.259141592611729e-07  3.120743379389549e-08 
 1.883649089489843e+05  1.254980743114249e-07  3.110573966913966e-08 
 1.920141938638845e+05  1.250871275709874e-07  3.100536542291219e-08 
 1.957341781487705e+05  1.246812559441753e-07  3.090629721859843e-08 
 1.995262314968925e+05  1.242803964351049e-07  3.080852131147183e-08 
 2.033917501372338e+05  1.238844861391005e-07  3.071202404875021e-08 
 2.073321573486003e+05  1.234934622328695e-07  3.061679186992942e-08 
 2.113489039836695e+05  1.231072619653676e-07  3.052281130722699e-08 
 2.154434690031933e+05  1.227258226471234e-07  3.043006898561127e-08 
 2.196173600205487e+05  1.223490816402437e-07  3.033855162337517e-08 
 2.238721138568391e+05  1.219769763472190e-07  3.024824603221002e-08 
 2.282092971067503e+05  1.216094441996289e-07  3.015913911757987e-08 
 2.326305067153680e+05  1.212464226464637e-07  3.007121787907946e-08 
 2.371373705661710e+05  1.208878491416865e-07  2.998446941063775e-08 
 2.417315480804160e+05  1.205336611317303e-07  2.989888090086019e-08 
 2.464147308281339e+05  1.201837960420389e-07  2.981443963324758e-08 
 2.511886431509639e+05  1.198381912636347e-07  2.973113298671225e-08 
 2.560550427970536e+05  1.194967841385099e-07  2.964894843552805e-08 
 2.610157215682598e+05  1.191595119450759e-07  2.956787354995122e-08 
 2.660725059798872e+05  1.188263118827059e-07  2.948789599632847e-08 
 2.712272579332092e+05  1.184971210555413e-07  2.940900353737905e-08 
 2.764818754010173e+05  1.181718764565362e-07  2.933118403264437e-08 
 2.818382931264520e+05  1.178505149493140e-07  2.925442543850591e-08 
 2.872984833353732e+05  1.175329732511911e-07  2.917871580869297e-08 
 2.928644564625305e+05  1.172191879144427e-07  2.910404329451268e-08 
 2.985382618918030e+05  1.169090953068789e-07  2.903039614504497e-08 
 3.043219887107793e+05  1.166026315921828e-07  2.895776270739571e-08 
 3.102177664799574e+05  1.162997327093352e-07  2.888613142718959e-08 
 3.162277660168454e+05  1.160003343513036e-07  2.881549084851392e-08 
 3.223542001952539e+05  1.157043719426617e-07  2.874582961434380e-08 
 3.285993247600733e+05  1.154117806172820e-07  2.867713646678020e-08 
 3.349654391578356e+05  1.151224951944200e-07  2.860940024744783e-08 
 3.414548873833683e+05  1.148364501540504e-07  2.854260989738325e-08 
 3.480700588428493e+05  1.145535796117455e-07  2.847675445762155e-08 
 3.548133892335839e+05  1.142738172928845e-07  2.841182306926814e-08 
 3.616873614408245e+05  1.139970965050352e-07  2.834780497374416e-08 
 3.686945064519664e+05  1.137233501105722e-07  2.828468951306252e-08 
 3.758374042884532e+05  1.134525104975079e-07  2.822246612998569e-08 
 3.831186849557380e+05  1.131845095502612e-07  2.816112436841351e-08 
 3.905410294116474e+05  1.129192786184269e-07  2.810065387336086e-08 
 3.981071705535068e+05  1.126567484856377e-07  2.804104439136396e-08 
 4.058198942243896e+05  1.123968493370956e-07  2.798228577065210e-08 
 4.136820402388607e+05  1.121395107253959e-07  2.792436796130130e-08 
 4.216965034285925e+05  1.118846615369846e-07  2.786728101555445e-08 
 4.298662347082381e+05  1.116322299556409e-07  2.781101508786362e-08 
 4.381942421619543e+05  1.113821434267417e-07  2.775556043525581e-08 
 4.466835921509740e+05  1.111343286194582e-07  2.770090741752670e-08 
 4.553374104426361e+05  1.108887113884132e-07  2.764704649742582e-08 
 4.641588833612892e+05  1.106452167334520e-07  2.759396824065770e-08 
 4.731512589614920e+05  1.104037687600470e-07  2.754166331652266e-08 
 4.823178482239424e+05  1.101642906369200e-07  2.749012249767490e-08 
 4.916620262745764e+05  1.099267045539888e-07  2.743933666067663e-08 
 5.011872336272846e+05  1.096909316784191e-07  2.738929678602473e-08 
 5.108969774507053e+05  1.094568921100866e-07  2.733999395837681e-08 
 5.207948328595592e+05  1.092245048360746e-07  2.729141936686800e-08 
 5.308844442310014e+05  1.089936876841641e-07  2.724356430523324e-08 
 5.411695265464770e+05  1.087643572754146e-07  2.719642017210328e-08 
 5.516538667595716e+05  1.085364289754490e-07  2.714997847115470e-08 
 5.623413251903630e+05  1.083098168456210e-07  2.710423081145095e-08 
 5.732358369467856e+05  1.080844335928546e-07  2.705916890764284e-08 
 5.843414133735321e+05  1.078601905187207e-07  2.701478458022788e-08 
 5.956621435290253e+05  1.076369974677990e-07  2.697106975580966e-08 
 6.072021956910037e+05  1.074147627754474e-07  2.692801646734520e-08 
 6.189658188912760e+05  1.071933932152206e-07  2.688561685454780e-08 
 6.309573444802091e+05  1.069727939448051e-07  2.684386316395079e-08 
 6.431811877215249e+05  1.067528684531564e-07  2.680274774958378e-08 
 6.556418494179953e+05  1.065335185052566e-07  2.676226307287692e-08 
 6.683439175686314e+05  1.063146440885747e-07  2.672240170335741e-08 
 6.812920690579783e+05  1.060961433577990e-07  2.668315631879006e-08 
 6.944910713781386e+05  1.058779125806741e-07  2.664451970561805e-08 
 7.079457843841556e+05  1.056598460832096e-07  2.660648475939629e-08 
 7.216611620834064e+05  1.054418361959457e-07  2.656904448520563e-08 
 7.356422544596598e+05  1.052237731996954e-07  2.653219199794729e-08 
 7.498942093324747e+05  1.050055452726253e-07  2.649592052301232e-08 
 7.644222742526196e+05  1.047870384379382e-07  2.646022339662812e-08 
 7.792317984342139e+05  1.045681365125061e-07  2.642509406643954e-08 
 7.943282347243016e+05  1.043487210569378e-07  2.639052609199587e-08 
 8.097171416105825e+05  1.041286713265045e-07  2.635651314531527e-08 
 8.254041852680393e+05  1.039078642247753e-07  2.632304901158053e-08 
 8.413951416452165e+05  1.036861742585154e-07  2.629012758963306e-08 
 8.576958985909160e+05  1.034634734950962e-07  2.625774289276439e-08 
 8.743124580220960e+05  1.032396315225256e-07  2.622588904928362e-08 
 8.912509381337684e+05  1.030145154126459e-07  2.619456030343557e-08 
 9.085175756517102e+05  1.027879896872303e-07  2.616375101603092e-08 
 9.261187281288174e+05  1.025599162881430e-07  2.613345566529781e-08 
 9.440608762859477e+05  1.023301545514064e-07  2.610366884782397e-08 
 9.623506263981134e+05  1.020985611857473e-07  2.607438527945060e-08 
 9.809947127269027e+05  1.018649902562411e-07  2.604559979608775e-08 
 1.000000000000026e+06  1.016292931733312e-07  2.601730735497458e-08 
 1.019373485938899e+06  1.013913186876224e-07  2.598950303555796e-08 
 1.039122303835196e+06  1.011509128912224e-07  2.596218204071590e-08 
 1.059253725177316e+06  1.009079192261878e-07  2.593533969786493e-08 
 1.079775162327738e+06  1.006621785000161e-07  2.590897146032403e-08 
 1.100694171252238e+06  1.004135289097331e-07  2.588307290842559e-08 
 1.122018454301993e+06  1.001618060742849e-07  2.585763975116561e-08 
 1.143755863049568e+06  9.990684307626847e-08  2.583266782733629e-08 
 1.165914401179862e+06  9.964847051383933e-08  2.580815310732943e-08 
 1.188502227437050e+06  9.938651656275455e-08  2.578409169452151e-08 
 1.211527658628620e+06  9.912080704979996e-08  2.576047982710863e-08 
 1.234999172687617e+06  9.885116553808969e-08  2.573731387974809e-08 
 1.258925411794200e+06  9.857741342475345e-08  2.571459036536981e-08 
 1.283315185557685e+06  9.829937005191464e-08  2.569230593730095e-08 
 1.308177474260229e+06  9.801685283148873e-08  2.567045739113157e-08 
 1.333521432163359e+06  9.772967738411970e-08  2.564904166682424e-08 
 1.359356390878562e+06  9.743765769398564e-08  2.562805585105245e-08 
 1.385691862803164e+06  9.714060627842993e-08  2.560749717946303e-08 
 1.412537544622792e+06  9.683833437475843e-08  2.558736303913828e-08 
 1.439903320881672e+06  9.653065214334372e-08  2.556765097110666e-08 
 1.467799267622109e+06  9.621736888864623e-08  2.554835867310856e-08 
 1.496235656094474e+06  9.589829329777451e-08  2.552948400234145e-08 
 1.525222956539060e+06  9.557323369778250e-08  2.551102497837113e-08 
 1.554771842041215e+06  9.524199833147343e-08  2.549297978622522e-08 
 1.584893192461156e+06  9.490439565233450e-08  2.547534677959316e-08 
 1.615598098439918e+06  9.456023463893307e-08  2.545812448423940e-08 
 1.646897865482913e+06  9.420932512839489e-08  2.544131160132518e-08 
 1.678804018122606e+06  9.385147816975050e-08  2.542490701136029e-08 
 1.711328304161827e+06  9.348650639638444e-08  2.540890977764307e-08 
 1.744482698999302e+06  9.311422441808783e-08  2.539331915062668e-08 
 1.778279410038971e+06  9.273444923150076e-08  2.537813457187815e-08 
 1.812730881184748e+06  9.234700064968920e-08  2.536335567845510e-08 
 1.847849797422342e+06  9.195170174916859e-08  2.534898230751341e-08 
 1.883649089489852e+06  9.154837933432012e-08  2.533501450097640e-08 
 1.920141938638854e+06  9.113686441809672e-08  2.532145251061714e-08 
 1.957341781487714e+06  9.071699271775146e-08  2.530829680303607e-08 
 1.995262314968935e+06  9.028860516485435e-08  2.529554806523693e-08 
 2.033917501372348e+06  8.985154842764560e-08  2.528320721006014e-08 
 2.073321573486012e+06  8.940567544446877e-08  2.527127538225224e-08 
 2.113489039836705e+06  8.895084596639865e-08  2.525975396447557e-08 
 2.154434690031943e+06  8.848692710697963e-08  2.524864458363733e-08 
 2.196173600205497e+06  8.801379389726810e-08  2.523794911762847e-08 
 2.238721138568402e+06  8.753132984342729e-08  2.522766970223373e-08 
 2.282092971067514e+06  8.703942748477127e-08  2.521780873829106e-08 
 2.326305067153691e+06  8.653798894932955e-08  2.520836889937817e-08 
 2.371373705661722e+06  8.602692650416463e-08  2.519935313943971e-08 
 2.417315480804171e+06  8.550616309787546e-08  2.519076470116185e-08 
 2.464147308281350e+06  8.497563289143473e-08  2.518260712435882e-08 
 2.511886431509650e+06  8.443528177516345e-08  2.517488425491953e-08 
 2.560550427970548e+06  8.388506786770658e-08  2.516760025405038e-08 
 2.610157215682610e+06  8.332496199443553e-08  2.516075960788222e-08 
 2.660725059798884e+06  8.275494814140609e-08  2.515436713751152e-08 
 2.712272579332104e+06  8.217502388177202e-08  2.514842800942480e-08 
 2.764818754010185e+06  8.158520077146782e-08  2.514294774648636e-08 
 2.818382931264533e+06  8.098550471069018e-08  2.513793223913994e-08 
 2.872984833353746e+06  8.037597626810236e-08  2.513338775725638e-08 
 2.928644564625319e+06  7.975667096471438e-08  2.512932096250235e-08 
 2.985382618918044e+06  7.912765951485705e-08  2.512573892099485e-08 
 3.043219887107808e+06  7.848902802088624e-08  2.512264911677979e-08 
 3.102177664799589e+06  7.784087812016672e-08  2.512005946558688e-08 
 3.162277660168469e+06  7.718332708124940e-08  2.511797832935051e-08 
 3.223542001952555e+06  7.651650784782944e-08  2.511641453116292e-08 
 3.285993247600748e+06  7.584056902891930e-08  2.511537737111803e-08 
 3.349654391578372e+06  7.515567483375863e-08  2.511487664233925e-08 
 3.414548873833699e+06  7.446200495094594e-08  2.511492264823958e-08 
 3.480700588428510e+06  7.375975437130878e-08  2.511552621989970e-08 
 3.548133892335856e+06  7.304913315363133e-08  2.511669873470363e-08 
 3.616873614408263e+06  7.233036613511473e-08  2.511845213547654e-08 
 3.686945064519682e+06  7.160369258618745e-08  2.512079895012789e-08 
 3.758374042884550e+06  7.086936581098375e-08  2.512375231275655e-08 
 3.831186849557398e+06  7.012765269540987e-08  2.512732598501826e-08 
 3.905410294116493e+06  6.937883320478601e-08  2.513153437873080e-08 
 3.981071705535088e+06  6.862319983328921e-08  2.513639257926976e-08 
 4.058198942243916e+06  6.786105700807464e-08  2.514191636983672e-08 
 4.136820402388627e+06  6.709272045081623e-08  2.514812225693461e-08 
 4.216965034285945e+06  6.631851650110238e-08  2.515502749673022e-08 
 4.298662347082402e+06  6.553878140383148e-08  2.516265012250613e-08 
 4.381942421619564e+06  6.475386056621968e-08  2.517100897334224e-08 
 4.466835921509761e+06  6.396410778704885e-08  2.518012372389128e-08 
 4.553374104426382e+06  6.316988446383584e-08  2.519001491531737e-08 
 4.641588833612914e+06  6.237155878113472e-08  2.520070398774292e-08 
 4.731512589614943e+06  6.156950488554166e-08  2.521221331362389e-08 
 4.823178482239448e+06  6.076410205087865e-08  2.522456623290380e-08 
 4.916620262745787e+06  5.995573383911254e-08  2.523778708944939e-08 
 5.011872336272870e+06  5.914478726059106e-08  2.525190126884446e-08 
 5.108969774507078e+06  5.833165193826454e-08  2.526693523803783e-08 
 5.207948328595617e+06  5.751671928046729e-08  2.528291658625040e-08 
 5.308844442310040e+06  5.670038166553331e-08  2.529987406795561e-08 
 5.411695265464797e+06  5.588303164225215e-08  2.531783764723864e-08 
 5.516538667595743e+06  5.506506115041388e-08  2.533683854437381e-08 
 5.623413251903657e+06  5.424686076359305e-08  2.535690928391767e-08 
 5.732358369467883e+06  5.342881895767505e-08  2.537808374511167e-08 
 5.843414133735349e+06  5.261132140821870e-08  2.540039721413887e-08 
 5.956621435290282e+06  5.179475031777179e-08  2.542388643857965e-08 
 6.072021956910066e+06  5.097948377626186e-08  2.544858968420813e-08 
 6.189658188912790e+06  5.016589515572003e-08  2.547454679399094e-08 
 6.309573444802121e+06  4.935435254004961e-08  2.550179924945848e-08 
 6.431811877215280e+06  4.854521819154179e-08  2.553039023479931e-08 
 6.556418494179985e+06  4.773884805440384e-08  2.556036470335474e-08 
 6.683439175686347e+06  4.693559129551388e-08  2.559176944698344e-08 
 6.812920690579819e+06  4.613578988230724e-08  2.562465316810323e-08 
 6.944910713781422e+06  4.533977819801999e-08  2.565906655478200e-08 
 7.079457843841594e+06  4.454788269250631e-08  2.569506235890442e-08 
 7.216611620834101e+06  4.376042156923247e-08  2.573269547740274e-08 
 7.356422544596637e+06  4.297770450622382e-08  2.577202303681059e-08 
 7.498942093324786e+06  4.220003241049553e-08  2.581310448114727e-08 
 7.644222742526235e+06  4.142769720369195e-08  2.585600166355832e-08 
 7.792317984342178e+06  4.066098163830230e-08  2.590077894143181e-08 
 7.943282347243057e+06  3.990015914219063e-08  2.594750327524901e-08 
 8.097171416105866e+06  3.914549368937040e-08  2.599624433160105e-08 
 8.254041852680436e+06  3.839723969601546e-08  2.604707459008945e-08 
 8.413951416452209e+06  3.765564193941812e-08  2.610006945444681e-08 
 8.576958985909205e+06  3.692093549740709e-08  2.615530736807154e-08 
 8.743124580221005e+06  3.619334570776076e-08  2.621286993400662e-08 
 8.912509381337730e+06  3.547308814418449e-08  2.627284203958057e-08 
 9.085175756517148e+06  3.476036860834798e-08  2.633531198565729e-08 
 9.261187281288220e+06  3.405538313561686e-08  2.640037162117099e-08 
 9.440608762859525e+06  3.335831801306408e-08  2.646811648229247e-08 
 9.623506263981184e+06  3.266934980825148e-08  2.653864593705115e-08 
 9.809947127269078e+06  3.198864540757863e-08  2.661206333516725e-08 
 1.000000000000031e+07  3.131636206236648e-08  2.668847616355480e-08 
 1.019373485938904e+07  3.065264744265211e-08  2.676799620711572e-08 
 1.039122303835201e+07  2.999763969646931e-08  2.685073971554861e-08 
 1.059253725177322e+07  2.935146751474058e-08  2.693682757580341e-08 
 1.079775162327743e+07  2.871425020054481e-08  2.702638549065165e-08 
 1.100694171252244e+07  2.808609774269673e-08  2.711954416313721e-08 
 1.122018454301998e+07  2.746711089271958e-08  2.721643948743157e-08 
 1.143755863049574e+07  2.685738124537361e-08  2.731721274571669e-08 
 1.165914401179868e+07  2.625699132228019e-08  2.742201081140138e-08 
 1.188502227437056e+07  2.566601465895891e-08  2.753098635881307e-08 
 1.211527658628627e+07  2.508451589500006e-08  2.764429807922809e-08 
 1.234999172687624e+07  2.451255086775664e-08  2.776211090325693e-08 
 1.258925411794207e+07  2.395016670969317e-08  2.788459622983165e-08 
 1.283315185557692e+07  2.339740194998479e-08  2.801193216133388e-08 
 1.308177474260235e+07  2.285428662033441e-08  2.814430374538820e-08 
 1.333521432163366e+07  2.232084236558420e-08  2.828190322261411e-08 
 1.359356390878569e+07  2.179708255987096e-08  2.842493028080863e-08 
 1.385691862803171e+07  2.128301242817811e-08  2.857359231513655e-08 
 1.412537544622799e+07  2.077862917436760e-08  2.872810469415507e-08 
 1.439903320881679e+07  2.028392211554985e-08  2.888869103165415e-08 
 1.467799267622116e+07  1.979887282375730e-08  2.905558346389435e-08 
 1.496235656094481e+07  1.932345527484985e-08  2.922902293206067e-08 
 1.525222956539068e+07  1.885763600520106e-08  2.940925946989224e-08 
 1.554771842041223e+07  1.840137427648651e-08  2.959655249546466e-08 
 1.584893192461164e+07  1.795462224867710e-08  2.979117110773174e-08 
 1.615598098439926e+07  1.751732516129402e-08  2.999339438652728e-08 
 1.646897865482921e+07  1.708942152343688e-08  3.020351169599006e-08 
 1.678804018122614e+07  1.667084331199442e-08  3.042182299097270e-08 
 1.711328304161836e+07  1.626151617843335e-08  3.064863912586968e-08 
 1.744482698999310e+07  1.586135966382922e-08  3.088428216494246e-08 
 1.778279410038980e+07  1.547028742185295e-08  3.112908569442268e-08 
 1.812730881184757e+07  1.508820744962129e-08  3.138339513454589e-08 
 1.847849797422351e+07  1.471502232588293e-08  3.164756805198841e-08 
 1.883649089489862e+07  1.435062945604421e-08  3.192197447155628e-08 
 1.920141938638864e+07  1.399492132383494e-08  3.220699718606564e-08 
 1.957341781487724e+07  1.364778574866313e-08  3.250303206480004e-08 
 1.995262314968945e+07  1.330910614842757e-08  3.281048835828437e-08 
 2.033917501372358e+07  1.297876180685913e-08  3.312978900018897e-08 
 2.073321573486023e+07  1.265662814483928e-08  3.346137090463635e-08 
 2.113489039836716e+07  1.234257699495909e-08  3.380568525856303e-08 
 2.154434690031954e+07  1.203647687856696e-08  3.416319780856622e-08 
 2.196173600205508e+07  1.173819328446947e-08  3.453438914136530e-08 
 2.238721138568413e+07  1.144758894868065e-08  3.491975495731643e-08 
 2.282092971067526e+07  1.116452413416731e-08  3.531980633664761e-08 
 2.326305067153703e+07  1.088885691010651e-08  3.573506999752204e-08 
 2.371373705661734e+07  1.062044342960919e-08  3.616608854597459e-08 
 2.417315480804184e+07  1.035913820529354e-08  3.661342071683110e-08 
 2.464147308281364e+07  1.010479438184545e-08  3.707764160593991e-08 
 2.511886431509664e+07  9.857264004951621e-09  3.755934289303542e-08 
 2.560550427970562e+07  9.616398285685318e-09  3.805913305543599e-08 
 2.610157215682624e+07  9.382047859844912e-09  3.857763757271372e-08 
 2.660725059798899e+07  9.154063041425904e-09  3.911549912244697e-08 
 2.712272579332119e+07  8.932294069645060e-09  3.967337776737905e-08 
 2.764818754010200e+07  8.716591348931020e-09  4.025195113429526e-08 
 2.818382931264548e+07  8.506805681242732e-09  4.085191458577344e-08 
 2.872984833353761e+07  8.302788490212766e-09  4.147398138524196e-08 
 2.928644564625335e+07  8.104392036645403e-09  4.211888285628697e-08 
 2.985382618918060e+07  7.911469624840346e-09  4.278736853748112e-08 
 3.043219887107825e+07  7.723875799421045e-09  4.348020633436510e-08 
 3.102177664799606e+07  7.541466532225905e-09  4.419818266930785e-08 
 3.162277660168486e+07  7.364099398956841e-09  4.494210263211636e-08 
 3.223542001952572e+07  7.191633745344215e-09  4.571279013244589e-08 
 3.285993247600766e+07  7.023930842552791e-09  4.651108805612174e-08 
 3.349654391578390e+07  6.860854031695584e-09  4.733785842829967e-08 
 3.414548873833718e+07  6.702268857261144e-09  4.819398258598767e-08 
 3.480700588428529e+07  6.548043189471214e-09  4.908036136128057e-08 
 3.548133892335875e+07  6.398047335429911e-09  4.999791528065301e-08 
 3.616873614408282e+07  6.252154139173722e-09  5.094758478107061e-08 
 3.686945064519701e+07  6.110239070634643e-09  5.193033044801363e-08 
 3.758374042884570e+07  5.972180303658266e-09  5.294713327770928e-08 
 3.831186849557418e+07  5.837858783232183e-09  5.399899496830740e-08 
 3.905410294116513e+07  5.707158282136391e-09  5.508693824355575e-08 
 3.981071705535109e+07  5.579965447255540e-09  5.621200721248539e-08 
 4.058198942243937e+07  5.456169835864917e-09  5.737526777063412e-08 
 4.136820402388649e+07  5.335663942201668e-09  5.857780804630457e-08 
 4.216965034285967e+07  5.218343214688150e-09  5.982073889691848e-08 
 4.298662347082424e+07  5.104106064220415e-09  6.110519446003458e-08 
 4.381942421619587e+07  4.992853863926505e-09  6.243233276428959e-08 
 4.466835921509784e+07  4.884490940850745e-09  6.380333640503308e-08 
 4.553374104426406e+07  4.778924560049238e-09  6.521941328922783e-08 
 4.641588833612939e+07  4.676064901553937e-09  6.668179745675546e-08 
 4.731512589614968e+07  4.575825030729577e-09  6.819174998086681e-08 
 4.823178482239473e+07  4.478120862531906e-09  6.975055995469381e-08 
 4.916620262745813e+07  4.382871120159740e-09  7.135954556907381e-08 
 5.011872336272896e+07  4.289997288637806e-09  7.302005528646525e-08 
 5.108969774507105e+07  4.199423563834937e-09  7.473346911598264e-08 
 5.207948328595644e+07  4.111076797416540e-09  7.650119999639052e-08 
 5.308844442310068e+07  4.024886438241218e-09  7.832469528956213e-08 
 5.411695265464825e+07  3.940784470672027e-09  8.020543839175390e-08 
 5.516538667595772e+07  3.858705350282631e-09  8.214495046615581e-08 
 5.623413251903687e+07  3.778585937403152e-09  8.414479230151704e-08 
 5.732358369467914e+07  3.700365428939575e-09  8.620656630203595e-08 
 5.843414133735380e+07  3.623985288875859e-09  8.833191861123398e-08 
 5.956621435290314e+07  3.549389177849954e-09  9.052254137513854e-08 
 6.072021956910098e+07  3.476522882161800e-09  9.278017514813960e-08 
 6.189658188912823e+07  3.405334242553392e-09  9.510661144388851e-08 
 6.309573444802155e+07  3.335773083078274e-09  9.750369543504772e-08 
 6.431811877215314e+07  3.267791140338610e-09  9.997332880575371e-08 
 6.556418494180020e+07  3.201341993360637e-09  1.025174727562126e-07 
 6.683439175686382e+07  3.136380994335777e-09  1.051381511650340e-07 
 6.812920690579854e+07  3.072865200445585e-09  1.078374539086258e-07 
 6.944910713781458e+07  3.010753306950844e-09  1.106175403405287e-07 
 7.079457843841630e+07  2.950005581710828e-09  1.134806429312148e-07 
 7.216611620834139e+07  2.890583801268938e-09  1.164290710701880e-07 
 7.356422544596675e+07  2.832451188627794e-09  1.194652150306014e-07 
 7.498942093324825e+07  2.775572352806277e-09  1.225915500969960e-07 
 7.644222742526275e+07  2.719913230257762e-09  1.258106408582880e-07 
 7.792317984342219e+07  2.665441028212842e-09  1.291251456634566e-07 
 7.943282347243099e+07  2.612124169984746e-09  1.325378212438522e-07 
 8.097171416105910e+07  2.559932242268656e-09  1.360515274999646e-07 
 8.254041852680480e+07  2.508835944445801e-09  1.396692324547739e-07 
 8.413951416452253e+07  2.458807039896921e-09  1.433940173735578e-07 
 8.576958985909249e+07  2.409818309308918e-09  1.472290820513363e-07 
 8.743124580221051e+07  2.361843505956625e-09  1.511777502694578e-07 
 8.912509381337777e+07  2.314857312928790e-09  1.552434754214837e-07 
 9.085175756517196e+07  2.268835302260245e-09  1.594298463122975e-07 
 9.261187281288269e+07  2.223753895920362e-09  1.637405931305096e-07 
 9.440608762859575e+07  2.179590328612777e-09  1.681795935982158e-07 
 9.623506263981235e+07  2.136322612324792e-09  1.727508793002695e-07 
 9.809947127269129e+07  2.093929502566946e-09  1.774586421983700e-07 
 1.000000000000036e+08  2.052390466241151e-09  1.823072413320501e-07 
 1.019373485938910e+08  2.011685651067987e-09  1.873012097136734e-07 
 1.039122303835207e+08  1.971795856506271e-09  1.924452614211394e-07 
 1.059253725177327e+08  1.932702506096569e-09  1.977442988960460e-07 
 1.079775162327749e+08  1.894387621157969e-09  2.032034204525256e-07 
 1.100694171252250e+08  1.856833795768318e-09  2.088279280054418e-07 
 1.122018454302004e+08  1.820024172961140e-09  2.146233350252778e-07 
 1.143755863049580e+08  1.783942422067614e-09  2.205953747287309e-07 
 1.165914401179874e+08  1.748572717141308e-09  2.267500085132020e-07 
 1.188502227437062e+08  1.713899716398247e-09  2.330934346463848e-07 
 1.211527658628633e+08  1.679908542610420e-09  2.396320972193693e-07 
 1.234999172687630e+08  1.646584764393157e-09  2.463726953749975e-07 
 1.258925411794214e+08  1.613914378328748e-09  2.533221928212020e-07 
 1.283315185557698e+08  1.581883791871884e-09  2.604878276406029e-07 
 1.308177474260242e+08  1.550479806984348e-09  2.678771224075476e-07 
 1.333521432163373e+08  1.519689604452118e-09  2.754978946233806e-07 
 1.359356390878576e+08  1.489500728838385e-09  2.833582674812106e-07 
 1.385691862803179e+08  1.459901074031871e-09  2.914666809694702e-07 
 1.412537544622807e+08  1.430878869350745e-09  2.998319033269878e-07 
 1.439903320881687e+08  1.402422666168048e-09  3.084630428568743e-07 
 1.467799267622124e+08  1.374521325026142e-09  3.173695601102618e-07 
 1.496235656094489e+08  1.347164003212632e-09  3.265612804476460e-07 
 1.525222956539075e+08  1.320340142771502e-09  3.360484069851724e-07 
 1.554771842041231e+08  1.294039458928604e-09  3.458415339334017e-07 
 1.584893192461172e+08  1.268251928910584e-09  3.559516603324362e-07 
 1.615598098439934e+08  1.242967781143299e-09  3.663902041904610e-07 
 1.646897865482930e+08  1.218177484814585e-09  3.771690170249705e-07 
 1.678804018122623e+08  1.193871739790523e-09  3.883003988105813e-07 
 1.711328304161845e+08  1.170041466876710e-09  3.997971133334334e-07 
 1.744482698999319e+08  1.146677798418447e-09  4.116724039479298e-07 
 1.778279410038989e+08  1.123772069233047e-09  4.239400097346367e-07 
 1.812730881184767e+08  1.101315807873619e-09  4.366141820524734e-07 
 1.847849797422360e+08  1.079300728220089e-09  4.497097014782548e-07 
 1.883649089489871e+08  1.057718721398002e-09  4.632418951234282e-07 
 1.920141938638874e+08  1.036561848024776e-09  4.772266543178422e-07 
 1.957341781487734e+08  1.015822330783831e-09  4.916804526451471e-07 
 1.995262314968955e+08  9.954925473280880e-10  5.066203643154247e-07 
 2.033917501372368e+08  9.755650235129667e-10  5.220640828570498e-07 
 2.073321573486033e+08  9.560324269617579e-10  5.380299401053927e-07 
 2.113489039836726e+08  9.368875609616973e-10  5.545369254701408e-07 
 2.154434690031965e+08  9.181233586930853e-10  5.716047054516750e-07 
 2.196173600205519e+08  8.997328777896387e-10  5.892536433831564e-07 
 2.238721138568424e+08  8.817092952298159e-10  6.075048193674007e-07 
 2.282092971067536e+08  8.640459025559389e-10  6.263800503763939e-07 
 2.326305067153714e+08  8.467361014191081e-10  6.459019104808915e-07 
 2.371373705661745e+08  8.297733994441567e-10  6.660937511722883e-07 
 2.417315480804195e+08  8.131514064105818e-10  6.869797217381287e-07 
 2.464147308281375e+08  7.968638307415440e-10  7.085847896500320e-07 
 2.511886431509675e+08  7.809044762936473e-10  7.309347609205647e-07 
 2.560550427970573e+08  7.652672394384884e-10  7.540563003808707e-07 
 2.610157215682636e+08  7.499461064249178e-10  7.779769518318077e-07 
 2.660725059798911e+08  7.349351510118271e-10  8.027251580155195e-07 
 2.712272579332131e+08  7.202285323579734e-10  8.283302803525645e-07 
 2.764818754010212e+08  7.058204931562880e-10  8.548226183886070e-07 
 2.818382931264561e+08  6.917053579983146e-10  8.822334288883421e-07 
 2.872984833353774e+08  6.778775319541202e-10  9.105949445145771e-07 
 2.928644564625348e+08  6.643314993521265e-10  9.399403920253167e-07 
 2.985382618918073e+08  6.510618227433236e-10  9.703040099207939e-07 
 3.043219887107838e+08  6.380631420337660e-10  1.001721065465823e-06 
 3.102177664799619e+08  6.253301737693004e-10  1.034227871013772e-06 
 3.162277660168500e+08  6.128577105561233e-10  1.067861799551996e-06 
 3.223542001952586e+08  6.006406206011744e-10  1.102661299388387e-06 
 3.285993247600780e+08  5.886738473568157e-10  1.138665907892752e-06 
 3.349654391578405e+08  5.769524092540880e-10  1.175916264206573e-06 
 3.414548873833733e+08  5.654713995098286e-10  1.214454120829750e-06 
 3.480700588428544e+08  5.542259859932510e-10  1.254322353991976e-06 
 3.548133892335891e+08  5.432114111382526e-10  1.295564972712906e-06 
 3.616873614408299e+08  5.324229918888597e-10  1.338227126454064e-06 
 3.686945064519718e+08  5.218561196652856e-10  1.382355111262912e-06 
 3.758374042884587e+08  5.115062603400316e-10  1.427996374308733e-06 
 3.831186849557436e+08  5.013689542130655e-10  1.475199516709872e-06 
 3.905410294116532e+08  4.914398159773833e-10  1.524014294549207e-06 
 3.981071705535128e+08  4.817145346660984e-10  1.574491617978543e-06 
 4.058198942243956e+08  4.721888735739511e-10  1.626683548310362e-06 
 4.136820402388668e+08  4.628586701465704e-10  1.680643293000415e-06 
 4.216965034285987e+08  4.537198358320942e-10  1.736425198423431e-06 
 4.298662347082445e+08  4.447683558903745e-10  1.794084740353268e-06 
 4.381942421619608e+08  4.360002891561051e-10  1.853678512057391e-06 
 4.466835921509806e+08  4.274117677529175e-10  1.915264209927000e-06 
 4.553374104426428e+08  4.189989967562277e-10  1.978900616567291e-06 
 4.641588833612961e+08  4.107582538034787e-10  2.044647581282612e-06 
 4.731512589614991e+08  4.026858886510634e-10  2.112565997899014e-06 
 4.823178482239497e+08  3.947783226776901e-10  2.182717779880640e-06 
 4.916620262745838e+08  3.870320483348042e-10  2.255165832704931e-06 
 5.011872336272921e+08  3.794436285448361e-10  2.329974023477860e-06 
 5.108969774507130e+08  3.720096960489096e-10  2.407207147784954e-06 
 5.207948328595670e+08  3.647269527055502e-10  2.486930893789818e-06 
 5.308844442310094e+08  3.575921687427550e-10  2.569211803610533e-06 
 5.411695265464852e+08  3.506021819657111e-10  2.654117232022974e-06 
 5.516538667595799e+08  3.437538969228489e-10  2.741715302561705e-06 
 5.623413251903714e+08  3.370442840331152e-10  2.832074861109245e-06 
 5.732358369467942e+08  3.304703786773784e-10  2.925265427088763e-06 
 5.843414133735409e+08  3.240292802570660e-10  3.021357142399789e-06 
 5.956621435290343e+08  3.177181512232281e-10  3.120420718258275e-06 
 6.072021956910129e+08  3.115342160791204e-10  3.222527380130532e-06 
 6.189658188912854e+08  3.054747603595046e-10  3.327748810975757e-06 
 6.309573444802186e+08  2.995371295898146e-10  3.436157093035575e-06 
 6.431811877215347e+08  2.937187282282432e-10  3.547824648437889e-06 
 6.556418494180053e+08  2.880170185937380e-10  3.662824178904010e-06 
 6.683439175686417e+08  2.824295197828333e-10  3.781228604877307e-06 
 6.812920690579889e+08  2.769538065781321e-10  3.903111004409044e-06 
 6.944910713781494e+08  2.715875083510330e-10  4.028544552165657e-06 
 7.079457843841667e+08  2.663283079613413e-10  4.157602458936343e-06 
 7.216611620834177e+08  2.611739406560935e-10  4.290357912043702e-06 
 7.356422544596714e+08  2.561221929698892e-10  4.426884017068768e-06 
 7.498942093324865e+08  2.511709016288253e-10  4.567253741324601e-06 
 7.644222742526315e+08  2.463179524600100e-10  4.711539859511897e-06 
 7.792317984342260e+08  2.415612793084289e-10  4.859814902004549e-06 
 7.943282347243141e+08  2.368988629628951e-10  5.012151106212090e-06 
 8.097171416105952e+08  2.323287300925360e-10  5.168620371465033e-06 
 8.254041852680523e+08  2.278489521952226e-10  5.329294217864016e-06 
 8.413951416452297e+08  2.234576445591921e-10  5.494243749524822e-06 
 8.576958985909294e+08  2.191529652389359e-10  5.663539622633278e-06 
 8.743124580221096e+08  2.149331140463685e-10  5.837252018711471e-06 
 8.912509381337823e+08  2.107963315580989e-10  6.015450623465431e-06 
 9.085175756517242e+08  2.067408981395819e-10  6.198204611563161e-06 
 9.261187281288317e+08  2.027651329867432e-10  6.385582637657899e-06 
 9.440608762859625e+08  1.988673931856402e-10  6.577652833930995e-06 
 9.623506263981285e+08  1.950460727905692e-10  6.774482814396731e-06 
 9.809947127269181e+08  1.912996019209784e-10  6.976139686158306e-06 
 1.000000000000042e+09  1.876264458774362e-10  7.182690067769352e-06 
