 frequency       onoise_spectrum inoise_spectrum
 1.00000000e+00  8.53774050e-06  2.74664120e-07 
 1.02329299e+00  8.45337398e-06  2.71950000e-07 
 1.04712855e+00  8.36984848e-06  2.69262935e-07 
 1.07151931e+00  8.28715553e-06  2.66602655e-07 
 1.09647820e+00  8.20528675e-06  2.63968888e-07 
 1.12201845e+00  8.12423385e-06  2.61361369e-07 
 1.14815362e+00  8.04398862e-06  2.58779832e-07 
 1.17489755e+00  7.96454293e-06  2.56224018e-07 
 1.20226443e+00  7.88588874e-06  2.53693667e-07 
 1.23026877e+00  7.80801808e-06  2.51188522e-07 
 1.25892541e+00  7.73092309e-06  2.48708331e-07 
 1.28824955e+00  7.65459596e-06  2.46252842e-07 
 1.31825674e+00  7.57902896e-06  2.43821807e-07 
 1.34896288e+00  7.50421446e-06  2.41414981e-07 
 1.38038426e+00  7.43014489e-06  2.39032120e-07 
 1.41253754e+00  7.35681278e-06  2.36672982e-07 
 1.44543977e+00  7.28421069e-06  2.34337331e-07 
 1.47910839e+00  7.21233131e-06  2.32024929e-07 
 1.51356125e+00  7.14116737e-06  2.29735543e-07 
 1.54881662e+00  7.07071168e-06  2.27468942e-07 
 1.58489319e+00  7.00095713e-06  2.25224898e-07 
 1.62181010e+00  6.93189668e-06  2.23003182e-07 
 1.65958691e+00  6.86352336e-06  2.20803572e-07 
 1.69824365e+00  6.79583026e-06  2.18625846e-07 
 1.73780083e+00  6.72881057e-06  2.16469783e-07 
 1.77827941e+00  6.66245752e-06  2.14335167e-07 
 1.81970086e+00  6.59676443e-06  2.12221781e-07 
 1.86208714e+00  6.53172466e-06  2.10129414e-07 
 1.90546072e+00  6.46733166e-06  2.08057853e-07 
 1.94984460e+00  6.40357895e-06  2.06006891e-07 
 1.99526231e+00  6.34046011e-06  2.03976321e-07 
 2.04173794e+00  6.27796876e-06  2.01965938e-07 
 2.08929613e+00  6.21609863e-06  1.99975539e-07 
 2.13796209e+00  6.15484348e-06  1.98004925e-07 
 2.18776162e+00  6.09419715e-06  1.96053897e-07 
 2.23872114e+00  6.03415353e-06  1.94122259e-07 
 2.29086765e+00  5.97470659e-06  1.92209816e-07 
 2.34422882e+00  5.91585034e-06  1.90316376e-07 
 2.39883292e+00  5.85757885e-06  1.88441748e-07 
 2.45470892e+00  5.79988629e-06  1.86585744e-07 
 2.51188643e+00  5.74276684e-06  1.84748178e-07 
 2.57039578e+00  5.68621476e-06  1.82928864e-07 
 2.63026799e+00  5.63022437e-06  1.81127621e-07 
 2.69153480e+00  5.57479004e-06  1.79344266e-07 
 2.75422870e+00  5.51990622e-06  1.77578621e-07 
 2.81838293e+00  5.46556737e-06  1.75830509e-07 
 2.88403150e+00  5.41176806e-06  1.74099753e-07 
 2.95120923e+00  5.35850288e-06  1.72386181e-07 
 3.01995172e+00  5.30576648e-06  1.70689620e-07 
 3.09029543e+00  5.25355357e-06  1.69009900e-07 
 3.16227766e+00  5.20185892e-06  1.67346853e-07 
 3.23593657e+00  5.15067734e-06  1.65700311e-07 
 3.31131121e+00  5.10000369e-06  1.64070110e-07 
 3.38844156e+00  5.04983290e-06  1.62456087e-07 
 3.46736850e+00  5.00015994e-06  1.60858078e-07 
 3.54813389e+00  4.95097982e-06  1.59275925e-07 
 3.63078055e+00  4.90228763e-06  1.57709469e-07 
 3.71535229e+00  4.85407848e-06  1.56158552e-07 
 3.80189396e+00  4.80634755e-06  1.54623020e-07 
 3.89045145e+00  4.75909006e-06  1.53102719e-07 
 3.98107171e+00  4.71230127e-06  1.51597496e-07 
 4.07380278e+00  4.66597650e-06  1.50107201e-07 
 4.16869383e+00  4.62011112e-06  1.48631685e-07 
 4.26579519e+00  4.57470054e-06  1.47170800e-07 
 4.36515832e+00  4.52974021e-06  1.45724400e-07 
 4.46683592e+00  4.48522564e-06  1.44292340e-07 
 4.57088190e+00  4.44115237e-06  1.42874477e-07 
 4.67735141e+00  4.39751601e-06  1.41470670e-07 
 4.78630092e+00  4.35431218e-06  1.40080777e-07 
 4.89778819e+00  4.31153658e-06  1.38704661e-07 
 5.01187234e+00  4.26918493e-06  1.37342183e-07 
 5.12861384e+00  4.22725299e-06  1.35993208e-07 
 5.24807460e+00  4.18573658e-06  1.34657601e-07 
 5.37031796e+00  4.14463156e-06  1.33335228e-07 
 5.49540874e+00  4.10393381e-06  1.32025958e-07 
 5.62341325e+00  4.06363929e-06  1.30729660e-07 
 5.75439937e+00  4.02374396e-06  1.29446204e-07 
 5.88843655e+00  3.98424385e-06  1.28175462e-07 
 6.02559586e+00  3.94513501e-06  1.26917307e-07 
 6.16595002e+00  3.90641355e-06  1.25671615e-07 
 6.30957344e+00  3.86807560e-06  1.24438261e-07 
 6.45654229e+00  3.83011734e-06  1.23217122e-07 
 6.60693448e+00  3.79253499e-06  1.22008075e-07 
 6.76082975e+00  3.75532480e-06  1.20811002e-07 
 6.91830971e+00  3.71848307e-06  1.19625782e-07 
 7.07945784e+00  3.68200612e-06  1.18452297e-07 
 7.24435960e+00  3.64589033e-06  1.17290431e-07 
 7.41310241e+00  3.61013209e-06  1.16140067e-07 
 7.58577575e+00  3.57472784e-06  1.15001092e-07 
 7.76247117e+00  3.53967406e-06  1.13873391e-07 
 7.94328235e+00  3.50496727e-06  1.12756853e-07 
 8.12830516e+00  3.47060400e-06  1.11651367e-07 
 8.31763771e+00  3.43658084e-06  1.10556822e-07 
 8.51138038e+00  3.40289440e-06  1.09473109e-07 
 8.70963590e+00  3.36954134e-06  1.08400122e-07 
 8.91250938e+00  3.33651834e-06  1.07337752e-07 
 9.12010839e+00  3.30382211e-06  1.06285895e-07 
 9.33254301e+00  3.27144941e-06  1.05244447e-07 
 9.54992586e+00  3.23939701e-06  1.04213302e-07 
 9.77237221e+00  3.20766174e-06  1.03192360e-07 
 1.00000000e+01  3.17624044e-06  1.02181518e-07 
 1.02329299e+01  3.14512998e-06  1.01180676e-07 
 1.04712855e+01  3.11432729e-06  1.00189736e-07 
 1.07151931e+01  3.08382930e-06  9.92085975e-08 
 1.09647820e+01  3.05363298e-06  9.82371642e-08 
 1.12201845e+01  3.02373534e-06  9.72753395e-08 
 1.14815362e+01  2.99413341e-06  9.63230280e-08 
 1.17489755e+01  2.96482425e-06  9.53801352e-08 
 1.20226443e+01  2.93580495e-06  9.44465675e-08 
 1.23026877e+01  2.90707265e-06  9.35222324e-08 
 1.25892541e+01  2.87862448e-06  9.26070382e-08 
 1.28824955e+01  2.85045763e-06  9.17008941e-08 
 1.31825674e+01  2.82256931e-06  9.08037104e-08 
 1.34896288e+01  2.79495675e-06  8.99153980e-08 
 1.38038426e+01  2.76761721e-06  8.90358691e-08 
 1.41253754e+01  2.74054799e-06  8.81650364e-08 
 1.44543977e+01  2.71374640e-06  8.73028137e-08 
 1.47910839e+01  2.68720980e-06  8.64491156e-08 
 1.51356125e+01  2.66093555e-06  8.56038576e-08 
 1.54881662e+01  2.63492105e-06  8.47669559e-08 
 1.58489319e+01  2.60916373e-06  8.39383278e-08 
 1.62181010e+01  2.58366104e-06  8.31178912e-08 
 1.65958691e+01  2.55841045e-06  8.23055649e-08 
 1.69824365e+01  2.53340946e-06  8.15012686e-08 
 1.73780083e+01  2.50865561e-06  8.07049227e-08 
 1.77827941e+01  2.48414645e-06  7.99164484e-08 
 1.81970086e+01  2.45987954e-06  7.91357678e-08 
 1.86208714e+01  2.43585250e-06  7.83628038e-08 
 1.90546072e+01  2.41206294e-06  7.75974798e-08 
 1.94984460e+01  2.38850852e-06  7.68397202e-08 
 1.99526231e+01  2.36518691e-06  7.60894502e-08 
 2.04173794e+01  2.34209580e-06  7.53465957e-08 
 2.08929613e+01  2.31923291e-06  7.46110832e-08 
 2.13796209e+01  2.29659599e-06  7.38828401e-08 
 2.18776162e+01  2.27418279e-06  7.31617945e-08 
 2.23872114e+01  2.25199112e-06  7.24478752e-08 
 2.29086765e+01  2.23001876e-06  7.17410118e-08 
 2.34422882e+01  2.20826357e-06  7.10411344e-08 
 2.39883292e+01  2.18672338e-06  7.03481739e-08 
 2.45470892e+01  2.16539608e-06  6.96620621e-08 
 2.51188643e+01  2.14427956e-06  6.89827313e-08 
 2.57039578e+01  2.12337173e-06  6.83101143e-08 
 2.63026799e+01  2.10267055e-06  6.76441450e-08 
 2.69153480e+01  2.08217395e-06  6.69847575e-08 
 2.75422870e+01  2.06187993e-06  6.63318870e-08 
 2.81838293e+01  2.04178649e-06  6.56854690e-08 
 2.88403150e+01  2.02189163e-06  6.50454399e-08 
 2.95120923e+01  2.00219341e-06  6.44117365e-08 
 3.01995172e+01  1.98268988e-06  6.37842965e-08 
 3.09029543e+01  1.96337912e-06  6.31630580e-08 
 3.16227766e+01  1.94425923e-06  6.25479599e-08 
 3.23593657e+01  1.92532832e-06  6.19389415e-08 
 3.31131121e+01  1.90658453e-06  6.13359429e-08 
 3.38844156e+01  1.88802602e-06  6.07389048e-08 
 3.46736850e+01  1.86965096e-06  6.01477684e-08 
 3.54813389e+01  1.85145755e-06  5.95624754e-08 
 3.63078055e+01  1.83344398e-06  5.89829684e-08 
 3.71535229e+01  1.81560849e-06  5.84091902e-08 
 3.80189396e+01  1.79794932e-06  5.78410845e-08 
 3.89045145e+01  1.78046474e-06  5.72785953e-08 
 3.98107171e+01  1.76315303e-06  5.67216675e-08 
 4.07380278e+01  1.74601249e-06  5.61702461e-08 
 4.16869383e+01  1.72904142e-06  5.56242770e-08 
 4.26579519e+01  1.71223817e-06  5.50837065e-08 
 4.36515832e+01  1.69560108e-06  5.45484815e-08 
 4.46683592e+01  1.67912851e-06  5.40185494e-08 
 4.57088190e+01  1.66281885e-06  5.34938581e-08 
 4.67735141e+01  1.64667050e-06  5.29743561e-08 
 4.78630092e+01  1.63068187e-06  5.24599924e-08 
 4.89778819e+01  1.61485138e-06  5.19507164e-08 
 5.01187234e+01  1.59917749e-06  5.14464782e-08 
 5.12861384e+01  1.58365866e-06  5.09472282e-08 
 5.24807460e+01  1.56829336e-06  5.04529174e-08 
 5.37031796e+01  1.55308008e-06  4.99634973e-08 
 5.49540874e+01  1.53801733e-06  4.94789199e-08 
 5.62341325e+01  1.52310364e-06  4.89991377e-08 
 5.75439937e+01  1.50833754e-06  4.85241035e-08 
 5.88843655e+01  1.49371757e-06  4.80537708e-08 
 6.02559586e+01  1.47924232e-06  4.75880934e-08 
 6.16595002e+01  1.46491036e-06  4.71270257e-08 
 6.30957344e+01  1.45072027e-06  4.66705224e-08 
 6.45654229e+01  1.43667068e-06  4.62185389e-08 
 6.60693448e+01  1.42276021e-06  4.57710307e-08 
 6.76082975e+01  1.40898749e-06  4.53279541e-08 
 6.91830971e+01  1.39535116e-06  4.48892657e-08 
 7.07945784e+01  1.38184991e-06  4.44549223e-08 
 7.24435960e+01  1.36848239e-06  4.40248816e-08 
 7.41310241e+01  1.35524731e-06  4.35991013e-08 
 7.58577575e+01  1.34214337e-06  4.31775398e-08 
 7.76247117e+01  1.32916928e-06  4.27601557e-08 
 7.94328235e+01  1.31632377e-06  4.23469083e-08 
 8.12830516e+01  1.30360559e-06  4.19377569e-08 
 8.31763771e+01  1.29101349e-06  4.15326617e-08 
 8.51138038e+01  1.27854624e-06  4.11315830e-08 
 8.70963590e+01  1.26620262e-06  4.07344814e-08 
 8.91250938e+01  1.25398142e-06  4.03413181e-08 
 9.12010839e+01  1.24188144e-06  3.99520547e-08 
 9.33254301e+01  1.22990150e-06  3.95666532e-08 
 9.54992586e+01  1.21804043e-06  3.91850756e-08 
 9.77237221e+01  1.20629707e-06  3.88072849e-08 
 1.00000000e+02  1.19467028e-06  3.84332440e-08 
 1.02329299e+02  1.18315890e-06  3.80629163e-08 
 1.04712855e+02  1.17176182e-06  3.76962656e-08 
 1.07151931e+02  1.16047793e-06  3.73332562e-08 
 1.09647820e+02  1.14930612e-06  3.69738524e-08 
 1.12201845e+02  1.13824529e-06  3.66180193e-08 
 1.14815362e+02  1.12729438e-06  3.62657220e-08 
 1.17489755e+02  1.11645230e-06  3.59169260e-08 
 1.20226443e+02  1.10571801e-06  3.55715974e-08 
 1.23026877e+02  1.09509044e-06  3.52297023e-08 
 1.25892541e+02  1.08456856e-06  3.48912075e-08 
 1.28824955e+02  1.07415135e-06  3.45560797e-08 
 1.31825674e+02  1.06383779e-06  3.42242864e-08 
 1.34896288e+02  1.05362687e-06  3.38957950e-08 
 1.38038426e+02  1.04351759e-06  3.35705736e-08 
 1.41253754e+02  1.03350896e-06  3.32485903e-08 
 1.44543977e+02  1.02360002e-06  3.29298138e-08 
 1.47910839e+02  1.01378979e-06  3.26142129e-08 
 1.51356125e+02  1.00407731e-06  3.23017568e-08 
 1.54881662e+02  9.94461637e-07  3.19924150e-08 
 1.58489319e+02  9.84941834e-07  3.16861574e-08 
 1.62181010e+02  9.75516971e-07  3.13829541e-08 
 1.65958691e+02  9.66186128e-07  3.10827754e-08 
 1.69824365e+02  9.56948395e-07  3.07855922e-08 
 1.73780083e+02  9.47802871e-07  3.04913753e-08 
 1.77827941e+02  9.38748664e-07  3.02000962e-08 
 1.81970086e+02  9.29784890e-07  2.99117264e-08 
 1.86208714e+02  9.20910676e-07  2.96262378e-08 
 1.90546072e+02  9.12125156e-07  2.93436025e-08 
 1.94984460e+02  9.03427474e-07  2.90637930e-08 
 1.99526231e+02  8.94816781e-07  2.87867820e-08 
 2.04173794e+02  8.86292239e-07  2.85125425e-08 
 2.08929613e+02  8.77853015e-07  2.82410478e-08 
 2.13796209e+02  8.69498289e-07  2.79722714e-08 
 2.18776162e+02  8.61227244e-07  2.77061871e-08 
 2.23872114e+02  8.53039075e-07  2.74427689e-08 
 2.29086765e+02  8.44932984e-07  2.71819913e-08 
 2.34422882e+02  8.36908182e-07  2.69238287e-08 
 2.39883292e+02  8.28963885e-07  2.66682561e-08 
 2.45470892e+02  8.21099320e-07  2.64152485e-08 
 2.51188643e+02  8.13313721e-07  2.61647813e-08 
 2.57039578e+02  8.05606329e-07  2.59168300e-08 
 2.63026799e+02  7.97976392e-07  2.56713705e-08 
 2.69153480e+02  7.90423169e-07  2.54283790e-08 
 2.75422870e+02  7.82945922e-07  2.51878316e-08 
 2.81838293e+02  7.75543923e-07  2.49497051e-08 
 2.88403150e+02  7.68216452e-07  2.47139761e-08 
 2.95120923e+02  7.60962794e-07  2.44806218e-08 
 3.01995172e+02  7.53782243e-07  2.42496193e-08 
 3.09029543e+02  7.46674098e-07  2.40209462e-08 
 3.16227766e+02  7.39637669e-07  2.37945802e-08 
 3.23593657e+02  7.32672269e-07  2.35704993e-08 
 3.31131121e+02  7.25777220e-07  2.33486817e-08 
 3.38844156e+02  7.18951849e-07  2.31291056e-08 
 3.46736850e+02  7.12195493e-07  2.29117498e-08 
 3.54813389e+02  7.05507493e-07  2.26965930e-08 
 3.63078055e+02  6.98887197e-07  2.24836143e-08 
 3.71535229e+02  6.92333961e-07  2.22727929e-08 
 3.80189396e+02  6.85847145e-07  2.20641084e-08 
 3.89045145e+02  6.79426118e-07  2.18575403e-08 
 3.98107171e+02  6.73070255e-07  2.16530686e-08 
 4.07380278e+02  6.66778935e-07  2.14506733e-08 
 4.16869383e+02  6.60551547e-07  2.12503347e-08 
 4.26579519e+02  6.54387482e-07  2.10520333e-08 
 4.36515832e+02  6.48286140e-07  2.08557497e-08 
 4.46683592e+02  6.42246927e-07  2.06614648e-08 
 4.57088190e+02  6.36269253e-07  2.04691597e-08 
 4.67735141e+02  6.30352537e-07  2.02788157e-08 
 4.78630092e+02  6.24496200e-07  2.00904141e-08 
 4.89778819e+02  6.18699673e-07  1.99039365e-08 
 5.01187234e+02  6.12962389e-07  1.97193650e-08 
 5.12861384e+02  6.07283790e-07  1.95366813e-08 
 5.24807460e+02  6.01663320e-07  1.93558677e-08 
 5.37031796e+02  5.96100433e-07  1.91769065e-08 
 5.49540874e+02  5.90594584e-07  1.89997804e-08 
 5.62341325e+02  5.85145237e-07  1.88244719e-08 
 5.75439937e+02  5.79751860e-07  1.86509641e-08 
 5.88843655e+02  5.74413926e-07  1.84792398e-08 
 6.02559586e+02  5.69130914e-07  1.83092825e-08 
 6.16595002e+02  5.63902307e-07  1.81410754e-08 
 6.30957344e+02  5.58727596e-07  1.79746022e-08 
 6.45654229e+02  5.53606274e-07  1.78098466e-08 
 6.60693448e+02  5.48537840e-07  1.76467924e-08 
 6.76082975e+02  5.43521800e-07  1.74854237e-08 
 6.91830971e+02  5.38557663e-07  1.73257249e-08 
 7.07945784e+02  5.33644942e-07  1.71676801e-08 
 7.24435960e+02  5.28783158e-07  1.70112740e-08 
 7.41310241e+02  5.23971833e-07  1.68564912e-08 
 7.58577575e+02  5.19210499e-07  1.67033167e-08 
 7.76247117e+02  5.14498686e-07  1.65517353e-08 
 7.94328235e+02  5.09835935e-07  1.64017323e-08 
 8.12830516e+02  5.05221788e-07  1.62532928e-08 
 8.31763771e+02  5.00655792e-07  1.61064025e-08 
 8.51138038e+02  4.96137499e-07  1.59610468e-08 
 8.70963590e+02  4.91666467e-07  1.58172116e-08 
 8.91250938e+02  4.87242255e-07  1.56748826e-08 
 9.12010839e+02  4.82864429e-07  1.55340458e-08 
 9.33254301e+02  4.78532559e-07  1.53946876e-08 
 9.54992586e+02  4.74246218e-07  1.52567940e-08 
 9.77237221e+02  4.70004986e-07  1.51203517e-08 
 1.00000000e+03  4.65808444e-07  1.49853470e-08 
 1.02329299e+03  4.61656178e-07  1.48517668e-08 
 1.04712855e+03  4.57547780e-07  1.47195979e-08 
 1.07151931e+03  4.53482844e-07  1.45888272e-08 
 1.09647820e+03  4.49460969e-07  1.44594418e-08 
 1.12201845e+03  4.45481758e-07  1.43314289e-08 
 1.14815362e+03  4.41544817e-07  1.42047759e-08 
 1.17489755e+03  4.37649757e-07  1.40794703e-08 
 1.20226443e+03  4.33796192e-07  1.39554997e-08 
 1.23026877e+03  4.29983740e-07  1.38328517e-08 
 1.25892541e+03  4.26212023e-07  1.37115142e-08 
 1.28824955e+03  4.22480668e-07  1.35914752e-08 
 1.31825674e+03  4.18789302e-07  1.34727227e-08 
 1.34896288e+03  4.15137560e-07  1.33552450e-08 
 1.38038426e+03  4.11525077e-07  1.32390303e-08 
 1.41253754e+03  4.07951495e-07  1.31240671e-08 
 1.44543977e+03  4.04416455e-07  1.30103439e-08 
 1.47910839e+03  4.00919606e-07  1.28978493e-08 
 1.51356125e+03  3.97460598e-07  1.27865721e-08 
 1.54881662e+03  3.94039085e-07  1.26765013e-08 
 1.58489319e+03  3.90654723e-07  1.25676256e-08 
 1.62181010e+03  3.87307174e-07  1.24599343e-08 
 1.65958691e+03  3.83996102e-07  1.23534165e-08 
 1.69824365e+03  3.80721172e-07  1.22480615e-08 
 1.73780083e+03  3.77482056e-07  1.21438587e-08 
 1.77827941e+03  3.74278426e-07  1.20407975e-08 
 1.81970086e+03  3.71109960e-07  1.19388677e-08 
 1.86208714e+03  3.67976336e-07  1.18380588e-08 
 1.90546072e+03  3.64877238e-07  1.17383607e-08 
 1.94984460e+03  3.61812350e-07  1.16397632e-08 
 1.99526231e+03  3.58781362e-07  1.15422564e-08 
 2.04173794e+03  3.55783964e-07  1.14458302e-08 
 2.08929613e+03  3.52819851e-07  1.13504749e-08 
 2.13796209e+03  3.49888720e-07  1.12561808e-08 
 2.18776162e+03  3.46990271e-07  1.11629381e-08 
 2.23872114e+03  3.44124207e-07  1.10707374e-08 
 2.29086765e+03  3.41290233e-07  1.09795691e-08 
 2.34422882e+03  3.38488058e-07  1.08894238e-08 
 2.39883292e+03  3.35717392e-07  1.08002924e-08 
 2.45470892e+03  3.32977948e-07  1.07121654e-08 
 2.51188643e+03  3.30269443e-07  1.06250339e-08 
 2.57039578e+03  3.27591596e-07  1.05388888e-08 
 2.63026799e+03  3.24944127e-07  1.04537211e-08 
 2.69153480e+03  3.22326761e-07  1.03695219e-08 
 2.75422870e+03  3.19739222e-07  1.02862824e-08 
 2.81838293e+03  3.17181241e-07  1.02039939e-08 
 2.88403150e+03  3.14652547e-07  1.01226477e-08 
 2.95120923e+03  3.12152874e-07  1.00422353e-08 
 3.01995172e+03  3.09681958e-07  9.96274813e-09 
 3.09029543e+03  3.07239537e-07  9.88417780e-09 
 3.16227766e+03  3.04825350e-07  9.80651595e-09 
 3.23593657e+03  3.02439141e-07  9.72975430e-09 
 3.31131121e+03  3.00080653e-07  9.65388463e-09 
 3.38844156e+03  2.97749633e-07  9.57889882e-09 
 3.46736850e+03  2.95445831e-07  9.50478877e-09 
 3.54813389e+03  2.93168997e-07  9.43154651e-09 
 3.63078055e+03  2.90918885e-07  9.35916408e-09 
 3.71535229e+03  2.88695250e-07  9.28763361e-09 
 3.80189396e+03  2.86497848e-07  9.21694731e-09 
 3.89045145e+03  2.84326438e-07  9.14709743e-09 
 3.98107171e+03  2.82180783e-07  9.07807629e-09 
 4.07380278e+03  2.80060645e-07  9.00987628e-09 
 4.16869383e+03  2.77965788e-07  8.94248984e-09 
 4.26579519e+03  2.75895980e-07  8.87590948e-09 
 4.36515832e+03  2.73850989e-07  8.81012777e-09 
 4.46683592e+03  2.71830586e-07  8.74513733e-09 
 4.57088190e+03  2.69834542e-07  8.68093085e-09 
 4.67735141e+03  2.67862632e-07  8.61750106e-09 
 4.78630092e+03  2.65914631e-07  8.55484076e-09 
 4.89778819e+03  2.63990317e-07  8.49294280e-09 
 5.01187234e+03  2.62089469e-07  8.43180008e-09 
 5.12861384e+03  2.60211867e-07  8.37140557e-09 
 5.24807460e+03  2.58357295e-07  8.31175228e-09 
 5.37031796e+03  2.56525534e-07  8.25283327e-09 
 5.49540874e+03  2.54716373e-07  8.19464167e-09 
 5.62341325e+03  2.52929596e-07  8.13717062e-09 
 5.75439937e+03  2.51164993e-07  8.08041336e-09 
 5.88843655e+03  2.49422355e-07  8.02436314e-09 
 6.02559586e+03  2.47701472e-07  7.96901328e-09 
 6.16595002e+03  2.46002137e-07  7.91435715e-09 
 6.30957344e+03  2.44324146e-07  7.86038814e-09 
 6.45654229e+03  2.42667294e-07  7.80709972e-09 
 6.60693448e+03  2.41031378e-07  7.75448539e-09 
 6.76082975e+03  2.39416196e-07  7.70253868e-09 
 6.91830971e+03  2.37821550e-07  7.65125320e-09 
 7.07945784e+03  2.36247240e-07  7.60062257e-09 
 7.24435960e+03  2.34693069e-07  7.55064048e-09 
 7.41310241e+03  2.33158840e-07  7.50130063e-09 
 7.58577575e+03  2.31644359e-07  7.45259680e-09 
 7.76247117e+03  2.30149433e-07  7.40452279e-09 
 7.94328235e+03  2.28673868e-07  7.35707243e-09 
 8.12830516e+03  2.27217474e-07  7.31023962e-09 
 8.31763771e+03  2.25780062e-07  7.26401829e-09 
 8.51138038e+03  2.24361441e-07  7.21840238e-09 
 8.70963590e+03  2.22961425e-07  7.17338591e-09 
 8.91250938e+03  2.21579828e-07  7.12896292e-09 
 9.12010839e+03  2.20216463e-07  7.08512749e-09 
 9.33254301e+03  2.18871146e-07  7.04187372e-09 
 9.54992586e+03  2.17543696e-07  6.99919579e-09 
 9.77237221e+03  2.16233928e-07  6.95708788e-09 
 1.00000000e+04  2.14941664e-07  6.91554421e-09 
 1.02329299e+04  2.13666722e-07  6.87455905e-09 
 1.04712855e+04  2.12408923e-07  6.83412670e-09 
 1.07151931e+04  2.11168091e-07  6.79424150e-09 
 1.09647820e+04  2.09944048e-07  6.75489780e-09 
 1.12201845e+04  2.08736618e-07  6.71609003e-09 
 1.14815362e+04  2.07545626e-07  6.67781261e-09 
 1.17489755e+04  2.06370899e-07  6.64006001e-09 
 1.20226443e+04  2.05212264e-07  6.60282676e-09 
 1.23026877e+04  2.04069548e-07  6.56610737e-09 
 1.25892541e+04  2.02942581e-07  6.52989644e-09 
 1.28824955e+04  2.01831193e-07  6.49418856e-09 
 1.31825674e+04  2.00735214e-07  6.45897838e-09 
 1.34896288e+04  1.99654476e-07  6.42426056e-09 
 1.38038426e+04  1.98588812e-07  6.39002982e-09 
 1.41253754e+04  1.97538055e-07  6.35628089e-09 
 1.44543977e+04  1.96502040e-07  6.32300854e-09 
 1.47910839e+04  1.95480601e-07  6.29020758e-09 
 1.51356125e+04  1.94473576e-07  6.25787284e-09 
 1.54881662e+04  1.93480801e-07  6.22599918e-09 
 1.58489319e+04  1.92502113e-07  6.19458151e-09 
 1.62181010e+04  1.91537351e-07  6.16361475e-09 
 1.65958691e+04  1.90586356e-07  6.13309387e-09 
 1.69824365e+04  1.89648966e-07  6.10301385e-09 
 1.73780083e+04  1.88725023e-07  6.07336973e-09 
 1.77827941e+04  1.87814369e-07  6.04415657e-09 
 1.81970086e+04  1.86916846e-07  6.01536944e-09 
 1.86208714e+04  1.86032298e-07  5.98700348e-09 
 1.90546072e+04  1.85160569e-07  5.95905383e-09 
 1.94984460e+04  1.84301503e-07  5.93151567e-09 
 1.99526231e+04  1.83454947e-07  5.90438422e-09 
 2.04173794e+04  1.82620746e-07  5.87765473e-09 
 2.08929613e+04  1.81798747e-07  5.85132247e-09 
 2.13796209e+04  1.80988799e-07  5.82538276e-09 
 2.18776162e+04  1.80190749e-07  5.79983093e-09 
 2.23872114e+04  1.79404447e-07  5.77466235e-09 
 2.29086765e+04  1.78629743e-07  5.74987244e-09 
 2.34422882e+04  1.77866486e-07  5.72545663e-09 
 2.39883292e+04  1.77114529e-07  5.70141038e-09 
 2.45470892e+04  1.76373721e-07  5.67772920e-09 
 2.51188643e+04  1.75643917e-07  5.65440862e-09 
 2.57039578e+04  1.74924969e-07  5.63144421e-09 
 2.63026799e+04  1.74216729e-07  5.60883155e-09 
 2.69153480e+04  1.73519053e-07  5.58656629e-09 
 2.75422870e+04  1.72831794e-07  5.56464407e-09 
 2.81838293e+04  1.72154809e-07  5.54306060e-09 
 2.88403150e+04  1.71487951e-07  5.52181160e-09 
 2.95120923e+04  1.70831079e-07  5.50089283e-09 
 3.01995172e+04  1.70184047e-07  5.48030008e-09 
 3.09029543e+04  1.69546713e-07  5.46002918e-09 
 3.16227766e+04  1.68918935e-07  5.44007598e-09 
 3.23593657e+04  1.68300569e-07  5.42043637e-09 
 3.31131121e+04  1.67691476e-07  5.40110629e-09 
 3.38844156e+04  1.67091512e-07  5.38208168e-09 
 3.46736850e+04  1.66500537e-07  5.36335853e-09 
 3.54813389e+04  1.65918409e-07  5.34493287e-09 
 3.63078055e+04  1.65344989e-07  5.32680076e-09 
 3.71535229e+04  1.64780136e-07  5.30895828e-09 
 3.80189396e+04  1.64223709e-07  5.29140157e-09 
 3.89045145e+04  1.63675568e-07  5.27412677e-09 
 3.98107171e+04  1.63135574e-07  5.25713008e-09 
 4.07380278e+04  1.62603587e-07  5.24040773e-09 
 4.16869383e+04  1.62079466e-07  5.22395598e-09 
 4.26579519e+04  1.61563071e-07  5.20777111e-09 
 4.36515832e+04  1.61054264e-07  5.19184946e-09 
 4.46683592e+04  1.60552902e-07  5.17618739e-09 
 4.57088190e+04  1.60058847e-07  5.16078130e-09 
 4.67735141e+04  1.59571958e-07  5.14562761e-09 
 4.78630092e+04  1.59092094e-07  5.13072279e-09 
 4.89778819e+04  1.58619113e-07  5.11606334e-09 
 5.01187234e+04  1.58152875e-07  5.10164579e-09 
 5.12861384e+04  1.57693237e-07  5.08746671e-09 
 5.24807460e+04  1.57240056e-07  5.07352271e-09 
 5.37031796e+04  1.56793190e-07  5.05981041e-09 
 5.49540874e+04  1.56352494e-07  5.04632650e-09 
 5.62341325e+04  1.55917825e-07  5.03306767e-09 
 5.75439937e+04  1.55489036e-07  5.02003066e-09 
 5.88843655e+04  1.55065981e-07  5.00721226e-09 
 6.02559586e+04  1.54648513e-07  4.99460926e-09 
 6.16595002e+04  1.54236482e-07  4.98221852e-09 
 6.30957344e+04  1.53829741e-07  4.97003690e-09 
 6.45654229e+04  1.53428136e-07  4.95806132e-09 
 6.60693448e+04  1.53031516e-07  4.94628874e-09 
 6.76082975e+04  1.52639727e-07  4.93471611e-09 
 6.91830971e+04  1.52252613e-07  4.92334048e-09 
 7.07945784e+04  1.51870016e-07  4.91215887e-09 
 7.24435960e+04  1.51491777e-07  4.90116837e-09 
 7.41310241e+04  1.51117735e-07  4.89036611e-09 
 7.58577575e+04  1.50747727e-07  4.87974923e-09 
 7.76247117e+04  1.50381585e-07  4.86931491e-09 
 7.94328235e+04  1.50019143e-07  4.85906039e-09 
 8.12830516e+04  1.49660228e-07  4.84898289e-09 
 8.31763771e+04  1.49304668e-07  4.83907973e-09 
 8.51138038e+04  1.48952286e-07  4.82934820e-09 
 8.70963590e+04  1.48602901e-07  4.81978567e-09 
 8.91250938e+04  1.48256332e-07  4.81038953e-09 
 9.12010839e+04  1.47912390e-07  4.80115718e-09 
 9.33254301e+04  1.47570887e-07  4.79208609e-09 
 9.54992586e+04  1.47231629e-07  4.78317374e-09 
 9.77237221e+04  1.46894416e-07  4.77441765e-09 
 1.00000000e+05  1.46559047e-07  4.76581537e-09 
 1.02329299e+05  1.46225316e-07  4.75736448e-09 
 1.04712855e+05  1.45893009e-07  4.74906260e-09 
 1.07151931e+05  1.45561912e-07  4.74090738e-09 
 1.09647820e+05  1.45231803e-07  4.73289650e-09 
 1.12201845e+05  1.44902453e-07  4.72502767e-09 
 1.14815362e+05  1.44573631e-07  4.71729864e-09 
 1.17489755e+05  1.44245098e-07  4.70970717e-09 
 1.20226443e+05  1.43916609e-07  4.70225109e-09 
 1.23026877e+05  1.43587913e-07  4.69492823e-09 
 1.25892541e+05  1.43258750e-07  4.68773646e-09 
 1.28824955e+05  1.42928857e-07  4.68067369e-09 
 1.31825674e+05  1.42597961e-07  4.67373783e-09 
 1.34896288e+05  1.42265781e-07  4.66692687e-09 
 1.38038426e+05  1.41932030e-07  4.66023879e-09 
 1.41253754e+05  1.41596410e-07  4.65367162e-09 
 1.44543977e+05  1.41258618e-07  4.64722342e-09 
 1.47910839e+05  1.40918340e-07  4.64089226e-09 
 1.51356125e+05  1.40575252e-07  4.63467627e-09 
 1.54881662e+05  1.40229023e-07  4.62857359e-09 
 1.58489319e+05  1.39879310e-07  4.62258240e-09 
 1.62181010e+05  1.39525761e-07  4.61670089e-09 
 1.65958691e+05  1.39168014e-07  4.61092732e-09 
 1.69824365e+05  1.38805696e-07  4.60525993e-09 
 1.73780083e+05  1.38438422e-07  4.59969703e-09 
 1.77827941e+05  1.38065796e-07  4.59423693e-09 
 1.81970086e+05  1.37687413e-07  4.58887799e-09 
 1.86208714e+05  1.37302854e-07  4.58361858e-09 
 1.90546072e+05  1.36911687e-07  4.57845713e-09 
 1.94984460e+05  1.36513469e-07  4.57339205e-09 
 1.99526231e+05  1.36107747e-07  4.56842182e-09 
 2.04173794e+05  1.35694051e-07  4.56354494e-09 
 2.08929613e+05  1.35271902e-07  4.55875992e-09 
 2.13796209e+05  1.34840806e-07  4.55406532e-09 
 2.18776162e+05  1.34400257e-07  4.54945971e-09 
 2.23872114e+05  1.33949736e-07  4.54494170e-09 
 2.29086765e+05  1.33488713e-07  4.54050994e-09 
 2.34422882e+05  1.33016642e-07  4.53616307e-09 
 2.39883292e+05  1.32532968e-07  4.53189979e-09 
 2.45470892e+05  1.32037121e-07  4.52771883e-09 
 2.51188643e+05  1.31528521e-07  4.52361891e-09 
 2.57039578e+05  1.31006576e-07  4.51959883e-09 
 2.63026799e+05  1.30470684e-07  4.51565738e-09 
 2.69153480e+05  1.29920232e-07  4.51179339e-09 
 2.75422870e+05  1.29354597e-07  4.50800572e-09 
 2.81838293e+05  1.28773148e-07  4.50429325e-09 
 2.88403150e+05  1.28175247e-07  4.50065490e-09 
 2.95120923e+05  1.27560249e-07  4.49708961e-09 
 3.01995172e+05  1.26927505e-07  4.49359634e-09 
 3.09029543e+05  1.26276361e-07  4.49017408e-09 
 3.16227766e+05  1.25606161e-07  4.48682188e-09 
 3.23593657e+05  1.24916250e-07  4.48353877e-09 
 3.31131121e+05  1.24205976e-07  4.48032384e-09 
 3.38844156e+05  1.23474688e-07  4.47717619e-09 
 3.46736850e+05  1.22721745e-07  4.47409497e-09 
 3.54813389e+05  1.21946513e-07  4.47107934e-09 
 3.63078055e+05  1.21148372e-07  4.46812848e-09 
 3.71535229e+05  1.20326717e-07  4.46524164e-09 
 3.80189396e+05  1.19480960e-07  4.46241805e-09 
 3.89045145e+05  1.18610538e-07  4.45965699e-09 
 3.98107171e+05  1.17714913e-07  4.45695779e-09 
 4.07380278e+05  1.16793575e-07  4.45431977e-09 
 4.16869383e+05  1.15846051e-07  4.45174231e-09 
 4.26579519e+05  1.14871907e-07  4.44922481e-09 
 4.36515832e+05  1.13870748e-07  4.44676669e-09 
 4.46683592e+05  1.12842232e-07  4.44436741e-09 
 4.57088190e+05  1.11786065e-07  4.44202648e-09 
 4.67735141e+05  1.10702014e-07  4.43974340e-09 
 4.78630092e+05  1.09589906e-07  4.43751773e-09 
 4.89778819e+05  1.08449635e-07  4.43534905e-09 
 5.01187234e+05  1.07281168e-07  4.43323699e-09 
 5.12861384e+05  1.06084548e-07  4.43118119e-09 
 5.24807460e+05  1.04859899e-07  4.42918132e-09 
 5.37031796e+05  1.03607431e-07  4.42723711e-09 
 5.49540874e+05  1.02327441e-07  4.42534830e-09 
 5.62341325e+05  1.01020321e-07  4.42351466e-09 
 5.75439937e+05  9.96865582e-08  4.42173601e-09 
 5.88843655e+05  9.83267372e-08  4.42001219e-09 
 6.02559586e+05  9.69415440e-08  4.41834309e-09 
 6.16595002e+05  9.55317657e-08  4.41672862e-09 
 6.30957344e+05  9.40982919e-08  4.41516873e-09 
 6.45654229e+05  9.26421143e-08  4.41366339e-09 
 6.60693448e+05  9.11643255e-08  4.41221263e-09 
 6.76082975e+05  8.96661176e-08  4.41081650e-09 
 6.91830971e+05  8.81487790e-08  4.40947508e-09 
 7.07945784e+05  8.66136912e-08  4.40818850e-09 
 7.24435960e+05  8.50623237e-08  4.40695690e-09 
 7.41310241e+05  8.34962294e-08  4.40578050e-09 
 7.58577575e+05  8.19170375e-08  4.40465950e-09 
 7.76247117e+05  8.03264469e-08  4.40359416e-09 
 7.94328235e+05  7.87262182e-08  4.40258479e-09 
 8.12830516e+05  7.71181653e-08  4.40163171e-09 
 8.31763771e+05  7.55041464e-08  4.40073528e-09 
 8.51138038e+05  7.38860539e-08  4.39989589e-09 
 8.70963590e+05  7.22658050e-08  4.39911398e-09 
 8.91250938e+05  7.06453313e-08  4.39838998e-09 
 9.12010839e+05  6.90265682e-08  4.39772441e-09 
 9.33254301e+05  6.74114446e-08  4.39711776e-09 
 9.54992586e+05  6.58018729e-08  4.39657060e-09 
 9.77237221e+05  6.41997381e-08  4.39608348e-09 
 1.00000000e+06  6.26068891e-08  4.39565701e-09 
 1.02329299e+06  6.10251286e-08  4.39529182e-09 
 1.04712855e+06  5.94562044e-08  4.39498855e-09 
 1.07151931e+06  5.79018017e-08  4.39474786e-09 
 1.09647820e+06  5.63635352e-08  4.39457045e-09 
 1.12201845e+06  5.48429427e-08  4.39445701e-09 
 1.14815362e+06  5.33414793e-08  4.39440827e-09 
 1.17489755e+06  5.18605119e-08  4.39442495e-09 
 1.20226443e+06  5.04013159e-08  4.39450779e-09 
 1.23026877e+06  4.89650711e-08  4.39465755e-09 
 1.25892541e+06  4.75528598e-08  4.39487496e-09 
 1.28824955e+06  4.61656653e-08  4.39516079e-09 
 1.31825674e+06  4.48043708e-08  4.39551578e-09 
 1.34896288e+06  4.34697595e-08  4.39594068e-09 
 1.38038426e+06  4.21625157e-08  4.39643622e-09 
 1.41253754e+06  4.08832259e-08  4.39700313e-09 
 1.44543977e+06  3.96323808e-08  4.39764211e-09 
 1.47910839e+06  3.84103781e-08  4.39835387e-09 
 1.51356125e+06  3.72175252e-08  4.39913907e-09 
 1.54881662e+06  3.60540432e-08  4.39999835e-09 
 1.58489319e+06  3.49200700e-08  4.40093234e-09 
 1.62181010e+06  3.38156652e-08  4.40194161e-09 
 1.65958691e+06  3.27408137e-08  4.40302672e-09 
 1.69824365e+06  3.16954305e-08  4.40418818e-09 
 1.73780083e+06  3.06793655e-08  4.40542648e-09 
 1.77827941e+06  2.96924077e-08  4.40674204e-09 
 1.81970086e+06  2.87342904e-08  4.40813526e-09 
 1.86208714e+06  2.78046951e-08  4.40960649e-09 
 1.90546072e+06  2.69032572e-08  4.41115603e-09 
 1.94984460e+06  2.60295693e-08  4.41278415e-09 
 1.99526231e+06  2.51831866e-08  4.41449107e-09 
 2.04173794e+06  2.43636303e-08  4.41627694e-09 
 2.08929613e+06  2.35703923e-08  4.41814192e-09 
 2.13796209e+06  2.28029389e-08  4.42008609e-09 
 2.18776162e+06  2.20607143e-08  4.42210952e-09 
 2.23872114e+06  2.13431444e-08  4.42421222e-09 
 2.29086765e+06  2.06496399e-08  4.42639421e-09 
 2.34422882e+06  1.99795997e-08  4.42865546e-09 
 2.39883292e+06  1.93324133e-08  4.43099594e-09 
 2.45470892e+06  1.87074641e-08  4.43341562e-09 
 2.51188643e+06  1.81041314e-08  4.43591446e-09 
 2.57039578e+06  1.75217930e-08  4.43849244e-09 
 2.63026799e+06  1.69598270e-08  4.44114955e-09 
 2.69153480e+06  1.64176141e-08  4.44388582e-09 
 2.75422870e+06  1.58945392e-08  4.44670134e-09 
 2.81838293e+06  1.53899925e-08  4.44959623e-09 
 2.88403150e+06  1.49033716e-08  4.45257069e-09 
 2.95120923e+06  1.44340825e-08  4.45562502e-09 
 3.01995172e+06  1.39815405e-08  4.45875960e-09 
 3.09029543e+06  1.35451713e-08  4.46197493e-09 
 3.16227766e+06  1.31244119e-08  4.46527163e-09 
 3.23593657e+06  1.27187112e-08  4.46865047e-09 
 3.31131121e+06  1.23275308e-08  4.47211239e-09 
 3.38844156e+06  1.19503451e-08  4.47565848e-09 
 3.46736850e+06  1.15866422e-08  4.47929005e-09 
 3.54813389e+06  1.12359237e-08  4.48300859e-09 
 3.63078055e+06  1.08977055e-08  4.48681583e-09 
 3.71535229e+06  1.05715175e-08  4.49071373e-09 
 3.80189396e+06  1.02569038e-08  4.49470451e-09 
 3.89045145e+06  9.95342276e-09  4.49879066e-09 
 3.98107171e+06  9.66064716e-09  4.50297494e-09 
 4.07380278e+06  9.37816380e-09  4.50726041e-09 
 4.16869383e+06  9.10557358e-09  4.51165046e-09 
 4.26579519e+06  8.84249126e-09  4.51614878e-09 
 4.36515832e+06  8.58854534e-09  4.52075941e-09 
 4.46683592e+06  8.34337776e-09  4.52548674e-09 
 4.57088190e+06  8.10664369e-09  4.53033552e-09 
 4.67735141e+06  7.87801125e-09  4.53531088e-09 
 4.78630092e+06  7.65716118e-09  4.54041832e-09 
 4.89778819e+06  7.44378661e-09  4.54566373e-09 
 5.01187234e+06  7.23759266e-09  4.55105344e-09 
 5.12861384e+06  7.03829613e-09  4.55659414e-09 
 5.24807460e+06  6.84562517e-09  4.56229300e-09 
 5.37031796e+06  6.65931894e-09  4.56815757e-09 
 5.49540874e+06  6.47912723e-09  4.57419588e-09 
 5.62341325e+06  6.30481012e-09  4.58041637e-09 
 5.75439937e+06  6.13613762e-09  4.58682798e-09 
 5.88843655e+06  5.97288935e-09  4.59344006e-09 
 6.02559586e+06  5.81485414e-09  4.60026248e-09 
 6.16595002e+06  5.66182972e-09  4.60730555e-09 
 6.30957344e+06  5.51362235e-09  4.61458008e-09 
 6.45654229e+06  5.37004652e-09  4.62209737e-09 
 6.60693448e+06  5.23092458e-09  4.62986921e-09 
 6.76082975e+06  5.09608645e-09  4.63790790e-09 
 6.91830971e+06  4.96536928e-09  4.64622623e-09 
 7.07945784e+06  4.83861716e-09  4.65483752e-09 
 7.24435960e+06  4.71568081e-09  4.66375560e-09 
 7.41310241e+06  4.59641727e-09  4.67299484e-09 
 7.58577575e+06  4.48068967e-09  4.68257011e-09 
 7.76247117e+06  4.36836692e-09  4.69249682e-09 
 7.94328235e+06  4.25932345e-09  4.70279094e-09 
 8.12830516e+06  4.15343894e-09  4.71346895e-09 
 8.31763771e+06  4.05059813e-09  4.72454789e-09 
 8.51138038e+06  3.95069052e-09  4.73604532e-09 
 8.70963590e+06  3.85361019e-09  4.74797937e-09 
 8.91250938e+06  3.75925556e-09  4.76036870e-09 
 9.12010839e+06  3.66752918e-09  4.77323251e-09 
 9.33254301e+06  3.57833756e-09  4.78659056e-09 
 9.54992586e+06  3.49159093e-09  4.80046313e-09 
 9.77237221e+06  3.40720312e-09  4.81487105e-09 
 1.00000000e+07  3.32509132e-09  4.82983566e-09 
 1.02329299e+07  3.24517598e-09  4.84537884e-09 
 1.04712855e+07  3.16738061e-09  4.86152297e-09 
 1.07151931e+07  3.09163165e-09  4.87829093e-09 
 1.09647820e+07  3.01785833e-09  4.89570609e-09 
 1.12201845e+07  2.94599253e-09  4.91379231e-09 
 1.14815362e+07  2.87596866e-09  4.93257388e-09 
 1.17489755e+07  2.80772354e-09  4.95207555e-09 
 1.20226443e+07  2.74119631e-09  4.97232247e-09 
 1.23026877e+07  2.67632829e-09  4.99334017e-09 
 1.25892541e+07  2.61306291e-09  5.01515458e-09 
 1.28824955e+07  2.55134563e-09  5.03779194e-09 
 1.31825674e+07  2.49112383e-09  5.06127879e-09 
 1.34896288e+07  2.43234673e-09  5.08564194e-09 
 1.38038426e+07  2.37496538e-09  5.11090845e-09 
 1.41253754e+07  2.31893251e-09  5.13710553e-09 
 1.44543977e+07  2.26420253e-09  5.16426058e-09 
 1.47910839e+07  2.21073148e-09  5.19240106e-09 
 1.51356125e+07  2.15847694e-09  5.22155450e-09 
 1.54881662e+07  2.10739803e-09  5.25174844e-09 
 1.58489319e+07  2.05745535e-09  5.28301035e-09 
 1.62181010e+07  2.00861097e-09  5.31536759e-09 
 1.65958691e+07  1.96082835e-09  5.34884737e-09 
 1.69824365e+07  1.91407240e-09  5.38347665e-09 
 1.73780083e+07  1.86830938e-09  5.41928213e-09 
 1.77827941e+07  1.82350693e-09  5.45629014e-09 
 1.81970086e+07  1.77963405e-09  5.49452661e-09 
 1.86208714e+07  1.73666105e-09  5.53401698e-09 
 1.90546072e+07  1.69455961e-09  5.57478617e-09 
 1.94984460e+07  1.65330270e-09  5.61685848e-09 
 1.99526231e+07  1.61286462e-09  5.66025758e-09 
 2.04173794e+07  1.57322097e-09  5.70500638e-09 
 2.08929613e+07  1.53434865e-09  5.75112705e-09 
 2.13796209e+07  1.49622586e-09  5.79864089e-09 
 2.18776162e+07  1.45883205e-09  5.84756835e-09 
 2.23872114e+07  1.42214796e-09  5.89792892e-09 
 2.29086765e+07  1.38615559e-09  5.94974114e-09 
 2.34422882e+07  1.35083815e-09  6.00302255e-09 
 2.39883292e+07  1.31618008e-09  6.05778963e-09 
 2.45470892e+07  1.28216700e-09  6.11405780e-09 
 2.51188643e+07  1.24878569e-09  6.17184144e-09 
 2.57039578e+07  1.21602405e-09  6.23115382e-09 
 2.63026799e+07  1.18387108e-09  6.29200715e-09 
 2.69153480e+07  1.15231680e-09  6.35441256e-09 
 2.75422870e+07  1.12135224e-09  6.41838017e-09 
 2.81838293e+07  1.09096934e-09  6.48391908e-09 
 2.88403150e+07  1.06116096e-09  6.55103742e-09 
 2.95120923e+07  1.03192075e-09  6.61974245e-09 
 3.01995172e+07  1.00324311e-09  6.69004058e-09 
 3.09029543e+07  9.75123146e-10  6.76193748e-09 
 3.16227766e+07  9.47556552e-10  6.83543817e-09 
 3.23593657e+07  9.20539566e-10  6.91054714e-09 
 3.31131121e+07  8.94068886e-10  6.98726844e-09 
 3.38844156e+07  8.68141592e-10  7.06560584e-09 
 3.46736850e+07  8.42755069e-10  7.14556298e-09 
 3.54813389e+07  8.17906937e-10  7.22714351e-09 
 3.63078055e+07  7.93594971e-10  7.31035124e-09 
 3.71535229e+07  7.69817033e-10  7.39519038e-09 
 3.80189396e+07  7.46571002e-10  7.48166566e-09 
 3.89045145e+07  7.23854712e-10  7.56978256e-09 
 3.98107171e+07  7.01665889e-10  7.65954751e-09 
 4.07380278e+07  6.80002099e-10  7.75096811e-09 
 4.16869383e+07  6.58860696e-10  7.84405331e-09 
 4.26579519e+07  6.38238777e-10  7.93881367e-09 
 4.36515832e+07  6.18133145e-10  8.03526155e-09 
 4.46683592e+07  5.98540279e-10  8.13341132e-09 
 4.57088190e+07  5.79456301e-10  8.23327964e-09 
 4.67735141e+07  5.60876963e-10  8.33488560e-09 
 4.78630092e+07  5.42797626e-10  8.43825097e-09 
 4.89778819e+07  5.25213257e-10  8.54340042e-09 
 5.01187234e+07  5.08118418e-10  8.65036167e-09 
 5.12861384e+07  4.91507275e-10  8.75916572e-09 
 5.24807460e+07  4.75373597e-10  8.86984703e-09 
 5.37031796e+07  4.59710771e-10  8.98244365e-09 
 5.49540874e+07  4.44511814e-10  9.09699741e-09 
 5.62341325e+07  4.29769389e-10  9.21355402e-09 
 5.75439937e+07  4.15475825e-10  9.33216325e-09 
 5.88843655e+07  4.01623143e-10  9.45287897e-09 
 6.02559586e+07  3.88203075e-10  9.57575930e-09 
 6.16595002e+07  3.75207095e-10  9.70086664e-09 
 6.30957344e+07  3.62626440e-10  9.82826774e-09 
 6.45654229e+07  3.50452143e-10  9.95803374e-09 
 6.60693448e+07  3.38675061e-10  1.00902402e-08 
 6.76082975e+07  3.27285897e-10  1.02249670e-08 
 6.91830971e+07  3.16275237e-10  1.03622986e-08 
 7.07945784e+07  3.05633569e-10  1.05023236e-08 
 7.24435960e+07  2.95351317e-10  1.06451349e-08 
 7.41310241e+07  2.85418862e-10  1.07908298e-08 
 7.58577575e+07  2.75826571e-10  1.09395097e-08 
 7.76247117e+07  2.66564816e-10  1.10912799e-08 
 7.94328235e+07  2.57624001e-10  1.12462497e-08 
 8.12830516e+07  2.48994583e-10  1.14045324e-08 
 8.31763771e+07  2.40667089e-10  1.15662445e-08 
 8.51138038e+07  2.32632137e-10  1.17315066e-08 
 8.70963590e+07  2.24880453e-10  1.19004421e-08 
 8.91250938e+07  2.17402884e-10  1.20731781e-08 
 9.12010839e+07  2.10190416e-10  1.22498443e-08 
 9.33254301e+07  2.03234186e-10  1.24305736e-08 
 9.54992586e+07  1.96525490e-10  1.26155012e-08 
 9.77237221e+07  1.90055797e-10  1.28047652e-08 
 1.00000000e+08  1.83816757e-10  1.29985056e-08 
 1.02329299e+08  1.77800208e-10  1.31968647e-08 
 1.04712855e+08  1.71998182e-10  1.33999867e-08 
 1.07151931e+08  1.66402911e-10  1.36080175e-08 
 1.09647820e+08  1.61006833e-10  1.38211046e-08 
 1.12201845e+08  1.55802591e-10  1.40393967e-08 
 1.14815362e+08  1.50783040e-10  1.42630438e-08 
 1.17489755e+08  1.45941247e-10  1.44921969e-08 
 1.20226443e+08  1.41270489e-10  1.47270076e-08 
 1.23026877e+08  1.36764257e-10  1.49676285e-08 
 1.25892541e+08  1.32416254e-10  1.52142123e-08 
 1.28824955e+08  1.28220392e-10  1.54669122e-08 
 1.31825674e+08  1.24170794e-10  1.57258816e-08 
 1.34896288e+08  1.20261787e-10  1.59912738e-08 
 1.38038426e+08  1.16487903e-10  1.62632420e-08 
 1.41253754e+08  1.12843874e-10  1.65419389e-08 
 1.44543977e+08  1.09324629e-10  1.68275171e-08 
 1.47910839e+08  1.05925289e-10  1.71201284e-08 
 1.51356125e+08  1.02641165e-10  1.74199238e-08 
 1.54881662e+08  9.94677529e-11  1.77270538e-08 
 1.58489319e+08  9.64007281e-11  1.80416677e-08 
 1.62181010e+08  9.34359411e-11  1.83639137e-08 
 1.65958691e+08  9.05694133e-11  1.86939388e-08 
 1.69824365e+08  8.77973315e-11  1.90318890e-08 
 1.73780083e+08  8.51160430e-11  1.93779085e-08 
 1.77827941e+08  8.25220506e-11  1.97321403e-08 
 1.81970086e+08  8.00120077e-11  2.00947255e-08 
 1.86208714e+08  7.75827127e-11  2.04658039e-08 
 1.90546072e+08  7.52311044e-11  2.08455132e-08 
 1.94984460e+08  7.29542565e-11  2.12339893e-08 
 1.99526231e+08  7.07493730e-11  2.16313664e-08 
 2.04173794e+08  6.86137828e-11  2.20377765e-08 
 2.08929613e+08  6.65449349e-11  2.24533496e-08 
 2.13796209e+08  6.45403940e-11  2.28782138e-08 
 2.18776162e+08  6.25978349e-11  2.33124948e-08 
 2.23872114e+08  6.07150386e-11  2.37563165e-08 
 2.29086765e+08  5.88898872e-11  2.42098004e-08 
 2.34422882e+08  5.71203596e-11  2.46730660e-08 
 2.39883292e+08  5.54045273e-11  2.51462307e-08 
 2.45470892e+08  5.37405499e-11  2.56294098e-08 
 2.51188643e+08  5.21266709e-11  2.61227167e-08 
 2.57039578e+08  5.05612140e-11  2.66262627e-08 
 2.63026799e+08  4.90425787e-11  2.71401575e-08 
 2.69153480e+08  4.75692370e-11  2.76645091e-08 
 2.75422870e+08  4.61397293e-11  2.81994237e-08 
 2.81838293e+08  4.47526611e-11  2.87450066e-08 
 2.88403150e+08  4.34066994e-11  2.93013617e-08 
 2.95120923e+08  4.21005696e-11  2.98685919e-08 
 3.01995172e+08  4.08330519e-11  3.04467997e-08 
 3.09029543e+08  3.96029787e-11  3.10360872e-08 
 3.16227766e+08  3.84092312e-11  3.16365564e-08 
 3.23593657e+08  3.72507370e-11  3.22483097e-08 
 3.31131121e+08  3.61264669e-11  3.28714503e-08 
 3.38844156e+08  3.50354327e-11  3.35060825e-08 
 3.46736850e+08  3.39766846e-11  3.41523121e-08 
 3.54813389e+08  3.29493086e-11  3.48102469e-08 
 3.63078055e+08  3.19524247e-11  3.54799976e-08 
 3.71535229e+08  3.09851845e-11  3.61616774e-08 
 3.80189396e+08  3.00467689e-11  3.68554035e-08 
 3.89045145e+08  2.91363869e-11  3.75612971e-08 
 3.98107171e+08  2.82532733e-11  3.82794838e-08 
 4.07380278e+08  2.73966870e-11  3.90100947e-08 
 4.16869383e+08  2.65659098e-11  3.97532666e-08 
 4.26579519e+08  2.57602446e-11  4.05091424e-08 
 4.36515832e+08  2.49790141e-11  4.12778719e-08 
 4.46683592e+08  2.42215598e-11  4.20596122e-08 
 4.57088190e+08  2.34872403e-11  4.28545284e-08 
 4.67735141e+08  2.27754310e-11  4.36627936e-08 
 4.78630092e+08  2.20855225e-11  4.44845898e-08 
 4.89778819e+08  2.14169199e-11  4.53201077e-08 
 5.01187234e+08  2.07690421e-11  4.61695478e-08 
 5.12861384e+08  2.01413211e-11  4.70331200e-08 
 5.24807460e+08  1.95332013e-11  4.79110441e-08 
 5.37031796e+08  1.89441388e-11  4.88035499e-08 
 5.49540874e+08  1.83736012e-11  4.97108773e-08 
 5.62341325e+08  1.78210670e-11  5.06332762e-08 
 5.75439937e+08  1.72860254e-11  5.15710067e-08 
 5.88843655e+08  1.67679755e-11  5.25243384e-08 
 6.02559586e+08  1.62664267e-11  5.34935511e-08 
 6.16595002e+08  1.57808981e-11  5.44789333e-08 
 6.30957344e+08  1.53109184e-11  5.54807829e-08 
 6.45654229e+08  1.48560258e-11  5.64994063e-08 
 6.60693448e+08  1.44157676e-11  5.75351176e-08 
 6.76082975e+08  1.39897007e-11  5.85882385e-08 
 6.91830971e+08  1.35773911e-11  5.96590974e-08 
 7.07945784e+08  1.31784138e-11  6.07480289e-08 
 7.24435960e+08  1.27923532e-11  6.18553727e-08 
 7.41310241e+08  1.24188027e-11  6.29814730e-08 
 7.58577575e+08  1.20573648e-11  6.41266778e-08 
 7.76247117e+08  1.17076512e-11  6.52913378e-08 
 7.94328235e+08  1.13692826e-11  6.64758058e-08 
 8.12830516e+08  1.10418890e-11  6.76804356e-08 
 8.31763771e+08  1.07251093e-11  6.89055811e-08 
 8.51138038e+08  1.04185918e-11  7.01515960e-08 
 8.70963590e+08  1.01219937e-11  7.14188321e-08 
 8.91250938e+08  9.83498120e-12  7.27076394e-08 
 9.12010839e+08  9.55722980e-12  7.40183648e-08 
 9.33254301e+08  9.28842385e-12  7.53513518e-08 
 9.54992586e+08  9.02825672e-12  7.67069397e-08 
 9.77237221e+08  8.77643065e-12  7.80854632e-08 
 1.00000000e+09  8.53265675e-12  7.94872520e-08 
