 frequency              gain                  
 1.000000000000000e+00  1.046673024085394e+00 
 1.019373485938873e+00  1.046673024085394e+00 
 1.039122303835169e+00  1.046673024085394e+00 
 1.059253725177289e+00  1.046673024085394e+00 
 1.079775162327710e+00  1.046673024085393e+00 
 1.100694171252210e+00  1.046673024085393e+00 
 1.122018454301964e+00  1.046673024085393e+00 
 1.143755863049539e+00  1.046673024085393e+00 
 1.165914401179832e+00  1.046673024085392e+00 
 1.188502227437019e+00  1.046673024085392e+00 
 1.211527658628589e+00  1.046673024085392e+00 
 1.234999172687586e+00  1.046673024085392e+00 
 1.258925411794168e+00  1.046673024085392e+00 
 1.283315185557652e+00  1.046673024085391e+00 
 1.308177474260195e+00  1.046673024085391e+00 
 1.333521432163325e+00  1.046673024085391e+00 
 1.359356390878527e+00  1.046673024085391e+00 
 1.385691862803129e+00  1.046673024085390e+00 
 1.412537544622755e+00  1.046673024085390e+00 
 1.439903320881634e+00  1.046673024085390e+00 
 1.467799267622071e+00  1.046673024085390e+00 
 1.496235656094435e+00  1.046673024085389e+00 
 1.525222956539020e+00  1.046673024085389e+00 
 1.554771842041175e+00  1.046673024085389e+00 
 1.584893192461115e+00  1.046673024085388e+00 
 1.615598098439875e+00  1.046673024085388e+00 
 1.646897865482870e+00  1.046673024085388e+00 
 1.678804018122562e+00  1.046673024085387e+00 
 1.711328304161782e+00  1.046673024085387e+00 
 1.744482698999256e+00  1.046673024085386e+00 
 1.778279410038925e+00  1.046673024085386e+00 
 1.812730881184701e+00  1.046673024085385e+00 
 1.847849797422293e+00  1.046673024085385e+00 
 1.883649089489803e+00  1.046673024085385e+00 
 1.920141938638804e+00  1.046673024085384e+00 
 1.957341781487663e+00  1.046673024085383e+00 
 1.995262314968882e+00  1.046673024085383e+00 
 2.033917501372295e+00  1.046673024085383e+00 
 2.073321573485958e+00  1.046673024085382e+00 
 2.113489039836649e+00  1.046673024085381e+00 
 2.154434690031886e+00  1.046673024085381e+00 
 2.196173600205439e+00  1.046673024085380e+00 
 2.238721138568343e+00  1.046673024085380e+00 
 2.282092971067454e+00  1.046673024085379e+00 
 2.326305067153629e+00  1.046673024085378e+00 
 2.371373705661659e+00  1.046673024085377e+00 
 2.417315480804108e+00  1.046673024085377e+00 
 2.464147308281285e+00  1.046673024085375e+00 
 2.511886431509584e+00  1.046673024085375e+00 
 2.560550427970480e+00  1.046673024085374e+00 
 2.610157215682541e+00  1.046673024085373e+00 
 2.660725059798814e+00  1.046673024085372e+00 
 2.712272579332033e+00  1.046673024085371e+00 
 2.764818754010113e+00  1.046673024085370e+00 
 2.818382931264459e+00  1.046673024085369e+00 
 2.872984833353670e+00  1.046673024085368e+00 
 2.928644564625242e+00  1.046673024085367e+00 
 2.985382618917966e+00  1.046673024085366e+00 
 3.043219887107728e+00  1.046673024085365e+00 
 3.102177664799508e+00  1.046673024085363e+00 
 3.162277660168387e+00  1.046673024085361e+00 
 3.223542001952470e+00  1.046673024085360e+00 
 3.285993247600662e+00  1.046673024085359e+00 
 3.349654391578285e+00  1.046673024085357e+00 
 3.414548873833610e+00  1.046673024085356e+00 
 3.480700588428419e+00  1.046673024085354e+00 
 3.548133892335763e+00  1.046673024085353e+00 
 3.616873614408168e+00  1.046673024085351e+00 
 3.686945064519584e+00  1.046673024085349e+00 
 3.758374042884451e+00  1.046673024085347e+00 
 3.831186849557297e+00  1.046673024085345e+00 
 3.905410294116390e+00  1.046673024085343e+00 
 3.981071705534982e+00  1.046673024085341e+00 
 4.058198942243808e+00  1.046673024085339e+00 
 4.136820402388517e+00  1.046673024085336e+00 
 4.216965034285833e+00  1.046673024085334e+00 
 4.298662347082288e+00  1.046673024085331e+00 
 4.381942421619448e+00  1.046673024085329e+00 
 4.466835921509642e+00  1.046673024085326e+00 
 4.553374104426261e+00  1.046673024085323e+00 
 4.641588833612791e+00  1.046673024085321e+00 
 4.731512589614817e+00  1.046673024085317e+00 
 4.823178482239319e+00  1.046673024085314e+00 
 4.916620262745656e+00  1.046673024085311e+00 
 5.011872336272736e+00  1.046673024085304e+00 
 5.108969774506941e+00  1.046673024085301e+00 
 5.207948328595478e+00  1.046673024085297e+00 
 5.308844442309899e+00  1.046673024085294e+00 
 5.411695265464652e+00  1.046673024085290e+00 
 5.516538667595595e+00  1.046673024085286e+00 
 5.623413251903506e+00  1.046673024085281e+00 
 5.732358369467730e+00  1.046673024085277e+00 
 5.843414133735193e+00  1.046673024085272e+00 
 5.956621435290122e+00  1.046673024085268e+00 
 6.072021956909904e+00  1.046673024085262e+00 
 6.189658188912625e+00  1.046673024085257e+00 
 6.309573444801952e+00  1.046673024085252e+00 
 6.431811877215107e+00  1.046673024085246e+00 
 6.556418494179809e+00  1.046673024085240e+00 
 6.683439175686167e+00  1.046673024085235e+00 
 6.812920690579634e+00  1.046673024085228e+00 
 6.944910713781234e+00  1.046673024085215e+00 
 7.079457843841402e+00  1.046673024085209e+00 
 7.216611620833906e+00  1.046673024085202e+00 
 7.356422544596438e+00  1.046673024085194e+00 
 7.498942093324583e+00  1.046673024085187e+00 
 7.644222742526028e+00  1.046673024085179e+00 
 7.792317984341968e+00  1.046673024085171e+00 
 7.943282347242842e+00  1.046673024085162e+00 
 8.097171416105647e+00  1.046673024085154e+00 
 8.254041852680212e+00  1.046673024085144e+00 
 8.413951416451980e+00  1.046673024085135e+00 
 8.576958985908970e+00  1.046673024085125e+00 
 8.743124580220766e+00  1.046673024085115e+00 
 8.912509381337486e+00  1.046673024085104e+00 
 9.085175756516900e+00  1.046673024085050e+00 
 9.261187281287969e+00  1.046673024085038e+00 
 9.440608762859268e+00  1.046673024085026e+00 
 9.623506263980921e+00  1.046673024085014e+00 
 9.809947127268810e+00  1.046673024085001e+00 
 1.000000000000004e+01  1.046673024084988e+00 
 1.019373485938877e+01  1.046673024084974e+00 
 1.039122303835173e+01  1.046673024084959e+00 
 1.059253725177293e+01  1.046673024084944e+00 
 1.079775162327714e+01  1.046673024084925e+00 
 1.100694171252214e+01  1.046673024084908e+00 
 1.122018454301968e+01  1.046673024084892e+00 
 1.143755863049543e+01  1.046673024084874e+00 
 1.165914401179836e+01  1.046673024084856e+00 
 1.188502227437023e+01  1.046673024084837e+00 
 1.211527658628593e+01  1.046673024084811e+00 
 1.234999172687590e+01  1.046673024084790e+00 
 1.258925411794172e+01  1.046673024084769e+00 
 1.283315185557657e+01  1.046673024084747e+00 
 1.308177474260200e+01  1.046673024084724e+00 
 1.333521432163330e+01  1.046673024084656e+00 
 1.359356390878532e+01  1.046673024084631e+00 
 1.385691862803134e+01  1.046673024084606e+00 
 1.412537544622761e+01  1.046673024084579e+00 
 1.439903320881639e+01  1.046673024084551e+00 
 1.467799267622076e+01  1.046673024084522e+00 
 1.496235656094440e+01  1.046673024084492e+00 
 1.525222956539026e+01  1.046673024084461e+00 
 1.554771842041181e+01  1.046673024084422e+00 
 1.584893192461121e+01  1.046673024084388e+00 
 1.615598098439882e+01  1.046673024084349e+00 
 1.646897865482876e+01  1.046673024084269e+00 
 1.678804018122569e+01  1.046673024084232e+00 
 1.711328304161789e+01  1.046673024084192e+00 
 1.744482698999263e+01  1.046673024084152e+00 
 1.778279410038932e+01  1.046673024084109e+00 
 1.812730881184708e+01  1.046673024084065e+00 
 1.847849797422300e+01  1.046673024084013e+00 
 1.883649089489810e+01  1.046673024083962e+00 
 1.920141938638811e+01  1.046673024083869e+00 
 1.957341781487670e+01  1.046673024083817e+00 
 1.995262314968890e+01  1.046673024083764e+00 
 2.033917501372302e+01  1.046673024083708e+00 
 2.073321573485966e+01  1.046673024083644e+00 
 2.113489039836658e+01  1.046673024083584e+00 
 2.154434690031895e+01  1.046673024083478e+00 
 2.196173600205448e+01  1.046673024083413e+00 
 2.238721138568352e+01  1.046673024083343e+00 
 2.282092971067463e+01  1.046673024083266e+00 
 2.326305067153639e+01  1.046673024083193e+00 
 2.371373705661668e+01  1.046673024083074e+00 
 2.417315480804117e+01  1.046673024082992e+00 
 2.464147308281295e+01  1.046673024082911e+00 
 2.511886431509594e+01  1.046673024082819e+00 
 2.560550427970491e+01  1.046673024082688e+00 
 2.610157215682552e+01  1.046673024082596e+00 
 2.660725059798825e+01  1.046673024082501e+00 
 2.712272579332044e+01  1.046673024082393e+00 
 2.764818754010124e+01  1.046673024082247e+00 
 2.818382931264470e+01  1.046673024082140e+00 
 2.872984833353682e+01  1.046673024082019e+00 
 2.928644564625254e+01  1.046673024081860e+00 
 2.985382618917978e+01  1.046673024081741e+00 
 3.043219887107740e+01  1.046673024081609e+00 
 3.102177664799520e+01  1.046673024081433e+00 
 3.162277660168399e+01  1.046673024081292e+00 
 3.223542001952483e+01  1.046673024081109e+00 
 3.285993247600675e+01  1.046673024080961e+00 
 3.349654391578298e+01  1.046673024080760e+00 
 3.414548873833623e+01  1.046673024080603e+00 
 3.480700588428433e+01  1.046673024080431e+00 
 3.548133892335778e+01  1.046673024080218e+00 
 3.616873614408183e+01  1.046673024080033e+00 
 3.686945064519600e+01  1.046673024079807e+00 
 3.758374042884466e+01  1.046673024079567e+00 
 3.831186849557313e+01  1.046673024079360e+00 
 3.905410294116406e+01  1.046673024079108e+00 
 3.981071705534999e+01  1.046673024078889e+00 
 4.058198942243826e+01  1.046673024078624e+00 
 4.136820402388535e+01  1.046673024078341e+00 
 4.216965034285851e+01  1.046673024078092e+00 
 4.298662347082306e+01  1.046673024077794e+00 
 4.381942421619467e+01  1.046673024077489e+00 
 4.466835921509661e+01  1.046673024077167e+00 
 4.553374104426280e+01  1.046673024076839e+00 
 4.641588833612811e+01  1.046673024076540e+00 
 4.731512589614837e+01  1.046673024076186e+00 
 4.823178482239340e+01  1.046673024075823e+00 
 4.916620262745678e+01  1.046673024075445e+00 
 5.011872336272758e+01  1.046673024075054e+00 
 5.108969774506964e+01  1.046673024074650e+00 
 5.207948328595500e+01  1.046673024074232e+00 
 5.308844442309921e+01  1.046673024073804e+00 
 5.411695265464675e+01  1.046673024073311e+00 
 5.516538667595619e+01  1.046673024072851e+00 
 5.623413251903531e+01  1.046673024072370e+00 
 5.732358369467754e+01  1.046673024071872e+00 
 5.843414133735218e+01  1.046673024071311e+00 
 5.956621435290148e+01  1.046673024070775e+00 
 6.072021956909929e+01  1.046673024070183e+00 
 6.189658188912651e+01  1.046673024069608e+00 
 6.309573444801979e+01  1.046673024068977e+00 
 6.431811877215135e+01  1.046673024068358e+00 
 6.556418494179837e+01  1.046673024067683e+00 
 6.683439175686196e+01  1.046673024066977e+00 
 6.812920690579664e+01  1.046673024066250e+00 
 6.944910713781265e+01  1.046673024065495e+00 
 7.079457843841433e+01  1.046673024064719e+00 
 7.216611620833937e+01  1.046673024063912e+00 
 7.356422544596469e+01  1.046673024063079e+00 
 7.498942093324617e+01  1.046673024062219e+00 
 7.644222742526063e+01  1.046673024061321e+00 
 7.792317984342003e+01  1.046673024060355e+00 
 7.943282347242878e+01  1.046673024059394e+00 
 8.097171416105684e+01  1.046673024058363e+00 
 8.254041852680250e+01  1.046673024057288e+00 
 8.413951416452018e+01  1.046673024056224e+00 
 8.576958985909010e+01  1.046673024055075e+00 
 8.743124580220807e+01  1.046673024053892e+00 
 8.912509381337527e+01  1.046673024052624e+00 
 9.085175756516942e+01  1.046673024051355e+00 
 9.261187281288011e+01  1.046673024050037e+00 
 9.440608762859311e+01  1.046673024048636e+00 
 9.623506263980966e+01  1.046673024047182e+00 
 9.809947127268855e+01  1.046673024045722e+00 
 1.000000000000008e+02  1.046673024044167e+00 
 1.019373485938881e+02  1.046673024042515e+00 
 1.039122303835178e+02  1.046673024040854e+00 
 1.059253725177298e+02  1.046673024039130e+00 
 1.079775162327719e+02  1.046673024037307e+00 
 1.100694171252219e+02  1.046673024035415e+00 
 1.122018454301973e+02  1.046673024033461e+00 
 1.143755863049548e+02  1.046673024031440e+00 
 1.165914401179842e+02  1.046673024029341e+00 
 1.188502227437029e+02  1.046673024027133e+00 
 1.211527658628599e+02  1.046673024024848e+00 
 1.234999172687595e+02  1.046673024022482e+00 
 1.258925411794178e+02  1.046673024020029e+00 
 1.283315185557662e+02  1.046673024017452e+00 
 1.308177474260206e+02  1.046673024014786e+00 
 1.333521432163336e+02  1.046673024012027e+00 
 1.359356390878538e+02  1.046673024009174e+00 
 1.385691862803140e+02  1.046673024006175e+00 
 1.412537544622767e+02  1.046673024003071e+00 
 1.439903320881646e+02  1.046673023999866e+00 
 1.467799267622083e+02  1.046673023996542e+00 
 1.496235656094447e+02  1.046673023993060e+00 
 1.525222956539033e+02  1.046673023989413e+00 
 1.554771842041188e+02  1.046673023985683e+00 
 1.584893192461128e+02  1.046673023981781e+00 
 1.615598098439889e+02  1.046673023977705e+00 
 1.646897865482883e+02  1.046673023973524e+00 
 1.678804018122576e+02  1.046673023969114e+00 
 1.711328304161796e+02  1.046673023964589e+00 
 1.744482698999270e+02  1.046673023959870e+00 
 1.778279410038939e+02  1.046673023954941e+00 
 1.812730881184716e+02  1.046673023949843e+00 
 1.847849797422308e+02  1.046673023944519e+00 
 1.883649089489818e+02  1.046673023939015e+00 
 1.920141938638820e+02  1.046673023933314e+00 
 1.957341781487679e+02  1.046673023927331e+00 
 1.995262314968899e+02  1.046673023921139e+00 
 2.033917501372311e+02  1.046673023914738e+00 
 2.073321573485975e+02  1.046673023908064e+00 
 2.113489039836667e+02  1.046673023901117e+00 
 2.154434690031904e+02  1.046673023893924e+00 
 2.196173600205457e+02  1.046673023886396e+00 
 2.238721138568361e+02  1.046673023878610e+00 
 2.282092971067473e+02  1.046673023870550e+00 
 2.326305067153649e+02  1.046673023862130e+00 
 2.371373705661678e+02  1.046673023853407e+00 
 2.417315480804128e+02  1.046673023844342e+00 
 2.464147308281306e+02  1.046673023834874e+00 
 2.511886431509605e+02  1.046673023825080e+00 
 2.560550427970502e+02  1.046673023814902e+00 
 2.610157215682563e+02  1.046673023804324e+00 
 2.660725059798837e+02  1.046673023793330e+00 
 2.712272579332056e+02  1.046673023781915e+00 
 2.764818754010136e+02  1.046673023770019e+00 
 2.818382931264483e+02  1.046673023757664e+00 
 2.872984833353694e+02  1.046673023744876e+00 
 2.928644564625267e+02  1.046673023731517e+00 
 2.985382618917990e+02  1.046673023717698e+00 
 3.043219887107753e+02  1.046673023703305e+00 
 3.102177664799533e+02  1.046673023688373e+00 
 3.162277660168412e+02  1.046673023672826e+00 
 3.223542001952496e+02  1.046673023656699e+00 
 3.285993247600689e+02  1.046673023639925e+00 
 3.349654391578312e+02  1.046673023622486e+00 
 3.414548873833638e+02  1.046673023604389e+00 
 3.480700588428447e+02  1.046673023585537e+00 
 3.548133892335792e+02  1.046673023565986e+00 
 3.616873614408197e+02  1.046673023545669e+00 
 3.686945064519614e+02  1.046673023524561e+00 
 3.758374042884482e+02  1.046673023502632e+00 
 3.831186849557329e+02  1.046673023479804e+00 
 3.905410294116422e+02  1.046673023456139e+00 
 3.981071705535015e+02  1.046673023431525e+00 
 4.058198942243842e+02  1.046673023405927e+00 
 4.136820402388552e+02  1.046673023379351e+00 
 4.216965034285868e+02  1.046673023351716e+00 
 4.298662347082324e+02  1.046673023323036e+00 
 4.381942421619485e+02  1.046673023293188e+00 
 4.466835921509680e+02  1.046673023262208e+00 
 4.553374104426299e+02  1.046673023229983e+00 
 4.641588833612830e+02  1.046673023196507e+00 
 4.731512589614857e+02  1.046673023161736e+00 
 4.823178482239360e+02  1.046673023125626e+00 
 4.916620262745698e+02  1.046673023088045e+00 
 5.011872336272779e+02  1.046673023049024e+00 
 5.108969774506985e+02  1.046673023008518e+00 
 5.207948328595522e+02  1.046673022966386e+00 
 5.308844442309944e+02  1.046673022922574e+00 
 5.411695265464699e+02  1.046673022877109e+00 
 5.516538667595644e+02  1.046673022829838e+00 
 5.623413251903556e+02  1.046673022780717e+00 
 5.732358369467780e+02  1.046673022729664e+00 
 5.843414133735243e+02  1.046673022676621e+00 
 5.956621435290174e+02  1.046673022621517e+00 
 6.072021956909956e+02  1.046673022564235e+00 
 6.189658188912678e+02  1.046673022504744e+00 
 6.309573444802006e+02  1.046673022442882e+00 
 6.431811877215163e+02  1.046673022378608e+00 
 6.556418494179866e+02  1.046673022311840e+00 
 6.683439175686225e+02  1.046673022242446e+00 
 6.812920690579693e+02  1.046673022170376e+00 
 6.944910713781295e+02  1.046673022095454e+00 
 7.079457843841464e+02  1.046673022017586e+00 
 7.216611620833969e+02  1.046673021936704e+00 
 7.356422544596502e+02  1.046673021852612e+00 
 7.498942093324649e+02  1.046673021765296e+00 
 7.644222742526096e+02  1.046673021674515e+00 
 7.792317984342036e+02  1.046673021580181e+00 
 7.943282347242912e+02  1.046673021482178e+00 
 8.097171416105718e+02  1.046673021380335e+00 
 8.254041852680285e+02  1.046673021274516e+00 
 8.413951416452054e+02  1.046673021164537e+00 
 8.576958985909047e+02  1.046673021050258e+00 
 8.743124580220845e+02  1.046673020931531e+00 
 8.912509381337566e+02  1.046673020808154e+00 
 9.085175756516981e+02  1.046673020679916e+00 
 9.261187281288051e+02  1.046673020546710e+00 
 9.440608762859353e+02  1.046673020408255e+00 
 9.623506263981008e+02  1.046673020264379e+00 
 9.809947127268898e+02  1.046673020114896e+00 
 1.000000000000013e+03  1.046673019959567e+00 
 1.019373485938886e+03  1.046673019798134e+00 
 1.039122303835182e+03  1.046673019630443e+00 
 1.059253725177302e+03  1.046673019456144e+00 
 1.079775162327723e+03  1.046673019275043e+00 
 1.100694171252224e+03  1.046673019086810e+00 
 1.122018454301978e+03  1.046673018891263e+00 
 1.143755863049553e+03  1.046673018688094e+00 
 1.165914401179847e+03  1.046673018476894e+00 
 1.188502227437034e+03  1.046673018257495e+00 
 1.211527658628604e+03  1.046673018029507e+00 
 1.234999172687601e+03  1.046673017792594e+00 
 1.258925411794184e+03  1.046673017546399e+00 
 1.283315185557668e+03  1.046673017290555e+00 
 1.308177474260211e+03  1.046673017024738e+00 
 1.333521432163342e+03  1.046673016748501e+00 
 1.359356390878544e+03  1.046673016461451e+00 
 1.385691862803146e+03  1.046673016163197e+00 
 1.412537544622773e+03  1.046673015853274e+00 
 1.439903320881652e+03  1.046673015531189e+00 
 1.467799267622089e+03  1.046673015196554e+00 
 1.496235656094454e+03  1.046673014848812e+00 
 1.525222956539040e+03  1.046673014487456e+00 
 1.554771842041195e+03  1.046673014111933e+00 
 1.584893192461135e+03  1.046673013721743e+00 
 1.615598098439896e+03  1.046673013316295e+00 
 1.646897865482891e+03  1.046673012895009e+00 
 1.678804018122584e+03  1.046673012457214e+00 
 1.711328304161804e+03  1.046673012002282e+00 
 1.744482698999278e+03  1.046673011529540e+00 
 1.778279410038948e+03  1.046673011038361e+00 
 1.812730881184724e+03  1.046673010527888e+00 
 1.847849797422317e+03  1.046673009997501e+00 
 1.883649089489827e+03  1.046673009446368e+00 
 1.920141938638829e+03  1.046673008873645e+00 
 1.957341781487688e+03  1.046673008278528e+00 
 1.995262314968908e+03  1.046673007660116e+00 
 2.033917501372321e+03  1.046673007017509e+00 
 2.073321573485985e+03  1.046673006349785e+00 
 2.113489039836677e+03  1.046673005655933e+00 
 2.154434690031915e+03  1.046673004934916e+00 
 2.196173600205468e+03  1.046673004185706e+00 
 2.238721138568372e+03  1.046673003407189e+00 
 2.282092971067484e+03  1.046673002598221e+00 
 2.326305067153660e+03  1.046673001757604e+00 
 2.371373705661690e+03  1.046673000884065e+00 
 2.417315480804139e+03  1.046672999976381e+00 
 2.464147308281318e+03  1.046672999033191e+00 
 2.511886431509617e+03  1.046672998053082e+00 
 2.560550427970514e+03  1.046672997034635e+00 
 2.610157215682575e+03  1.046672995976349e+00 
 2.660725059798849e+03  1.046672994876622e+00 
 2.712272579332068e+03  1.046672993733924e+00 
 2.764818754010148e+03  1.046672992546462e+00 
 2.818382931264496e+03  1.046672991312592e+00 
 2.872984833353707e+03  1.046672990030483e+00 
 2.928644564625281e+03  1.046672988698141e+00 
 2.985382618918004e+03  1.046672987313709e+00 
 3.043219887107768e+03  1.046672985875148e+00 
 3.102177664799548e+03  1.046672984380270e+00 
 3.162277660168427e+03  1.046672982826912e+00 
 3.223542001952512e+03  1.046672981212802e+00 
 3.285993247600705e+03  1.046672979535502e+00 
 3.349654391578328e+03  1.046672977792637e+00 
 3.414548873833654e+03  1.046672975981520e+00 
 3.480700588428464e+03  1.046672974099627e+00 
 3.548133892335809e+03  1.046672972144045e+00 
 3.616873614408215e+03  1.046672970111964e+00 
 3.686945064519632e+03  1.046672968000416e+00 
 3.758374042884499e+03  1.046672965806242e+00 
 3.831186849557347e+03  1.046672963526232e+00 
 3.905410294116440e+03  1.046672961157045e+00 
 3.981071705535034e+03  1.046672958695105e+00 
 4.058198942243861e+03  1.046672956136886e+00 
 4.136820402388571e+03  1.046672953478603e+00 
 4.216965034285888e+03  1.046672950716304e+00 
 4.298662347082343e+03  1.046672947845929e+00 
 4.381942421619505e+03  1.046672944863257e+00 
 4.466835921509701e+03  1.046672941763933e+00 
 4.553374104426321e+03  1.046672938543266e+00 
 4.641588833612851e+03  1.046672935196679e+00 
 4.731512589614878e+03  1.046672931719141e+00 
 4.823178482239382e+03  1.046672928105592e+00 
 4.916620262745721e+03  1.046672924350630e+00 
 5.011872336272801e+03  1.046672920448749e+00 
 5.108969774507008e+03  1.046672916394269e+00 
 5.207948328595546e+03  1.046672912181146e+00 
 5.308844442309967e+03  1.046672907803213e+00 
 5.411695265464722e+03  1.046672903253959e+00 
 5.516538667595667e+03  1.046672898526775e+00 
 5.623413251903579e+03  1.046672893614610e+00 
 5.732358369467805e+03  1.046672888510334e+00 
 5.843414133735268e+03  1.046672883206304e+00 
 5.956621435290199e+03  1.046672877694767e+00 
 6.072021956909982e+03  1.046672871967633e+00 
 6.189658188912704e+03  1.046672866016446e+00 
 6.309573444802033e+03  1.046672859832422e+00 
 6.431811877215190e+03  1.046672853406457e+00 
 6.556418494179894e+03  1.046672846729114e+00 
 6.683439175686253e+03  1.046672839790516e+00 
 6.812920690579723e+03  1.046672832580484e+00 
 6.944910713781324e+03  1.046672825088352e+00 
 7.079457843841494e+03  1.046672817303127e+00 
 7.216611620834000e+03  1.046672809213317e+00 
 7.356422544596533e+03  1.046672800807025e+00 
 7.498942093324681e+03  1.046672792071895e+00 
 7.644222742526128e+03  1.046672782994971e+00 
 7.792317984342069e+03  1.046672773562983e+00 
 7.943282347242946e+03  1.046672763761929e+00 
 8.097171416105754e+03  1.046672753577472e+00 
 8.254041852680322e+03  1.046672742994577e+00 
 8.413951416452092e+03  1.046672731997659e+00 
 8.576958985909085e+03  1.046672720570537e+00 
 8.743124580220883e+03  1.046672708696296e+00 
 8.912509381337606e+03  1.046672696357541e+00 
 9.085175756517023e+03  1.046672683536107e+00 
 9.261187281288094e+03  1.046672670213048e+00 
 9.440608762859396e+03  1.046672656368746e+00 
 9.623506263981051e+03  1.046672641982780e+00 
 9.809947127268942e+03  1.046672627034063e+00 
 1.000000000000017e+04  1.046672611500502e+00 
 1.019373485938890e+04  1.046672595359211e+00 
 1.039122303835187e+04  1.046672578586446e+00 
 1.059253725177307e+04  1.046672561157518e+00 
 1.079775162327729e+04  1.046672543046714e+00 
 1.100694171252229e+04  1.046672524227353e+00 
 1.122018454301983e+04  1.046672504671777e+00 
 1.143755863049558e+04  1.046672484351101e+00 
 1.165914401179852e+04  1.046672463235447e+00 
 1.188502227437039e+04  1.046672441293724e+00 
 1.211527658628610e+04  1.046672418493543e+00 
 1.234999172687607e+04  1.046672394801404e+00 
 1.258925411794190e+04  1.046672370182367e+00 
 1.283315185557674e+04  1.046672344600144e+00 
 1.308177474260217e+04  1.046672318017150e+00 
 1.333521432163348e+04  1.046672290394086e+00 
 1.359356390878550e+04  1.046672261690407e+00 
 1.385691862803152e+04  1.046672231863778e+00 
 1.412537544622780e+04  1.046672200870201e+00 
 1.439903320881659e+04  1.046672168664143e+00 
 1.467799267622096e+04  1.046672135198054e+00 
 1.496235656094461e+04  1.046672100422787e+00 
 1.525222956539047e+04  1.046672064286916e+00 
 1.554771842041202e+04  1.046672026737374e+00 
 1.584893192461143e+04  1.046671987718836e+00 
 1.615598098439904e+04  1.046671947173810e+00 
 1.646897865482899e+04  1.046671905042516e+00 
 1.678804018122592e+04  1.046671861262971e+00 
 1.711328304161813e+04  1.046671815770684e+00 
 1.744482698999287e+04  1.046671768498613e+00 
 1.778279410038956e+04  1.046671719377120e+00 
 1.812730881184733e+04  1.046671668333922e+00 
 1.847849797422326e+04  1.046671615293775e+00 
 1.883649089489836e+04  1.046671560178584e+00 
 1.920141938638838e+04  1.046671502907129e+00 
 1.957341781487698e+04  1.046671443395142e+00 
 1.995262314968918e+04  1.046671381554882e+00 
 2.033917501372331e+04  1.046671317295194e+00 
 2.073321573485995e+04  1.046671250521634e+00 
 2.113489039836688e+04  1.046671181135690e+00 
 2.154434690031925e+04  1.046671109035199e+00 
 2.196173600205479e+04  1.046671034114025e+00 
 2.238721138568383e+04  1.046670956261714e+00 
 2.282092971067495e+04  1.046670875363678e+00 
 2.326305067153671e+04  1.046670791300712e+00 
 2.371373705661701e+04  1.046670703948964e+00 
 2.417315480804151e+04  1.046670613179858e+00 
 2.464147308281330e+04  1.046670518859638e+00 
 2.511886431509629e+04  1.046670420849361e+00 
 2.560550427970526e+04  1.046670319004716e+00 
 2.610157215682588e+04  1.046670213175671e+00 
 2.660725059798862e+04  1.046670103206324e+00 
 2.712272579332082e+04  1.046669988934744e+00 
 2.764818754010162e+04  1.046669870192616e+00 
 2.818382931264510e+04  1.046669746804994e+00 
 2.872984833353721e+04  1.046669618590170e+00 
 2.928644564625295e+04  1.046669485359259e+00 
 2.985382618918019e+04  1.046669346916018e+00 
 3.043219887107782e+04  1.046669203056596e+00 
 3.102177664799563e+04  1.046669053569021e+00 
 3.162277660168443e+04  1.046668898233128e+00 
 3.223542001952527e+04  1.046668736820146e+00 
 3.285993247600720e+04  1.046668569092298e+00 
 3.349654391578344e+04  1.046668394802553e+00 
 3.414548873833670e+04  1.046668213694165e+00 
 3.480700588428481e+04  1.046668025500387e+00 
 3.548133892335826e+04  1.046667829944058e+00 
 3.616873614408232e+04  1.046667626737062e+00 
 3.686945064519650e+04  1.046667415580050e+00 
 3.758374042884518e+04  1.046667196162170e+00 
 3.831186849557365e+04  1.046666968160116e+00 
 3.905410294116459e+04  1.046666731238044e+00 
 3.981071705535053e+04  1.046666485047089e+00 
 4.058198942243881e+04  1.046666229224509e+00 
 4.136820402388591e+04  1.046665963393532e+00 
 4.216965034285909e+04  1.046665687162569e+00 
 4.298662347082365e+04  1.046665400124827e+00 
 4.381942421619527e+04  1.046665101857474e+00 
 4.466835921509723e+04  1.046664791921151e+00 
 4.553374104426344e+04  1.046664469859416e+00 
 4.641588833612874e+04  1.046664135197783e+00 
 4.731512589614902e+04  1.046663787443338e+00 
 4.823178482239406e+04  1.046663426083892e+00 
 4.916620262745745e+04  1.046663050587213e+00 
 5.011872336272826e+04  1.046662660400230e+00 
 5.108969774507033e+04  1.046662254948112e+00 
 5.207948328595571e+04  1.046661833633741e+00 
 5.308844442309994e+04  1.046661395836521e+00 
 5.411695265464750e+04  1.046660940911516e+00 
 5.516538667595695e+04  1.046660468188739e+00 
 5.623413251903608e+04  1.046659976971877e+00 
 5.732358369467833e+04  1.046659466537312e+00 
 5.843414133735298e+04  1.046658936133353e+00 
 5.956621435290229e+04  1.046658384978597e+00 
 6.072021956910013e+04  1.046657812261247e+00 
 6.189658188912735e+04  1.046657217137785e+00 
 6.309573444802065e+04  1.046656598731572e+00 
 6.431811877215223e+04  1.046655956131732e+00 
 6.556418494179926e+04  1.046655288391752e+00 
 6.683439175686287e+04  1.046654594528045e+00 
 6.812920690579756e+04  1.046653873518555e+00 
 6.944910713781358e+04  1.046653124301358e+00 
 7.079457843841528e+04  1.046652345772789e+00 
 7.216611620834035e+04  1.046651536786058e+00 
 7.356422544596568e+04  1.046650696149698e+00 
 7.498942093324717e+04  1.046649822625407e+00 
 7.644222742526165e+04  1.046648914926538e+00 
 7.792317984342107e+04  1.046647971715972e+00 
 7.943282347242984e+04  1.046646991604566e+00 
 8.097171416105793e+04  1.046645973148415e+00 
 8.254041852680361e+04  1.046644914847570e+00 
 8.413951416452132e+04  1.046643815143099e+00 
 8.576958985909125e+04  1.046642672415152e+00 
 8.743124580220925e+04  1.046641484980466e+00 
 8.912509381337647e+04  1.046640251089971e+00 
 9.085175756517064e+04  1.046638968926234e+00 
 9.261187281288135e+04  1.046637636600666e+00 
 9.440608762859438e+04  1.046636252150665e+00 
 9.623506263981095e+04  1.046634813537007e+00 
 9.809947127268986e+04  1.046633318640505e+00 
 1.000000000000022e+05  1.046631765259323e+00 
 1.019373485938895e+05  1.046630151105371e+00 
 1.039122303835192e+05  1.046628473800706e+00 
 1.059253725177312e+05  1.046626730874991e+00 
 1.079775162327733e+05  1.046624919760773e+00 
 1.100694171252234e+05  1.046623037790164e+00 
 1.122018454301988e+05  1.046621082191018e+00 
 1.143755863049563e+05  1.046619050082787e+00 
 1.165914401179858e+05  1.046616938472028e+00 
 1.188502227437045e+05  1.046614744248262e+00 
 1.211527658628615e+05  1.046612464179452e+00 
 1.234999172687612e+05  1.046610094906911e+00 
 1.258925411794195e+05  1.046607632940669e+00 
 1.283315185557680e+05  1.046605074654082e+00 
 1.308177474260223e+05  1.046602416278645e+00 
 1.333521432163354e+05  1.046599653898509e+00 
 1.359356390878556e+05  1.046596783444497e+00 
 1.385691862803159e+05  1.046593800688191e+00 
 1.412537544622786e+05  1.046590701235901e+00 
 1.439903320881665e+05  1.046587480521956e+00 
 1.467799267622102e+05  1.046584133801905e+00 
 1.496235656094467e+05  1.046580656145718e+00 
 1.525222956539053e+05  1.046577042430568e+00 
 1.554771842041208e+05  1.046573287333046e+00 
 1.584893192461149e+05  1.046569385321694e+00 
 1.615598098439910e+05  1.046565330648184e+00 
 1.646897865482905e+05  1.046561117339674e+00 
 1.678804018122598e+05  1.046556739189347e+00 
 1.711328304161819e+05  1.046552189747729e+00 
 1.744482698999293e+05  1.046547462312847e+00 
 1.778279410038963e+05  1.046542549920466e+00 
 1.812730881184740e+05  1.046537445333886e+00 
 1.847849797422333e+05  1.046532141033192e+00 
 1.883649089489843e+05  1.046526629204438e+00 
 1.920141938638845e+05  1.046520901727388e+00 
 1.957341781487705e+05  1.046514950164547e+00 
 1.995262314968925e+05  1.046508765748244e+00 
 2.033917501372338e+05  1.046502339367196e+00 
 2.073321573486003e+05  1.046495661554142e+00 
 2.113489039836695e+05  1.046488722471236e+00 
 2.154434690031933e+05  1.046481511895113e+00 
 2.196173600205487e+05  1.046474019203032e+00 
 2.238721138568391e+05  1.046466233356177e+00 
 2.282092971067503e+05  1.046458142883834e+00 
 2.326305067153680e+05  1.046449735866293e+00 
 2.371373705661710e+05  1.046440999917412e+00 
 2.417315480804160e+05  1.046431922166354e+00 
 2.464147308281339e+05  1.046422489238472e+00 
 2.511886431509639e+05  1.046412687235722e+00 
 2.560550427970536e+05  1.046402501716034e+00 
 2.610157215682598e+05  1.046391917672287e+00 
 2.660725059798872e+05  1.046380919509713e+00 
 2.712272579332092e+05  1.046369491023630e+00 
 2.764818754010173e+05  1.046357615374534e+00 
 2.818382931264520e+05  1.046345275064133e+00 
 2.872984833353732e+05  1.046332451909289e+00 
 2.928644564625305e+05  1.046319127014762e+00 
 2.985382618918030e+05  1.046305280746153e+00 
 3.043219887107793e+05  1.046290892700358e+00 
 3.102177664799574e+05  1.046275941675200e+00 
 3.162277660168454e+05  1.046260405639051e+00 
 3.223542001952539e+05  1.046244261697676e+00 
 3.285993247600733e+05  1.046227486060258e+00 
 3.349654391578356e+05  1.046210054005179e+00 
 3.414548873833683e+05  1.046191939842456e+00 
 3.480700588428493e+05  1.046173116876641e+00 
 3.548133892335839e+05  1.046153557367018e+00 
 3.616873614408245e+05  1.046133232486656e+00 
 3.686945064519664e+05  1.046112112280244e+00 
 3.758374042884532e+05  1.046090165619272e+00 
 3.831186849557380e+05  1.046067360156437e+00 
 3.905410294116474e+05  1.046043662277754e+00 
 3.981071705535068e+05  1.046019037053202e+00 
 4.058198942243896e+05  1.045993448184593e+00 
 4.136820402388607e+05  1.045966857952401e+00 
 4.216965034285925e+05  1.045939227159775e+00 
 4.298662347082381e+05  1.045910515075005e+00 
 4.381942421619543e+05  1.045880679370834e+00 
 4.466835921509740e+05  1.045849676062171e+00 
 4.553374104426361e+05  1.045817459441219e+00 
 4.641588833612892e+05  1.045783982009584e+00 
 4.731512589614920e+05  1.045749194408459e+00 
 4.823178482239424e+05  1.045713045345126e+00 
 4.916620262745764e+05  1.045675481517721e+00 
 5.011872336272846e+05  1.045636447535815e+00 
 5.108969774507053e+05  1.045595885839059e+00 
 5.207948328595592e+05  1.045553736611499e+00 
 5.308844442310014e+05  1.045509937693337e+00 
 5.411695265464770e+05  1.045464424489214e+00 
 5.516538667595716e+05  1.045417129872131e+00 
 5.623413251903630e+05  1.045367984084287e+00 
 5.732358369467856e+05  1.045316914633691e+00 
 5.843414133735321e+05  1.045263846187496e+00 
 5.956621435290253e+05  1.045208700459217e+00 
 6.072021956910037e+05  1.045151396093795e+00 
 6.189658188912760e+05  1.045091848546695e+00 
 6.309573444802091e+05  1.045029969958774e+00 
 6.431811877215249e+05  1.044965669025672e+00 
 6.556418494179953e+05  1.044898850863011e+00 
 6.683439175686314e+05  1.044829416865474e+00 
 6.812920690579783e+05  1.044757264560334e+00 
 6.944910713781386e+05  1.044682287456195e+00 
 7.079457843841556e+05  1.044604374884019e+00 
 7.216611620834064e+05  1.044523411833938e+00 
 7.356422544596598e+05  1.044439278783540e+00 
 7.498942093324747e+05  1.044351851521402e+00 
 7.644222742526196e+05  1.044261000962273e+00 
 7.792317984342139e+05  1.044166592954953e+00 
 7.943282347243016e+05  1.044068488083933e+00 
 8.097171416105825e+05  1.043966541461422e+00 
 8.254041852680393e+05  1.043860602512585e+00 
 8.413951416452165e+05  1.043750514751436e+00 
 8.576958985909160e+05  1.043636115548332e+00 
 8.743124580220960e+05  1.043517235888186e+00 
 8.912509381337684e+05  1.043393700119149e+00 
 9.085175756517102e+05  1.043265325690823e+00 
 9.261187281288174e+05  1.043131922883423e+00 
 9.440608762859477e+05  1.042993294525081e+00 
 9.623506263981134e+05  1.042849235697941e+00 
 9.809947127269027e+05  1.042699533434200e+00 
 1.000000000000026e+06  1.042543966397644e+00 
 1.019373485938899e+06  1.042382304555280e+00 
 1.039122303835196e+06  1.042214308834067e+00 
 1.059253725177316e+06  1.042039730764692e+00 
 1.079775162327738e+06  1.041858312112252e+00 
 1.100694171252238e+06  1.041669784490496e+00 
 1.122018454301993e+06  1.041473868963008e+00 
 1.143755863049568e+06  1.041270275626929e+00 
 1.165914401179862e+06  1.041058703181023e+00 
 1.188502227437050e+06  1.040838838477510e+00 
 1.211527658628620e+06  1.040610356054860e+00 
 1.234999172687617e+06  1.040372917653605e+00 
 1.258925411794200e+06  1.040126171712072e+00 
 1.283315185557685e+06  1.039869752843535e+00 
 1.308177474260229e+06  1.039603281292007e+00 
 1.333521432163359e+06  1.039326362367116e+00 
 1.359356390878562e+06  1.039038585858059e+00 
 1.385691862803164e+06  1.038739525422615e+00 
 1.412537544622792e+06  1.038428737954320e+00 
 1.439903320881672e+06  1.038105762925007e+00 
 1.467799267622109e+06  1.037770121701216e+00 
 1.496235656094474e+06  1.037421316834961e+00 
 1.525222956539060e+06  1.037058831327635e+00 
 1.554771842041215e+06  1.036682127865046e+00 
 1.584893192461156e+06  1.036290648024216e+00 
 1.615598098439918e+06  1.035883811449720e+00 
 1.646897865482913e+06  1.035461014999461e+00 
 1.678804018122606e+06  1.035021631858464e+00 
 1.711328304161827e+06  1.034565010619697e+00 
 1.744482698999302e+06  1.034090474330931e+00 
 1.778279410038971e+06  1.033597319506549e+00 
 1.812730881184748e+06  1.033084815104803e+00 
 1.847849797422342e+06  1.032552201466187e+00 
 1.883649089489852e+06  1.031998689215410e+00 
 1.920141938638854e+06  1.031423458124901e+00 
 1.957341781487714e+06  1.030825655938220e+00 
 1.995262314968935e+06  1.030204397152439e+00 
 2.033917501372348e+06  1.029558761761475e+00 
 2.073321573486012e+06  1.028887793955042e+00 
 2.113489039836705e+06  1.028190500777230e+00 
 2.154434690031943e+06  1.027465850740968e+00 
 2.196173600205497e+06  1.026712772399698e+00 
 2.238721138568402e+06  1.025930152875493e+00 
 2.282092971067514e+06  1.025116836342906e+00 
 2.326305067153691e+06  1.024271622470341e+00 
 2.371373705661722e+06  1.023393264817168e+00 
 2.417315480804171e+06  1.022480469189730e+00 
 2.464147308281350e+06  1.021531891953828e+00 
 2.511886431509650e+06  1.020546138308610e+00 
 2.560550427970548e+06  1.019521760520190e+00 
 2.610157215682610e+06  1.018457256119001e+00 
 2.660725059798884e+06  1.017351066063325e+00 
 2.712272579332104e+06  1.016201572870243e+00 
 2.764818754010185e+06  1.015007098720235e+00 
 2.818382931264533e+06  1.013765903536849e+00 
 2.872984833353746e+06  1.012476183049404e+00 
 2.928644564625319e+06  1.011136066841637e+00 
 2.985382618918044e+06  1.009743616396255e+00 
 3.043219887107808e+06  1.008296823138830e+00 
 3.102177664799589e+06  1.006793606494862e+00 
 3.162277660168469e+06  1.005231811965729e+00 
 3.223542001952555e+06  1.003609209237798e+00 
 3.285993247600748e+06  1.001923490335016e+00 
 3.349654391578372e+06  1.000172267833257e+00 
 3.414548873833699e+06  9.983530731465700e-01 
 3.480700588428510e+06  9.964633549092519e-01 
 3.548133892335856e+06  9.945004774697598e-01 
 3.616873614408263e+06  9.924617195214454e-01 
 3.686945064519682e+06  9.903442728903135e-01 
 3.758374042884550e+06  9.881452415105652e-01 
 3.831186849557398e+06  9.858616406171506e-01 
 3.905410294116493e+06  9.834903961833140e-01 
 3.981071705535088e+06  9.810283446431995e-01 
 4.058198942243916e+06  9.784722329341012e-01 
 4.136820402388627e+06  9.758187189008656e-01 
 4.216965034285945e+06  9.730643721064633e-01 
 4.298662347082402e+06  9.702056750962345e-01 
 4.381942421619564e+06  9.672390251639250e-01 
 4.466835921509761e+06  9.641607366791084e-01 
 4.553374104426382e+06  9.609670440273850e-01 
 4.641588833612914e+06  9.576541052258679e-01 
 4.731512589614943e+06  9.542180062754871e-01 
 4.823178482239448e+06  9.506547663176348e-01 
 4.916620262745787e+06  9.469603436585342e-01 
 5.011872336272870e+06  9.431306427342033e-01 
 5.108969774507078e+06  9.391615220824460e-01 
 5.207948328595617e+06  9.350488033927528e-01 
 5.308844442310040e+06  9.307882817044851e-01 
 5.411695265464797e+06  9.263757368178924e-01 
 5.516538667595743e+06  9.218069459850674e-01 
 5.623413251903657e+06  9.170776979373441e-01 
 5.732358369467883e+06  9.121838083048276e-01 
 5.843414133735349e+06  9.071211364739207e-01 
 5.956621435290282e+06  9.018856039205378e-01 
 6.072021956910066e+06  8.964732140342916e-01 
 6.189658188912790e+06  8.908800734588441e-01 
 6.309573444802121e+06  8.851024149297039e-01 
 6.431811877215280e+06  8.791366215882682e-01 
 6.556418494179985e+06  8.729792527290373e-01 
 6.683439175686347e+06  8.666270709053910e-01 
 6.812920690579819e+06  8.600770702987189e-01 
 6.944910713781422e+06  8.533265062310985e-01 
 7.079457843841594e+06  8.463729256568748e-01 
 7.216611620834101e+06  8.392141984625272e-01 
 7.356422544596637e+06  8.318485493337355e-01 
 7.498942093324786e+06  8.242745899590338e-01 
 7.644222742526235e+06  8.164913512658768e-01 
 7.792317984342178e+06  8.084983153847095e-01 
 7.943282347243057e+06  8.002954469765291e-01 
 8.097171416105866e+06  7.918832235563716e-01 
 8.254041852680436e+06  7.832626644051659e-01 
 8.413951416452209e+06  7.744353576519339e-01 
 8.576958985909205e+06  7.654034850787323e-01 
 8.743124580221005e+06  7.561698442209698e-01 
 8.912509381337730e+06  7.467378673035786e-01 
 9.085175756517148e+06  7.371116365910482e-01 
 9.261187281288220e+06  7.272958957298105e-01 
 9.440608762859525e+06  7.172960567015260e-01 
 9.623506263981184e+06  7.071182020300183e-01 
 9.809947127269078e+06  6.967690819557996e-01 
 1.000000000000031e+07  6.862561063213933e-01 
 1.019373485938904e+07  6.755873310090248e-01 
 1.039122303835201e+07  6.647714388163926e-01 
 1.059253725177322e+07  6.538177147604176e-01 
 1.079775162327743e+07  6.427360158665002e-01 
 1.100694171252244e+07  6.315367356218695e-01 
 1.122018454301998e+07  6.202307632996016e-01 
 1.143755863049574e+07  6.088294385213877e-01 
 1.165914401179868e+07  5.973445014501282e-01 
 1.188502227437056e+07  5.857880391179319e-01 
 1.211527658628627e+07  5.741724284372923e-01 
 1.234999172687624e+07  5.625102765293967e-01 
 1.258925411794207e+07  5.508143590093251e-01 
 1.283315185557692e+07  5.390975569591425e-01 
 1.308177474260235e+07  5.273727932644237e-01 
 1.333521432163366e+07  5.156529690681008e-01 
 1.359356390878569e+07  5.039509010241140e-01 
 1.385691862803171e+07  4.922792600527468e-01 
 1.412537544622799e+07  4.806505122338948e-01 
 1.439903320881679e+07  4.690768624380267e-01 
 1.467799267622116e+07  4.575702012354481e-01 
 1.496235656094481e+07  4.461420555546846e-01 
 1.525222956539068e+07  4.348035434818887e-01 
 1.554771842041223e+07  4.235653335290843e-01 
 1.584893192461164e+07  4.124376086069513e-01 
 1.615598098439926e+07  4.014300348615583e-01 
 1.646897865482921e+07  3.905517354674379e-01 
 1.678804018122614e+07  3.798112693732161e-01 
 1.711328304161836e+07  3.692166149489833e-01 
 1.744482698999310e+07  3.587751584149573e-01 
 1.778279410038980e+07  3.484936868655686e-01 
 1.812730881184757e+07  3.383783856670400e-01 
 1.847849797422351e+07  3.284348399648804e-01 
 1.883649089489862e+07  3.186680399966643e-01 
 1.920141938638864e+07  3.090823898931640e-01 
 1.957341781487724e+07  2.996817196265231e-01 
 1.995262314968945e+07  2.904692997585336e-01 
 2.033917501372358e+07  2.814478586345691e-01 
 2.073321573486023e+07  2.726196016834272e-01 
 2.113489039836716e+07  2.639862324696151e-01 
 2.154434690031954e+07  2.555489751871288e-01 
 2.196173600205508e+07  2.473085982701617e-01 
 2.238721138568413e+07  2.392654388348815e-01 
 2.282092971067526e+07  2.314194276766889e-01 
 2.326305067153703e+07  2.237701145795634e-01 
 2.371373705661734e+07  2.163166937020952e-01 
 2.417315480804184e+07  2.090580288469369e-01 
 2.464147308281364e+07  2.019926784261033e-01 
 2.511886431509664e+07  1.951189199736105e-01 
 2.560550427970562e+07  1.884347740607913e-01 
 2.610157215682624e+07  1.819380275115711e-01 
 2.660725059798899e+07  1.756262558169487e-01 
 2.712272579332119e+07  1.694968446732040e-01 
 2.764818754010200e+07  1.635470105900649e-01 
 2.818382931264548e+07  1.577738205202466e-01 
 2.872984833353761e+07  1.521742104835437e-01 
 2.928644564625335e+07  1.467450031695906e-01 
 2.985382618918060e+07  1.414829245088448e-01 
 3.043219887107825e+07  1.363846192209385e-01 
 3.102177664799606e+07  1.314466653468846e-01 
 3.162277660168486e+07  1.266655877857804e-01 
 3.223542001952572e+07  1.220378708631743e-01 
 3.285993247600766e+07  1.175599699524637e-01 
 3.349654391578390e+07  1.132283221923534e-01 
 3.414548873833718e+07  1.090393563281673e-01 
 3.480700588428529e+07  1.049895017200767e-01 
 3.548133892335875e+07  1.010751965566614e-01 
 3.616873614408282e+07  9.729289531275787e-02 
 3.686945064519701e+07  9.363907549764539e-02 
 3.758374042884570e+07  9.011024372888450e-02 
 3.831186849557418e+07  8.670294117866148e-02 
 3.905410294116513e+07  8.341374842796720e-02 
 3.981071705535109e+07  8.023928977182340e-02 
 4.058198942243937e+07  7.717623701159171e-02 
 4.136820402388649e+07  7.422131277204307e-02 
 4.216965034285967e+07  7.137129337883223e-02 
 4.298662347082424e+07  6.862301133039908e-02 
 4.381942421619587e+07  6.597335739602786e-02 
 4.466835921509784e+07  6.341928237194221e-02 
 4.553374104426406e+07  6.095779852313567e-02 
 4.641588833612939e+07  5.858598073938192e-02 
 4.731512589614968e+07  5.630096743061697e-02 
 4.823178482239473e+07  5.409996118569543e-02 
 4.916620262745813e+07  5.198022921695754e-02 
 5.011872336272896e+07  4.993910361166706e-02 
 5.108969774507105e+07  4.797398140934014e-02 
 5.207948328595644e+07  4.608232452299871e-02 
 5.308844442310068e+07  4.426165952057555e-02 
 5.411695265464825e+07  4.250957728201812e-02 
 5.516538667595772e+07  4.082373254522492e-02 
 5.623413251903687e+07  3.920184335445463e-02 
 5.732358369467914e+07  3.764169042145631e-02 
 5.843414133735380e+07  3.614111641106429e-02 
 5.956621435290314e+07  3.469802515989896e-02 
 6.072021956910098e+07  3.331038083677748e-02 
 6.189658188912823e+07  3.197620705318243e-02 
 6.309573444802155e+07  3.069358592985609e-02 
 6.431811877215314e+07  2.946065712644093e-02 
 6.556418494180020e+07  2.827561683929663e-02 
 6.683439175686382e+07  2.713671677265685e-02 
 6.812920690579854e+07  2.604226308756015e-02 
 6.944910713781458e+07  2.499061533234318e-02 
 7.079457843841630e+07  2.398018535850364e-02 
 7.216611620834139e+07  2.300943622471774e-02 
 7.356422544596675e+07  2.207688109216211e-02 
 7.498942093324825e+07  2.118108211320642e-02 
 7.644222742526275e+07  2.032064931622887e-02 
 7.792317984342219e+07  1.949423948807119e-02 
 7.943282347243099e+07  1.870055505620684e-02 
 8.097171416105910e+07  1.793834297218478e-02 
 8.254041852680480e+07  1.720639359781422e-02 
 8.413951416452253e+07  1.650353959542689e-02 
 8.576958985909249e+07  1.582865482353020e-02 
 8.743124580221051e+07  1.518065323896500e-02 
 8.912509381337777e+07  1.455848780658235e-02 
 9.085175756517196e+07  1.396114941760839e-02 
 9.261187281288269e+07  1.338766581746368e-02 
 9.440608762859575e+07  1.283710054407981e-02 
 9.623506263981235e+07  1.230855187748317e-02 
 9.809947127269129e+07  1.180115180151657e-02 
 1.000000000000036e+08  1.131406497840807e-02 
 1.019373485938910e+08  1.084648773700867e-02 
 1.039122303835207e+08  1.039764707534729e-02 
 1.059253725177327e+08  9.966799678211825e-03 
 1.079775162327749e+08  9.553230950348915e-03 
 1.100694171252250e+08  9.156254065928951e-03 
 1.122018454302004e+08  8.775209034864295e-03 
 1.143755863049580e+08  8.409461786442453e-03 
 1.165914401179874e+08  8.058403270821949e-03 
 1.188502227437062e+08  7.721448578865069e-03 
 1.211527658628633e+08  7.398036080659399e-03 
 1.234999172687630e+08  7.087626583178958e-03 
 1.258925411794214e+08  6.789702507386136e-03 
 1.283315185557698e+08  6.503767085066762e-03 
 1.308177474260242e+08  6.229343575673909e-03 
 1.333521432163373e+08  5.965974503368172e-03 
 1.359356390878576e+08  5.713220914463624e-03 
 1.385691862803179e+08  5.470661655347805e-03 
 1.412537544622807e+08  5.237892671031494e-03 
 1.439903320881687e+08  5.014526324309009e-03 
 1.467799267622124e+08  4.800190735592773e-03 
 1.496235656094489e+08  4.594529143336471e-03 
 1.525222956539075e+08  4.397199285014810e-03 
 1.554771842041231e+08  4.207872798530077e-03 
 1.584893192461172e+08  4.026234643901180e-03 
 1.615598098439934e+08  3.851982545070913e-03 
 1.646897865482930e+08  3.684826451598651e-03 
 1.678804018122623e+08  3.524488020017902e-03 
 1.711328304161845e+08  3.370700114569201e-03 
 1.744482698999319e+08  3.223206327016514e-03 
 1.778279410038989e+08  3.081760515226928e-03 
 1.812730881184767e+08  2.946126360150640e-03 
 1.847849797422360e+08  2.816076940844669e-03 
 1.883649089489871e+08  2.691394327129469e-03 
 1.920141938638874e+08  2.571869189490487e-03 
 1.957341781487734e+08  2.457300425771205e-03 
 1.995262314968955e+08  2.347494804236342e-03 
 2.033917501372368e+08  2.242266622528562e-03 
 2.073321573486033e+08  2.141437382067565e-03 
 2.113489039836726e+08  2.044835477399358e-03 
 2.154434690031965e+08  1.952295900015255e-03 
 2.196173600205519e+08  1.863659956144144e-03 
 2.238721138568424e+08  1.778774998021576e-03 
 2.282092971067536e+08  1.697494168130062e-03 
 2.326305067153714e+08  1.619676155909755e-03 
 2.371373705661745e+08  1.545184966432263e-03 
 2.417315480804195e+08  1.473889700537506e-03 
 2.464147308281375e+08  1.405664345931535e-03 
 2.511886431509675e+08  1.340387578747418e-03 
 2.560550427970573e+08  1.277942575085095e-03 
 2.610157215682636e+08  1.218216832037788e-03 
 2.660725059798911e+08  1.161101997737282e-03 
 2.712272579332131e+08  1.106493709947369e-03 
 2.764818754010212e+08  1.054291442752643e-03 
 2.818382931264561e+08  1.004398360898070e-03 
 2.872984833353774e+08  9.567211813478908e-04 
 2.928644564625348e+08  9.111700416472111e-04 
 2.985382618918073e+08  8.676583746826854e-04 
 3.043219887107838e+08  8.261027894548342e-04 
 3.102177664799619e+08  7.864229574889773e-04 
 3.162277660168500e+08  7.485415045291818e-04 
 3.223542001952586e+08  7.123839071757428e-04 
 3.285993247600780e+08  6.778783941437014e-04 
 3.349654391578405e+08  6.449558518364837e-04 
 3.414548873833733e+08  6.135497339474587e-04 
 3.480700588428544e+08  5.835959748168438e-04 
 3.548133892335891e+08  5.550329062915376e-04 
 3.616873614408299e+08  5.278011778493541e-04 
 3.686945064519718e+08  5.018436797673778e-04 
 3.758374042884587e+08  4.771054691302402e-04 
 3.831186849557436e+08  4.535336984883645e-04 
 3.905410294116532e+08  4.310775469932692e-04 
 3.981071705535128e+08  4.096881538498068e-04 
 4.058198942243956e+08  3.893185539401445e-04 
 4.136820402388668e+08  3.699236154868930e-04 
 4.216965034285987e+08  3.514599796353124e-04 
 4.298662347082445e+08  3.338860018465802e-04 
 4.381942421619608e+08  3.171616950041296e-04 
 4.466835921509806e+08  3.012486741463716e-04 
 4.553374104426428e+08  2.861101027470687e-04 
 4.641588833612961e+08  2.717106404746566e-04 
 4.731512589614991e+08  2.580163923683881e-04 
 4.823178482239497e+08  2.449948593771006e-04 
 4.916620262745838e+08  2.326148902122231e-04 
 5.011872336272921e+08  2.208466344727645e-04 
 5.108969774507130e+08  2.096614970047655e-04 
 5.207948328595670e+08  1.990320934622321e-04 
 5.308844442310094e+08  1.889322070404619e-04 
 5.411695265464852e+08  1.793367463558504e-04 
 5.516538667595799e+08  1.702217044493540e-04 
 5.623413251903714e+08  1.615641188927320e-04 
 5.732358369467942e+08  1.533420329791665e-04 
 5.843414133735409e+08  1.455344579808343e-04 
 5.956621435290343e+08  1.381213364578750e-04 
 6.072021956910129e+08  1.310835066035767e-04 
 6.189658188912854e+08  1.244026676116357e-04 
 6.309573444802186e+08  1.180613460516718e-04 
 6.431811877215347e+08  1.120428632393962e-04 
 6.556418494180053e+08  1.063313035879744e-04 
 6.683439175686417e+08  1.009114839270347e-04 
 6.812920690579889e+08  9.576892377563736e-05 
 6.944910713781494e+08  9.088981655515165e-05 
 7.079457843841667e+08  8.626100172785804e-05 
 7.216611620834177e+08  8.186993784642823e-05 
 7.356422544596714e+08  7.770467649932177e-05 
 7.498942093324865e+08  7.375383713644699e-05 
 7.644222742526315e+08  7.000658275913950e-05 
 7.792317984342260e+08  6.645259645802629e-05 
 7.943282347243141e+08  6.308205878192632e-05 
 8.097171416105952e+08  5.988562592050420e-05 
 8.254041852680523e+08  5.685440868309639e-05 
 8.413951416452297e+08  5.397995225569162e-05 
 8.576958985909294e+08  5.125421671784690e-05 
 8.743124580221096e+08  4.866955830098053e-05 
 8.912509381337823e+08  4.621871136931071e-05 
 9.085175756517242e+08  4.389477110453715e-05 
 9.261187281288317e+08  4.169117687522098e-05 
 9.440608762859625e+08  3.960169627174016e-05 
 9.623506263981285e+08  3.762040978768790e-05 
 9.809947127269181e+08  3.574169612855130e-05 
 1.000000000000042e+09  3.396021812859186e-05 
