 frequency              onoise_spectrum        inoise_spectrum       
 1.000000000000000e+00  1.459381865887543e-05  3.612782404118760e-06 
 1.019373485938873e+00  1.447151722321890e-05  3.582505991545474e-06 
 1.039122303835169e+00  1.435025286934174e-05  3.552486314435729e-06 
 1.059253725177289e+00  1.423001668433894e-05  3.522721166350280e-06 
 1.079775162327710e+00  1.411079983306300e-05  3.493208360097791e-06 
 1.100694171252210e+00  1.399259355743401e-05  3.463945727566169e-06 
 1.122018454301964e+00  1.387538917575663e-05  3.434931119552608e-06 
 1.143755863049539e+00  1.375917808204423e-05  3.406162405596352e-06 
 1.165914401179832e+00  1.364395174534731e-05  3.377637473812597e-06 
 1.188502227437019e+00  1.352970170908894e-05  3.349354230727998e-06 
 1.211527658628589e+00  1.341641959040926e-05  3.321310601117834e-06 
 1.234999172687586e+00  1.330409707950689e-05  3.293504527844138e-06 
 1.258925411794168e+00  1.319272593899892e-05  3.265933971695766e-06 
 1.283315185557652e+00  1.308229800327558e-05  3.238596911229985e-06 
 1.308177474260195e+00  1.297280517786418e-05  3.211491342614552e-06 
 1.333521432163325e+00  1.286423943880593e-05  3.184615279472439e-06 
 1.359356390878527e+00  1.275659283202274e-05  3.157966752727171e-06 
 1.385691862803129e+00  1.264985747270987e-05  3.131543810450284e-06 
 1.412537544622755e+00  1.254402554471118e-05  3.105344517708495e-06 
 1.439903320881634e+00  1.243908929992311e-05  3.079366956414574e-06 
 1.467799267622071e+00  1.233504105768657e-05  3.053609225178102e-06 
 1.496235656094435e+00  1.223187320419205e-05  3.028069439157192e-06 
 1.525222956539020e+00  1.212957819188958e-05  3.002745729913399e-06 
 1.554771842041175e+00  1.202814853890184e-05  2.977636245265500e-06 
 1.584893192461115e+00  1.192757682844406e-05  2.952739149146561e-06 
 1.615598098439875e+00  1.182785570824874e-05  2.928052621461177e-06 
 1.646897865482870e+00  1.172897788999865e-05  2.903574857945005e-06 
 1.678804018122562e+00  1.163093614875677e-05  2.879304070024090e-06 
 1.711328304161782e+00  1.153372332241027e-05  2.855238484676995e-06 
 1.744482698999256e+00  1.143733231111519e-05  2.831376344296704e-06 
 1.778279410038925e+00  1.134175607674234e-05  2.807715906555003e-06 
 1.812730881184701e+00  1.124698764234133e-05  2.784255444268149e-06 
 1.847849797422293e+00  1.115302009159166e-05  2.760993245261903e-06 
 1.883649089489803e+00  1.105984656827149e-05  2.737927612239691e-06 
 1.920141938638804e+00  1.096746027572881e-05  2.715056862651756e-06 
 1.957341781487663e+00  1.087585447635291e-05  2.692379328564670e-06 
 1.995262314968882e+00  1.078502249105324e-05  2.669893356531533e-06 
 2.033917501372295e+00  1.069495769874683e-05  2.647597307465905e-06 
 2.073321573485958e+00  1.060565353584379e-05  2.625489556514050e-06 
 2.113489039836649e+00  1.051710349574059e-05  2.603568492929216e-06 
 2.154434690031886e+00  1.042930112831771e-05  2.581832519947901e-06 
 2.196173600205439e+00  1.034224003944191e-05  2.560280054666318e-06 
 2.238721138568343e+00  1.025591389047338e-05  2.538909527918205e-06 
 2.282092971067454e+00  1.017031639777493e-05  2.517719384153776e-06 
 2.326305067153629e+00  1.008544133222998e-05  2.496708081319672e-06 
 2.371373705661659e+00  1.000128251875914e-05  2.475874090740403e-06 
 2.417315480804108e+00  9.917833835845775e-06  2.455215896999694e-06 
 2.464147308281285e+00  9.835089215065160e-06  2.434731997824454e-06 
 2.511886431509584e+00  9.753042640613919e-06  2.414420903968842e-06 
 2.560550427970480e+00  9.671688148849201e-06  2.394281139099208e-06 
 2.610157215682541e+00  9.591019827830221e-06  2.374311239681038e-06 
 2.660725059798814e+00  9.511031816858104e-06  2.354509754865348e-06 
 2.712272579332033e+00  9.431718306031959e-06  2.334875246378215e-06 
 2.764818754010113e+00  9.353073535795314e-06  2.315406288408708e-06 
 2.818382931264459e+00  9.275091796498537e-06  2.296101467501067e-06 
 2.872984833353670e+00  9.197767427954403e-06  2.276959382443622e-06 
 2.928644564625242e+00  9.121094819008188e-06  2.257978644163232e-06 
 2.985382618917966e+00  9.045068407101981e-06  2.239157875617433e-06 
 3.043219887107728e+00  8.969682677850241e-06  2.220495711688703e-06 
 3.102177664799508e+00  8.894932164614608e-06  2.201990799079890e-06 
 3.162277660168387e+00  8.820811448085690e-06  2.183641796210102e-06 
 3.223542001952470e+00  8.747315155864890e-06  2.165447373111847e-06 
 3.285993247600662e+00  8.674437962052953e-06  2.147406211328666e-06 
 3.349654391578285e+00  8.602174586842111e-06  2.129517003814058e-06 
 3.414548873833610e+00  8.530519796110698e-06  2.111778454831751e-06 
 3.480700588428419e+00  8.459468401021073e-06  2.094189279855467e-06 
 3.548133892335763e+00  8.389015257622918e-06  2.076748205471195e-06 
 3.616873614408168e+00  8.319155266457709e-06  2.059453969279477e-06 
 3.686945064519584e+00  8.249883372168002e-06  2.042305319797524e-06 
 3.758374042884451e+00  8.181194563112846e-06  2.025301016365433e-06 
 3.831186849557297e+00  8.113083870979987e-06  2.008439829049465e-06 
 3.905410294116390e+00  8.045546370408155e-06  1.991720538548345e-06 
 3.981071705534982e+00  7.978577178610447e-06  1.975141936100688e-06 
 4.058198942243808e+00  7.912171454996532e-06  1.958702823391091e-06 
 4.136820402388517e+00  7.846324400810423e-06  1.942402012460095e-06 
 4.216965034285833e+00  7.781031258753590e-06  1.926238325611542e-06 
 4.298662347082288e+00  7.716287312629084e-06  1.910210595324420e-06 
 4.381942421619448e+00  7.652087886977575e-06  1.894317664162165e-06 
 4.466835921509642e+00  7.588428346720849e-06  1.878558384684820e-06 
 4.553374104426261e+00  7.525304096807730e-06  1.862931619361737e-06 
 4.641588833612791e+00  7.462710581862471e-06  1.847436240483563e-06 
 4.731512589614817e+00  7.400643285839030e-06  1.832071130077716e-06 
 4.823178482239319e+00  7.339097731672365e-06  1.816835179821452e-06 
 4.916620262745656e+00  7.278069480941268e-06  1.801727290958481e-06 
 5.011872336272736e+00  7.217554133528788e-06  1.786746374214684e-06 
 5.108969774506941e+00  7.157547327283537e-06  1.771891349715062e-06 
 5.207948328595478e+00  7.098044737690400e-06  1.757161146901317e-06 
 5.308844442309899e+00  7.039042077539983e-06  1.742554704450620e-06 
 5.411695265464652e+00  6.980535096601506e-06  1.728070970194202e-06 
 5.516538667595595e+00  6.922519581300150e-06  1.713708901037716e-06 
 5.623413251903506e+00  6.864991354394414e-06  1.699467462881538e-06 
 5.732358369467730e+00  6.807946274659266e-06  1.685345630541756e-06 
 5.843414133735193e+00  6.751380236570817e-06  1.671342387672964e-06 
 5.956621435290122e+00  6.695289169994066e-06  1.657456726689907e-06 
 6.072021956909904e+00  6.639669039872863e-06  1.643687648691874e-06 
 6.189658188912625e+00  6.584515845923029e-06  1.630034163385704e-06 
 6.309573444801952e+00  6.529825622328888e-06  1.616495289011326e-06 
 6.431811877215107e+00  6.475594437440065e-06  1.603070052266485e-06 
 6.556418494179809e+00  6.421818393475534e-06  1.589757488233340e-06 
 6.683439175686167e+00  6.368493626224690e-06  1.576556640304829e-06 
 6.812920690579634e+00  6.315616304756685e-06  1.563466560112152e-06 
 6.944910713781234e+00  6.263182631126374e-06  1.550486307452758e-06 
 7.079457843841402e+00  6.211188840088687e-06  1.537614950218629e-06 
 7.216611620833906e+00  6.159631198811216e-06  1.524851564326129e-06 
 7.356422544596438e+00  6.108506006592820e-06  1.512195233645712e-06 
 7.498942093324583e+00  6.057809594580917e-06  1.499645049932197e-06 
 7.644222742526028e+00  6.007538325494046e-06  1.487200112755912e-06 
 7.792317984341968e+00  5.957688593347600e-06  1.474859529435027e-06 
 7.943282347242842e+00  5.908256823178004e-06  1.462622414967026e-06 
 8.097171416105647e+00  5.859239470773904e-06  1.450487891962342e-06 
 8.254041852680212e+00  5.810633022407096e-06  1.438455090577723e-06 
 8.413951416451980e+00  5.762433994566112e-06  1.426523148450198e-06 
 8.576958985908970e+00  5.714638933692979e-06  1.414691210631833e-06 
 8.743124580220766e+00  5.667244415921372e-06  1.402958429525228e-06 
 8.912509381337486e+00  5.620247046819137e-06  1.391323964819457e-06 
 9.085175756516900e+00  5.573643461128658e-06  1.379786983425940e-06 
 9.261187281287969e+00  5.527430322515882e-06  1.368346659416376e-06 
 9.440608762859268e+00  5.481604323314463e-06  1.357002173959193e-06 
 9.623506263980921e+00  5.436162184279162e-06  1.345752715258648e-06 
 9.809947127268810e+00  5.391100654335920e-06  1.334597478493023e-06 
 1.000000000000004e+01  5.346416510337162e-06  1.323535665753840e-06 
 1.019373485938877e+01  5.302106556817950e-06  1.312566485985744e-06 
 1.039122303835173e+01  5.258167625755561e-06  1.301689154926622e-06 
 1.059253725177293e+01  5.214596576329765e-06  1.290902895048794e-06 
 1.079775162327714e+01  5.171390294685877e-06  1.280206935499932e-06 
 1.100694171252214e+01  5.128545693698969e-06  1.269600512044764e-06 
 1.122018454301968e+01  5.086059712743904e-06  1.259082867008142e-06 
 1.143755863049543e+01  5.043929317462270e-06  1.248653249217473e-06 
 1.165914401179836e+01  5.002151499532751e-06  1.238310913945933e-06 
 1.188502227437023e+01  4.960723276448065e-06  1.228055122856784e-06 
 1.211527658628593e+01  4.919641691286163e-06  1.217885143947415e-06 
 1.234999172687590e+01  4.878903812491554e-06  1.207800251494546e-06 
 1.258925411794172e+01  4.838506733651126e-06  1.197799725999167e-06 
 1.283315185557657e+01  4.798447573277274e-06  1.187882854132786e-06 
 1.308177474260200e+01  4.758723474591221e-06  1.178048928683627e-06 
 1.333521432163330e+01  4.719331605306227e-06  1.168297248503091e-06 
 1.359356390878532e+01  4.680269157417347e-06  1.158627118453686e-06 
 1.385691862803134e+01  4.641533346989011e-06  1.149037849356265e-06 
 1.412537544622761e+01  4.603121413944170e-06  1.139528757938244e-06 
 1.439903320881639e+01  4.565030621860221e-06  1.130099166782799e-06 
 1.467799267622076e+01  4.527258257760173e-06  1.120748404276981e-06 
 1.496235656094440e+01  4.489801631911354e-06  1.111475804562290e-06 
 1.525222956539026e+01  4.452658077621848e-06  1.102280707484154e-06 
 1.554771842041181e+01  4.415824951041203e-06  1.093162458542302e-06 
 1.584893192461121e+01  4.379299630962726e-06  1.084120408842228e-06 
 1.615598098439882e+01  4.343079518623634e-06  1.075153915045590e-06 
 1.646897865482876e+01  4.307162037514272e-06  1.066262339322732e-06 
 1.678804018122569e+01  4.271544633183363e-06  1.057445049304812e-06 
 1.711328304161789e+01  4.236224773044153e-06  1.048701418035633e-06 
 1.744482698999263e+01  4.201199946188829e-06  1.040030823925793e-06 
 1.778279410038932e+01  4.166467663197046e-06  1.031432650705155e-06 
 1.812730881184708e+01  4.132025455951359e-06  1.022906287377372e-06 
 1.847849797422300e+01  4.097870877450896e-06  1.014451128173465e-06 
 1.883649089489810e+01  4.064001501629995e-06  1.006066572507172e-06 
 1.920141938638811e+01  4.030414923175248e-06  9.977520249295710e-07 
 1.957341781487670e+01  3.997108757345643e-06  9.895068950844860e-07 
 1.995262314968890e+01  3.964080639795021e-06  9.813305976646578e-07 
 2.033917501372302e+01  3.931328226394709e-06  9.732225523677693e-07 
 2.073321573485966e+01  3.898849193057668e-06  9.651821838529674e-07 
 2.113489039836658e+01  3.866641235566264e-06  9.572089216981112e-07 
 2.154434690031895e+01  3.834702069398560e-06  9.493022003569095e-07 
 2.196173600205448e+01  3.803029429558471e-06  9.414614591167090e-07 
 2.238721138568352e+01  3.771621070407652e-06  9.336861420570565e-07 
 2.282092971067463e+01  3.740474765495079e-06  9.259756980074004e-07 
 2.326305067153639e+01  3.709588307393067e-06  9.183295805065255e-07 
 2.371373705661668e+01  3.678959507532346e-06  9.107472477618314e-07 
 2.417315480804117e+01  3.648586196038337e-06  9.032281626083467e-07 
 2.464147308281295e+01  3.618466221568471e-06  8.957717924693355e-07 
 2.511886431509594e+01  3.588597451154210e-06  8.883776093161661e-07 
 2.560550427970491e+01  3.558977770039296e-06  8.810450896291552e-07 
 2.610157215682552e+01  3.529605081523855e-06  8.737737143581177e-07 
 2.660725059798825e+01  3.500477306807803e-06  8.665629688845769e-07 
 2.712272579332044e+01  3.471592384835841e-06  8.594123429825672e-07 
 2.764818754010124e+01  3.442948272143951e-06  8.523213307809866e-07 
 2.818382931264470e+01  3.414542942707874e-06  8.452894307260391e-07 
 2.872984833353682e+01  3.386374387790964e-06  8.383161455437362e-07 
 2.928644564625254e+01  3.358440615796803e-06  8.314009822030216e-07 
 2.985382618917978e+01  3.330739652118990e-06  8.245434518788873e-07 
 3.043219887107740e+01  3.303269538995384e-06  8.177430699163519e-07 
 3.102177664799520e+01  3.276028335362558e-06  8.109993557941068e-07 
 3.162277660168399e+01  3.249014116711041e-06  8.043118330889683e-07 
 3.223542001952483e+01  3.222224974942666e-06  7.976800294404693e-07 
 3.285993247600675e+01  3.195659018229014e-06  7.911034765157019e-07 
 3.349654391578298e+01  3.169314370870008e-06  7.845817099746702e-07 
 3.414548873833623e+01  3.143189173156310e-06  7.781142694356546e-07 
 3.480700588428433e+01  3.117281581228956e-06  7.717006984410007e-07 
 3.548133892335778e+01  3.091589766944863e-06  7.653405444235729e-07 
 3.616873614408183e+01  3.066111917739622e-06  7.590333586727902e-07 
 3.686945064519600e+01  3.040846236493821e-06  7.527786963016335e-07 
 3.758374042884466e+01  3.015790941399089e-06  7.465761162133112e-07 
 3.831186849557313e+01  2.990944265827204e-06  7.404251810690159e-07 
 3.905410294116406e+01  2.966304458197651e-06  7.343254572551011e-07 
 3.981071705534999e+01  2.941869781849576e-06  7.282765148514082e-07 
 4.058198942243826e+01  2.917638514910766e-06  7.222779275986855e-07 
 4.136820402388535e+01  2.893608950172779e-06  7.163292728678741e-07 
 4.216965034285851e+01  2.869779394962931e-06  7.104301316282154e-07 
 4.298662347082306e+01  2.846148171018869e-06  7.045800884164685e-07 
 4.381942421619467e+01  2.822713614365840e-06  6.987787313062314e-07 
 4.466835921509661e+01  2.799474075191553e-06  6.930256518771965e-07 
 4.553374104426280e+01  2.776427917726276e-06  6.873204451852940e-07 
 4.641588833612811e+01  2.753573520120142e-06  6.816627097324289e-07 
 4.731512589614837e+01  2.730909274324230e-06  6.760520474370175e-07 
 4.823178482239340e+01  2.708433585971884e-06  6.704880636045820e-07 
 4.916620262745678e+01  2.686144874259431e-06  6.649703668982662e-07 
 5.011872336272758e+01  2.664041571831387e-06  6.594985693103391e-07 
 5.108969774506964e+01  2.642122124663344e-06  6.540722861332899e-07 
 5.207948328595500e+01  2.620384991948238e-06  6.486911359316411e-07 
 5.308844442309921e+01  2.598828645981335e-06  6.433547405134835e-07 
 5.411695265464675e+01  2.577451572048781e-06  6.380627249028813e-07 
 5.516538667595619e+01  2.556252268314571e-06  6.328147173117397e-07 
 5.623413251903531e+01  2.535229245712076e-06  6.276103491132977e-07 
 5.732358369467754e+01  2.514381027830969e-06  6.224492548138995e-07 
 5.843414133735218e+01  2.493706150810999e-06  6.173310720265604e-07 
 5.956621435290148e+01  2.473203163233285e-06  6.122554414444115e-07 
 6.072021956909929e+01  2.452870626012882e-06  6.072220068138852e-07 
 6.189658188912651e+01  2.432707112293706e-06  6.022304149086245e-07 
 6.309573444801979e+01  2.412711207342436e-06  5.972803155035360e-07 
 6.431811877215135e+01  2.392881508445363e-06  5.923713613488072e-07 
 6.556418494179837e+01  2.373216624804265e-06  5.875032081446136e-07 
 6.683439175686196e+01  2.353715177435150e-06  5.826755145156431e-07 
 6.812920690579664e+01  2.334375799065131e-06  5.778879419858053e-07 
 6.944910713781265e+01  2.315197134033652e-06  5.731401549536416e-07 
 7.079457843841433e+01  2.296177838191429e-06  5.684318206674929e-07 
 7.216611620833937e+01  2.277316578802915e-06  5.637626092011377e-07 
 7.356422544596469e+01  2.258612034447063e-06  5.591321934293131e-07 
 7.498942093324617e+01  2.240062894921061e-06  5.545402490040434e-07 
 7.644222742526063e+01  2.221667861143523e-06  5.499864543303446e-07 
 7.792317984342003e+01  2.203425645060029e-06  5.454704905431211e-07 
 7.943282347242878e+01  2.185334969547646e-06  5.409920414833732e-07 
 8.097171416105684e+01  2.167394568321257e-06  5.365507936751323e-07 
 8.254041852680250e+01  2.149603185840983e-06  5.321464363024312e-07 
 8.413951416452018e+01  2.131959577220140e-06  5.277786611865779e-07 
 8.576958985909010e+01  2.114462508133459e-06  5.234471627634053e-07 
 8.743124580220807e+01  2.097110754726689e-06  5.191516380609204e-07 
 8.912509381337527e+01  2.079903103527606e-06  5.148917866773071e-07 
 9.085175756516942e+01  2.062838351356253e-06  5.106673107585490e-07 
 9.261187281288011e+01  2.045915305236620e-06  5.064779149767018e-07 
 9.440608762859311e+01  2.029132782309977e-06  5.023233065085643e-07 
 9.623506263980966e+01  2.012489609747787e-06  4.982031950137824e-07 
 9.809947127268855e+01  1.995984624666133e-06  4.941172926138849e-07 
 1.000000000000008e+02  1.979616674040096e-06  4.900653138711840e-07 
 1.019373485938881e+02  1.963384614620016e-06  4.860469757677892e-07 
 1.039122303835178e+02  1.947287312847051e-06  4.820619976848004e-07 
 1.059253725177298e+02  1.931323644771051e-06  4.781101013821442e-07 
 1.079775162327719e+02  1.915492495967931e-06  4.741910109778509e-07 
 1.100694171252219e+02  1.899792761457991e-06  4.703044529280268e-07 
 1.122018454301973e+02  1.884223345625859e-06  4.664501560070001e-07 
 1.143755863049548e+02  1.868783162139608e-06  4.626278512871482e-07 
 1.165914401179842e+02  1.853471133871825e-06  4.588372721196356e-07 
 1.188502227437029e+02  1.838286192821134e-06  4.550781541147612e-07 
 1.211527658628599e+02  1.823227280033465e-06  4.513502351224568e-07 
 1.234999172687595e+02  1.808293345525362e-06  4.476532552135544e-07 
 1.258925411794178e+02  1.793483348207308e-06  4.439869566605001e-07 
 1.283315185557662e+02  1.778796255807373e-06  4.403510839186308e-07 
 1.308177474260206e+02  1.764231044796465e-06  4.367453836076083e-07 
 1.333521432163336e+02  1.749786700312986e-06  4.331696044928389e-07 
 1.359356390878538e+02  1.735462216089469e-06  4.296234974671596e-07 
 1.385691862803140e+02  1.721256594378536e-06  4.261068155327319e-07 
 1.412537544622767e+02  1.707168845881080e-06  4.226193137830258e-07 
 1.439903320881646e+02  1.693197989673168e-06  4.191607493848834e-07 
 1.467799267622083e+02  1.679343053135274e-06  4.157308815609640e-07 
 1.496235656094447e+02  1.665603071881086e-06  4.123294715720747e-07 
 1.525222956539033e+02  1.651977089687542e-06  4.089562826999781e-07 
 1.554771842041188e+02  1.638464158425087e-06  4.056110802298539e-07 
 1.584893192461128e+02  1.625063337988420e-06  4.022936314335343e-07 
 1.615598098439889e+02  1.611773696228491e-06  3.990037055523383e-07 
 1.646897865482883e+02  1.598594308884502e-06  3.957410737803829e-07 
 1.678804018122576e+02  1.585524259516231e-06  3.925055092479244e-07 
 1.711328304161796e+02  1.572562639438622e-06  3.892967870049042e-07 
 1.744482698999270e+02  1.559708547654148e-06  3.861146840044532e-07 
 1.778279410038939e+02  1.546961090788420e-06  3.829589790869045e-07 
 1.812730881184716e+02  1.534319383024927e-06  3.798294529634405e-07 
 1.847849797422308e+02  1.521782546040404e-06  3.767258882003763e-07 
 1.883649089489818e+02  1.509349708941845e-06  3.736480692033931e-07 
 1.920141938638820e+02  1.497020008202155e-06  3.705957822016310e-07 
 1.957341781487679e+02  1.484792587598172e-06  3.675688152323681e-07 
 1.995262314968899e+02  1.472666598148443e-06  3.645669581256558e-07 
 2.033917501372311e+02  1.460641198051393e-06  3.615900024889097e-07 
 2.073321573485975e+02  1.448715552624394e-06  3.586377416919404e-07 
 2.113489039836667e+02  1.436888834243187e-06  3.557099708518767e-07 
 2.154434690031904e+02  1.425160222281775e-06  3.528064868183550e-07 
 2.196173600205457e+02  1.413528903052949e-06  3.499270881586620e-07 
 2.238721138568361e+02  1.401994069749520e-06  3.470715751433679e-07 
 2.282092971067473e+02  1.390554922385541e-06  3.442397497316249e-07 
 2.326305067153649e+02  1.379210667738343e-06  3.414314155569204e-07 
 2.371373705661678e+02  1.367960519291403e-06  3.386463779129277e-07 
 2.417315480804128e+02  1.356803697176927e-06  3.358844437391315e-07 
 2.464147308281306e+02  1.345739428119504e-06  3.331454216071619e-07 
 2.511886431509605e+02  1.334766945380655e-06  3.304291217067906e-07 
 2.560550427970502e+02  1.323885488702415e-06  3.277353558321247e-07 
 2.610157215682563e+02  1.313094304252947e-06  3.250639373681710e-07 
 2.660725059798837e+02  1.302392644571865e-06  3.224146812771087e-07 
 2.712272579332056e+02  1.291779768515935e-06  3.197874040850657e-07 
 2.764818754010136e+02  1.281254941205892e-06  3.171819238688442e-07 
 2.818382931264483e+02  1.270817433972718e-06  3.145980602426261e-07 
 2.872984833353694e+02  1.260466524305839e-06  3.120356343451036e-07 
 2.928644564625267e+02  1.250201495799823e-06  3.094944688264843e-07 
 2.985382618917990e+02  1.240021638103388e-06  3.069743878355592e-07 
 3.043219887107753e+02  1.229926246867687e-06  3.044752170071892e-07 
 3.102177664799533e+02  1.219914623695827e-06  3.019967834496560e-07 
 3.162277660168412e+02  1.209986076091846e-06  2.995389157320412e-07 
 3.223542001952496e+02  1.200139917411264e-06  2.971014438720147e-07 
 3.285993247600689e+02  1.190375466811178e-06  2.946841993234285e-07 
 3.349654391578312e+02  1.180692049201256e-06  2.922870149643486e-07 
 3.414548873833638e+02  1.171088995194943e-06  2.899097250847138e-07 
 3.480700588428447e+02  1.161565641061050e-06  2.875521653746264e-07 
 3.548133892335792e+02  1.152121328676308e-06  2.852141729123365e-07 
 3.616873614408197e+02  1.142755405477330e-06  2.828955861526023e-07 
 3.686945064519614e+02  1.133467224413975e-06  2.805962449149961e-07 
 3.758374042884482e+02  1.124256143902453e-06  2.783159903722915e-07 
 3.831186849557329e+02  1.115121527779145e-06  2.760546650391543e-07 
 3.905410294116422e+02  1.106062745254940e-06  2.738121127606558e-07 
 3.981071705535015e+02  1.097079170869431e-06  2.715881787011349e-07 
 4.058198942243842e+02  1.088170184445938e-06  2.693827093328968e-07 
 4.136820402388552e+02  1.079335171047218e-06  2.671955524253170e-07 
 4.216965034285868e+02  1.070573520930668e-06  2.650265570338037e-07 
 4.298662347082324e+02  1.061884629504587e-06  2.628755734888698e-07 
 4.381942421619485e+02  1.053267897284839e-06  2.607424533854843e-07 
 4.466835921509680e+02  1.044722729851447e-06  2.586270495722670e-07 
 4.553374104426299e+02  1.036248537805928e-06  2.565292161409760e-07 
 4.641588833612830e+02  1.027844736728785e-06  2.544488084159796e-07 
 4.731512589614857e+02  1.019510747137673e-06  2.523856829438648e-07 
 4.823178482239360e+02  1.011245994445398e-06  2.503396974830485e-07 
 4.916620262745698e+02  1.003049908918805e-06  2.483107109936939e-07 
 5.011872336272779e+02  9.949219256378404e-07  2.462985836273972e-07 
 5.108969774506985e+02  9.868614844546452e-07  2.443031767172243e-07 
 5.207948328595522e+02  9.788680299537471e-07  2.423243527677735e-07 
 5.308844442309944e+02  9.709410114114963e-07  2.403619754452116e-07 
 5.411695265464699e+02  9.630798827572642e-07  2.384159095674966e-07 
 5.516538667595644e+02  9.552841025334606e-07  2.364860210947139e-07 
 5.623413251903556e+02  9.475531338570654e-07  2.345721771193799e-07 
 5.732358369467780e+02  9.398864443809284e-07  2.326742458569387e-07 
 5.843414133735243e+02  9.322835062555646e-07  2.307920966362934e-07 
 5.956621435290174e+02  9.247437960911843e-07  2.289255998903636e-07 
 6.072021956909956e+02  9.172667949202367e-07  2.270746271469138e-07 
 6.189658188912678e+02  9.098519881598459e-07  2.252390510191372e-07 
 6.309573444802006e+02  9.024988655751454e-07  2.234187451966685e-07 
 6.431811877215163e+02  8.952069212426404e-07  2.216135844364696e-07 
 6.556418494179866e+02  8.879756535137327e-07  2.198234445538038e-07 
 6.683439175686225e+02  8.808045649787604e-07  2.180482024133823e-07 
 6.812920690579693e+02  8.736931624314747e-07  2.162877359204858e-07 
 6.944910713781295e+02  8.666409568333034e-07  2.145419240122049e-07 
 7.079457843841464e+02  8.596474632786437e-07  2.128106466488061e-07 
 7.216611620833969e+02  8.527122009597276e-07  2.110937848050137e-07 
 7.356422544596502e+02  8.458346931324335e-07  2.093912204616282e-07 
 7.498942093324649e+02  8.390144670818722e-07  2.077028365968710e-07 
 7.644222742526096e+02  8.322510540885422e-07  2.060285171782010e-07 
 7.792317984342036e+02  8.255439893947606e-07  2.043681471537886e-07 
 7.943282347242912e+02  8.188928121712052e-07  2.027216124444138e-07 
 8.097171416105718e+02  8.122970654841602e-07  2.010887999352637e-07 
 8.254041852680285e+02  8.057562962622292e-07  1.994695974677155e-07 
 8.413951416452054e+02  7.992700552643995e-07  1.978638938314529e-07 
 8.576958985909047e+02  7.928378970475557e-07  1.962715787563761e-07 
 8.743124580220845e+02  7.864593799345946e-07  1.946925429047714e-07 
 8.912509381337566e+02  7.801340659825892e-07  1.931266778633623e-07 
 9.085175756516981e+02  7.738615209517113e-07  1.915738761357297e-07 
 9.261187281288051e+02  7.676413142739773e-07  1.900340311344161e-07 
 9.440608762859353e+02  7.614730190220596e-07  1.885070371733667e-07 
 9.623506263981008e+02  7.553562118793319e-07  1.869927894604080e-07 
 9.809947127268898e+02  7.492904731089136e-07  1.854911840896218e-07 
 1.000000000000013e+03  7.432753865239286e-07  1.840021180339935e-07 
 1.019373485938886e+03  7.373105394575010e-07  1.825254891380203e-07 
 1.039122303835182e+03  7.313955227332762e-07  1.810611961102900e-07 
 1.059253725177302e+03  7.255299306360778e-07  1.796091385163727e-07 
 1.079775162327723e+03  7.197133608827283e-07  1.781692167715105e-07 
 1.100694171252224e+03  7.139454145933869e-07  1.767413321335466e-07 
 1.122018454301978e+03  7.082256962627149e-07  1.753253866957796e-07 
 1.143755863049553e+03  7.025538137317717e-07  1.739212833800086e-07 
 1.165914401179847e+03  6.969293781595843e-07  1.725289259295738e-07 
 1.188502227437034e+03  6.913520039956622e-07  1.711482189023887e-07 
 1.211527658628604e+03  6.858213089520707e-07  1.697790676642116e-07 
 1.234999172687601e+03  6.803369139760587e-07  1.684213783817527e-07 
 1.258925411794184e+03  6.748984432229985e-07  1.670750580160299e-07 
 1.283315185557668e+03  6.695055240291067e-07  1.657400143155996e-07 
 1.308177474260211e+03  6.641577868853005e-07  1.644161558100793e-07 
 1.333521432163342e+03  6.588548654099058e-07  1.631033918034409e-07 
 1.359356390878544e+03  6.535963963231131e-07  1.618016323676545e-07 
 1.385691862803146e+03  6.483820194204245e-07  1.605107883360990e-07 
 1.412537544622773e+03  6.432113775470606e-07  1.592307712972792e-07 
 1.439903320881652e+03  6.380841165721267e-07  1.579614935884020e-07 
 1.467799267622089e+03  6.329998853632776e-07  1.567028682891122e-07 
 1.496235656094454e+03  6.279583357616331e-07  1.554548092153100e-07 
 1.525222956539040e+03  6.229591225566014e-07  1.542172309128827e-07 
 1.554771842041195e+03  6.180019034610205e-07  1.529900486516056e-07 
 1.584893192461135e+03  6.130863390868013e-07  1.517731784190497e-07 
 1.615598098439896e+03  6.082120929203704e-07  1.505665369145805e-07 
 1.646897865482891e+03  6.033788312985188e-07  1.493700415433398e-07 
 1.678804018122584e+03  5.985862233844389e-07  1.481836104103423e-07 
 1.711328304161804e+03  5.938339411438438e-07  1.470071623145226e-07 
 1.744482698999278e+03  5.891216593215173e-07  1.458406167430048e-07 
 1.778279410038948e+03  5.844490554177090e-07  1.446838938651956e-07 
 1.812730881184724e+03  5.798158096651950e-07  1.435369145271811e-07 
 1.847849797422317e+03  5.752216050059026e-07  1.423996002458769e-07 
 1.883649089489827e+03  5.706661270683611e-07  1.412718732035273e-07 
 1.920141938638829e+03  5.661490641450066e-07  1.401536562419999e-07 
 1.957341781487688e+03  5.616701071695120e-07  1.390448728572633e-07 
 1.995262314968908e+03  5.572289496947451e-07  1.379454471939152e-07 
 2.033917501372321e+03  5.528252878705465e-07  1.368553040396510e-07 
 2.073321573485985e+03  5.484588204217788e-07  1.357743688198763e-07 
 2.113489039836677e+03  5.441292486266720e-07  1.347025675923353e-07 
 2.154434690031915e+03  5.398362762951039e-07  1.336398270417799e-07 
 2.196173600205468e+03  5.355796097473238e-07  1.325860744746476e-07 
 2.238721138568372e+03  5.313589577927228e-07  1.315412378138531e-07 
 2.282092971067484e+03  5.271740317086045e-07  1.305052455935451e-07 
 2.326305067153660e+03  5.230245452194660e-07  1.294780269539737e-07 
 2.371373705661690e+03  5.189102144761660e-07  1.284595116363546e-07 
 2.417315480804139e+03  5.148307580354515e-07  1.274496299777648e-07 
 2.464147308281318e+03  5.107858968394432e-07  1.264483129061393e-07 
 2.511886431509617e+03  5.067753541954665e-07  1.254554919352705e-07 
 2.560550427970514e+03  5.027988557558934e-07  1.244710991597884e-07 
 2.610157215682575e+03  4.988561294983238e-07  1.234950672503009e-07 
 2.660725059798849e+03  4.949469057056844e-07  1.225273294484872e-07 
 2.712272579332068e+03  4.910709169467266e-07  1.215678195622603e-07 
 2.764818754010148e+03  4.872278980564411e-07  1.206164719609193e-07 
 2.818382931264496e+03  4.834175861168685e-07  1.196732215704378e-07 
 2.872984833353707e+03  4.796397204378595e-07  1.187380038686988e-07 
 2.928644564625281e+03  4.758940425379675e-07  1.178107548808090e-07 
 2.985382618918004e+03  4.721802961257527e-07  1.168914111744306e-07 
 3.043219887107768e+03  4.684982270809213e-07  1.159799098551552e-07 
 3.102177664799548e+03  4.648475834357949e-07  1.150761885619454e-07 
 3.162277660168427e+03  4.612281153567845e-07  1.141801854625259e-07 
 3.223542001952512e+03  4.576395751261981e-07  1.132918392489389e-07 
 3.285993247600705e+03  4.540817171239724e-07  1.124110891330022e-07 
 3.349654391578328e+03  4.505542978096648e-07  1.115378748418822e-07 
 3.414548873833654e+03  4.470570757045321e-07  1.106721366136860e-07 
 3.480700588428464e+03  4.435898113738336e-07  1.098138151930517e-07 
 3.548133892335809e+03  4.401522674090308e-07  1.089628518268478e-07 
 3.616873614408215e+03  4.367442084104640e-07  1.081191882598084e-07 
 3.686945064519632e+03  4.333654009698587e-07  1.072827667302699e-07 
 3.758374042884499e+03  4.300156136530936e-07  1.064535299659355e-07 
 3.831186849557347e+03  4.266946169830150e-07  1.056314211796114e-07 
 3.905410294116440e+03  4.234021834226222e-07  1.048163840650803e-07 
 3.981071705535034e+03  4.201380873578335e-07  1.040083627928676e-07 
 4.058198942243861e+03  4.169021050811571e-07  1.032073020061964e-07 
 4.136820402388571e+03  4.136940147746073e-07  1.024131468168079e-07 
 4.216965034285888e+03  4.105135964934908e-07  1.016258428009587e-07 
 4.298662347082343e+03  4.073606321498798e-07  1.008453359953589e-07 
 4.381942421619505e+03  4.042349054962781e-07  1.000715728931347e-07 
 4.466835921509701e+03  4.011362021094227e-07  9.930450043989948e-08 
 4.553374104426321e+03  3.980643093743640e-07  9.854406602977795e-08 
 4.641588833612851e+03  3.950190164683212e-07  9.779021750146586e-08 
 4.731512589614878e+03  3.920001143448848e-07  9.704290313435763e-08 
 4.823178482239382e+03  3.890073957182628e-07  9.630207164468372e-08 
 4.916620262745721e+03  3.860406550476239e-07  9.556767218163430e-08 
 5.011872336272801e+03  3.830996885216383e-07  9.483965432358231e-08 
 5.108969774507008e+03  3.801842940429740e-07  9.411796807427894e-08 
 5.207948328595546e+03  3.772942712128718e-07  9.340256385909021e-08 
 5.308844442309967e+03  3.744294213160464e-07  9.269339252126713e-08 
 5.411695265464722e+03  3.715895473055208e-07  9.199040531822598e-08 
 5.516538667595667e+03  3.687744537874874e-07  9.129355391788849e-08 
 5.623413251903579e+03  3.659839470064557e-07  9.060279039498621e-08 
 5.732358369467805e+03  3.632178348304222e-07  8.991806722744360e-08 
 5.843414133735268e+03  3.604759267359930e-07  8.923933729279440e-08 
 5.956621435290199e+03  3.577580337938375e-07  8.856655386454057e-08 
 6.072021956909982e+03  3.550639686539671e-07  8.789967060862615e-08 
 6.189658188912704e+03  3.523935455314298e-07  8.723864157989120e-08 
 6.309573444802033e+03  3.497465801917964e-07  8.658342121855533e-08 
 6.431811877215190e+03  3.471228899367732e-07  8.593396434672410e-08 
 6.556418494179894e+03  3.445222935901746e-07  8.529022616491519e-08 
 6.683439175686253e+03  3.419446114835182e-07  8.465216224861595e-08 
 6.812920690579723e+03  3.393896654422373e-07  8.401972854486292e-08 
 6.944910713781324e+03  3.368572787714366e-07  8.339288136882439e-08 
 7.079457843841494e+03  3.343472762421808e-07  8.277157740043257e-08 
 7.216611620834000e+03  3.318594840774940e-07  8.215577368100807e-08 
 7.356422544596533e+03  3.293937299388324e-07  8.154542760994088e-08 
 7.498942093324681e+03  3.269498429121665e-07  8.094049694135321e-08 
 7.644222742526128e+03  3.245276534944929e-07  8.034093978081709e-08 
 7.792317984342069e+03  3.221269935803981e-07  7.974671458206353e-08 
 7.943282347242946e+03  3.197476964484035e-07  7.915778014375697e-08 
 8.097171416105754e+03  3.173895967476746e-07  7.857409560618371e-08 
 8.254041852680322e+03  3.150525304848028e-07  7.799562044812452e-08 
 8.413951416452092e+03  3.127363350103785e-07  7.742231448361406e-08 
 8.576958985909085e+03  3.104408490059442e-07  7.685413785877036e-08 
 8.743124580220883e+03  3.081659124707593e-07  7.629105104862175e-08 
 8.912509381337606e+03  3.059113667088645e-07  7.573301485399331e-08 
 9.085175756517023e+03  3.036770543160412e-07  7.517999039836662e-08 
 9.261187281288094e+03  3.014628191668303e-07  7.463193912477890e-08 
 9.440608762859396e+03  2.992685064017722e-07  7.408882279275102e-08 
 9.623506263981051e+03  2.970939624144919e-07  7.355060347521233e-08 
 9.809947127268942e+03  2.949390348390108e-07  7.301724355545657e-08 
 1.000000000000017e+04  2.928035725370764e-07  7.248870572411205e-08 
 1.019373485938890e+04  2.906874255853930e-07  7.196495297613437e-08 
 1.039122303835187e+04  2.885904452632296e-07  7.144594860780305e-08 
 1.059253725177307e+04  2.865124840397536e-07  7.093165621375140e-08 
 1.079775162327729e+04  2.844533955615860e-07  7.042203968401724e-08 
 1.100694171252229e+04  2.824130346403728e-07  6.991706320107893e-08 
 1.122018454301983e+04  2.803912572404567e-07  6.941669123694894e-08 
 1.143755863049558e+04  2.783879204664832e-07  6.892088855026188e-08 
 1.165914401179852e+04  2.764028825511120e-07  6.842962018338495e-08 
 1.188502227437039e+04  2.744360028429027e-07  6.794285145953159e-08 
 1.211527658628610e+04  2.724871417939574e-07  6.746054797992983e-08 
 1.234999172687607e+04  2.705561609479334e-07  6.698267562095454e-08 
 1.258925411794190e+04  2.686429229278061e-07  6.650920053132774e-08 
 1.283315185557674e+04  2.667472914238997e-07  6.604008912928856e-08 
 1.308177474260217e+04  2.648691311818547e-07  6.557530809982186e-08 
 1.333521432163348e+04  2.630083079905925e-07  6.511482439187353e-08 
 1.359356390878550e+04  2.611646886704699e-07  6.465860521559160e-08 
 1.385691862803152e+04  2.593381410613223e-07  6.420661803959100e-08 
 1.412537544622780e+04  2.575285340104872e-07  6.375883058822608e-08 
 1.439903320881659e+04  2.557357373612162e-07  6.331521083886902e-08 
 1.467799267622096e+04  2.539596219406861e-07  6.287572701924218e-08 
 1.496235656094461e+04  2.522000595482426e-07  6.244034760471058e-08 
 1.525222956539047e+04  2.504569229438105e-07  6.200904131566406e-08 
 1.554771842041202e+04  2.487300858359123e-07  6.158177711479842e-08 
 1.584893192461143e+04  2.470194228703197e-07  6.115852420459920e-08 
 1.615598098439904e+04  2.453248096181443e-07  6.073925202457783e-08 
 1.646897865482899e+04  2.436461225643656e-07  6.032393024884552e-08 
 1.678804018122592e+04  2.419832390961504e-07  5.991252878341550e-08 
 1.711328304161813e+04  2.403360374913747e-07  5.950501776368583e-08 
 1.744482698999287e+04  2.387043969069062e-07  5.910136755188051e-08 
 1.778279410038956e+04  2.370881973672324e-07  5.870154873452815e-08 
 1.812730881184733e+04  2.354873197528725e-07  5.830553211994330e-08 
 1.847849797422326e+04  2.339016457889122e-07  5.791328873572972e-08 
 1.883649089489836e+04  2.323310580334924e-07  5.752478982630830e-08 
 1.920141938638838e+04  2.307754398663713e-07  5.714000685044625e-08 
 1.957341781487698e+04  2.292346754775156e-07  5.675891147881866e-08 
 1.995262314968918e+04  2.277086498555553e-07  5.638147559157606e-08 
 2.033917501372331e+04  2.261972487764692e-07  5.600767127593899e-08 
 2.073321573485995e+04  2.247003587921516e-07  5.563747082379680e-08 
 2.113489039836688e+04  2.232178672190063e-07  5.527084672935158e-08 
 2.154434690031925e+04  2.217496621263565e-07  5.490777168671322e-08 
 2.196173600205479e+04  2.202956323254159e-07  5.454821858762301e-08 
 2.238721138568383e+04  2.188556673575804e-07  5.419216051909601e-08 
 2.282092971067495e+04  2.174296574831925e-07  5.383957076111847e-08 
 2.326305067153671e+04  2.160174936701366e-07  5.349042278438065e-08 
 2.371373705661701e+04  2.146190675822339e-07  5.314469024797173e-08 
 2.417315480804151e+04  2.132342715681620e-07  5.280234699718665e-08 
 2.464147308281330e+04  2.118629986498218e-07  5.246336706126638e-08 
 2.511886431509629e+04  2.105051425110099e-07  5.212772465119295e-08 
 2.560550427970526e+04  2.091605974859362e-07  5.179539415750291e-08 
 2.610157215682588e+04  2.078292585477737e-07  5.146635014811885e-08 
 2.660725059798862e+04  2.065110212972372e-07  5.114056736621611e-08 
 2.712272579332082e+04  2.052057819510000e-07  5.081802072804203e-08 
 2.764818754010162e+04  2.039134373302946e-07  5.049868532088064e-08 
 2.818382931264510e+04  2.026338848493326e-07  5.018253640092021e-08 
 2.872984833353721e+04  2.013670225037474e-07  4.986954939120691e-08 
 2.928644564625295e+04  2.001127488589189e-07  4.955969987956212e-08 
 2.985382618918019e+04  1.988709630384584e-07  4.925296361662222e-08 
 3.043219887107782e+04  1.976415647125380e-07  4.894931651378933e-08 
 3.102177664799563e+04  1.964244540861028e-07  4.864873464128509e-08 
 3.162277660168443e+04  1.952195318870988e-07  4.835119422614435e-08 
 3.223542001952527e+04  1.940266993547834e-07  4.805667165034862e-08 
 3.285993247600720e+04  1.928458582277829e-07  4.776514344887235e-08 
 3.349654391578344e+04  1.916769107321781e-07  4.747658630780938e-08 
 3.414548873833670e+04  1.905197595695796e-07  4.719097706250597e-08 
 3.480700588428481e+04  1.893743079050684e-07  4.690829269573590e-08 
 3.548133892335826e+04  1.882404593549489e-07  4.662851033584464e-08 
 3.616873614408232e+04  1.871181179748373e-07  4.635160725502741e-08 
 3.686945064519650e+04  1.860071882470572e-07  4.607756086748932e-08 
 3.758374042884518e+04  1.849075750686525e-07  4.580634872777284e-08 
 3.831186849557365e+04  1.838191837385381e-07  4.553794852898112e-08 
 3.905410294116459e+04  1.827419199452810e-07  4.527233810114694e-08 
 3.981071705535053e+04  1.816756897543748e-07  4.500949540954351e-08 
 4.058198942243881e+04  1.806203995952219e-07  4.474939855300450e-08 
 4.136820402388591e+04  1.795759562486851e-07  4.449202576242002e-08 
 4.216965034285909e+04  1.785422668337248e-07  4.423735539902985e-08 
 4.298662347082365e+04  1.775192387944493e-07  4.398536595296422e-08 
 4.381942421619527e+04  1.765067798868073e-07  4.373603604165791e-08 
 4.466835921509723e+04  1.755047981651917e-07  4.348934440838116e-08 
 4.553374104426344e+04  1.745132019688527e-07  4.324526992077997e-08 
 4.641588833612874e+04  1.735318999080475e-07  4.300379156934420e-08 
 4.731512589614902e+04  1.725608008504738e-07  4.276488846614788e-08 
 4.823178482239406e+04  1.715998139066855e-07  4.252853984324417e-08 
 4.916620262745745e+04  1.706488484162930e-07  4.229472505151592e-08 
 5.011872336272826e+04  1.697078139332788e-07  4.206342355923373e-08 
 5.108969774507033e+04  1.687766202112862e-07  4.183461495078875e-08 
 5.207948328595571e+04  1.678551771888668e-07  4.160827892539971e-08 
 5.308844442309994e+04  1.669433949739568e-07  4.138439529586257e-08 
 5.411695265464750e+04  1.660411838291366e-07  4.116294398740408e-08 
 5.516538667595695e+04  1.651484541555180e-07  4.094390503641301e-08 
 5.623413251903608e+04  1.642651164770421e-07  4.072725858935123e-08 
 5.732358369467833e+04  1.633910814243194e-07  4.051298490161532e-08 
 5.843414133735298e+04  1.625262597179997e-07  4.030106433639098e-08 
 5.956621435290229e+04  1.616705621522172e-07  4.009147736368737e-08 
 6.072021956910013e+04  1.608238995776188e-07  3.988420455932019e-08 
 6.189658188912735e+04  1.599861828832661e-07  3.967922660360011e-08 
 6.309573444802065e+04  1.591573229797526e-07  3.947652428084712e-08 
 6.431811877215223e+04  1.583372307807311e-07  3.927607847814974e-08 
 6.556418494179926e+04  1.575258171843936e-07  3.907787018451728e-08 
 6.683439175686287e+04  1.567229930543553e-07  3.888188048994347e-08 
 6.812920690579756e+04  1.559286692009329e-07  3.868809058469658e-08 
 6.944910713781358e+04  1.551427563609956e-07  3.849648175838543e-08 
 7.079457843841528e+04  1.543651651778758e-07  3.830703539920633e-08 
 7.216611620834035e+04  1.535958061808011e-07  3.811973299321311e-08 
 7.356422544596568e+04  1.528345897638053e-07  3.793455612349041e-08 
 7.498942093324717e+04  1.520814261643590e-07  3.775148646964869e-08 
 7.644222742526165e+04  1.513362254409755e-07  3.757050580697329e-08 
 7.792317984342107e+04  1.505988974504294e-07  3.739159600578052e-08 
 7.943282347242984e+04  1.498693518253138e-07  3.721473903103149e-08 
 8.097171416105793e+04  1.491474979495631e-07  3.703991694154457e-08 
 8.254041852680361e+04  1.484332449344591e-07  3.686711188947864e-08 
 8.413951416452132e+04  1.477265015935984e-07  3.669630611984006e-08 
 8.576958985909125e+04  1.470271764174431e-07  3.652748197006778e-08 
 8.743124580220925e+04  1.463351775470864e-07  3.636062186943086e-08 
 8.912509381337647e+04  1.456504127474548e-07  3.619570833872183e-08 
 9.085175756517064e+04  1.449727893792037e-07  3.603272398974211e-08 
 9.261187281288135e+04  1.443022143714018e-07  3.587165152500380e-08 
 9.440608762859438e+04  1.436385941919010e-07  3.571247373737292e-08 
 9.623506263981095e+04  1.429818348175028e-07  3.555517350960824e-08 
 9.809947127268986e+04  1.423318417040902e-07  3.539973381433597e-08 
 1.000000000000022e+05  1.416885197545206e-07  3.524613771346804e-08 
 1.019373485938895e+05  1.410517732872313e-07  3.509436835819458e-08 
 1.039122303835192e+05  1.404215060031771e-07  3.494440898871898e-08 
 1.059253725177312e+05  1.397976209516206e-07  3.479624293384725e-08 
 1.079775162327733e+05  1.391800204962354e-07  3.464985361117977e-08 
 1.100694171252234e+05  1.385686062792775e-07  3.450522452669351e-08 
 1.122018454301988e+05  1.379632791848845e-07  3.436233927463435e-08 
 1.143755863049563e+05  1.373639393026372e-07  3.422118153757248e-08 
 1.165914401179858e+05  1.367704858887993e-07  3.408173508621204e-08 
 1.188502227437045e+05  1.361828173273640e-07  3.394398377933239e-08 
 1.211527658628615e+05  1.356008310900909e-07  3.380791156376533e-08 
 1.234999172687612e+05  1.350244236957641e-07  3.367350247445081e-08 
 1.258925411794195e+05  1.344534906676214e-07  3.354074063423563e-08 
 1.283315185557680e+05  1.338879264914685e-07  3.340961025421721e-08 
 1.308177474260223e+05  1.333276245711312e-07  3.328009563347312e-08 
 1.333521432163354e+05  1.327724771843664e-07  3.315218115937515e-08 
 1.359356390878556e+05  1.322223754367732e-07  3.302585130752627e-08 
 1.385691862803159e+05  1.316772092152928e-07  3.290109064183124e-08 
 1.412537544622786e+05  1.311368671410395e-07  3.277788381477332e-08 
 1.439903320881665e+05  1.306012365207095e-07  3.265621556737854e-08 
 1.467799267622102e+05  1.300702032972127e-07  3.253607072944780e-08 
 1.496235656094467e+05  1.295436520001371e-07  3.241743421973425e-08 
 1.525222956539053e+05  1.290214656944075e-07  3.230029104603702e-08 
 1.554771842041208e+05  1.285035259289240e-07  3.218462630549265e-08 
 1.584893192461149e+05  1.279897126843322e-07  3.207042518475148e-08 
 1.615598098439910e+05  1.274799043194771e-07  3.195767296003487e-08 
 1.646897865482905e+05  1.269739775186168e-07  3.184635499762623e-08 
 1.678804018122598e+05  1.264718072369572e-07  3.173645675403535e-08 
 1.711328304161819e+05  1.259732666457146e-07  3.162796377600380e-08 
 1.744482698999293e+05  1.254782270778721e-07  3.152086170112154e-08 
 1.778279410038963e+05  1.249865579726729e-07  3.141513625794165e-08 
 1.812730881184740e+05  1.244981268200302e-07  3.131077326615602e-08 
 1.847849797422333e+05  1.240127991055784e-07  3.120775863705180e-08 
 1.883649089489843e+05  1.235304382550727e-07  3.110607837368754e-08 
 1.920141938638845e+05  1.230509055793027e-07  3.100571857131007e-08 
 1.957341781487705e+05  1.225740602198526e-07  3.090666541755704e-08 
 1.995262314968925e+05  1.220997590943808e-07  3.080890519280285e-08 
 2.033917501372338e+05  1.216278568439899e-07  3.071242427061007e-08 
 2.073321573486003e+05  1.211582057800920e-07  3.061720911783117e-08 
 2.113489039836695e+05  1.206906558338259e-07  3.052324629506045e-08 
 2.154434690031933e+05  1.202250545058726e-07  3.043052245708020e-08 
 2.196173600205487e+05  1.197612468185056e-07  3.033902435295517e-08 
 2.238721138568391e+05  1.192990752696305e-07  3.024873882660766e-08 
 2.282092971067503e+05  1.188383797885729e-07  3.015965281708343e-08 
 2.326305067153680e+05  1.183789976949042e-07  3.007175335885247e-08 
 2.371373705661710e+05  1.179207636598778e-07  2.998502758226714e-08 
 2.417315480804160e+05  1.174635096715025e-07  2.989946271383989e-08 
 2.464147308281339e+05  1.170070650029215e-07  2.981504607661071e-08 
 2.511886431509639e+05  1.165512561849402e-07  2.973176509058118e-08 
 2.560550427970536e+05  1.160959069832486e-07  2.964960727302904e-08 
 2.610157215682598e+05  1.156408383802994e-07  2.956856023883375e-08 
 2.660725059798872e+05  1.151858685628421e-07  2.948861170092202e-08 
 2.712272579332092e+05  1.147308129155879e-07  2.940974947063490e-08 
 2.764818754010173e+05  1.142754840209250e-07  2.933196145803223e-08 
 2.818382931264520e+05  1.138196916656800e-07  2.925523567226175e-08 
 2.872984833353732e+05  1.133632428563442e-07  2.917956022204739e-08 
 2.928644564625305e+05  1.129059418417814e-07  2.910492331598729e-08 
 2.985382618918030e+05  1.124475901447899e-07  2.903131326289858e-08 
 3.043219887107793e+05  1.119879866037820e-07  2.895871847226649e-08 
 3.102177664799574e+05  1.115269274240414e-07  2.888712745453743e-08 
 3.162277660168454e+05  1.110642062409594e-07  2.881652882162992e-08 
 3.223542001952539e+05  1.105996141932604e-07  2.874691128714587e-08 
 3.285993247600733e+05  1.101329400107540e-07  2.867826366686711e-08 
 3.349654391578356e+05  1.096639701133311e-07  2.861057487921243e-08 
 3.414548873833683e+05  1.091924887251509e-07  2.854383394550027e-08 
 3.480700588428493e+05  1.087182780025420e-07  2.847802999028211e-08 
 3.548133892335839e+05  1.082411181788357e-07  2.841315224192161e-08 
 3.616873614408245e+05  1.077607877236411e-07  2.834919003297817e-08 
 3.686945064519664e+05  1.072770635206866e-07  2.828613280048094e-08 
 3.758374042884532e+05  1.067897210621373e-07  2.822397008632900e-08 
 3.831186849557380e+05  1.062985346629180e-07  2.816269153795772e-08 
 3.905410294116474e+05  1.058032776926140e-07  2.810228690849122e-08 
 3.981071705535068e+05  1.053037228286330e-07  2.804274605726212e-08 
 4.058198942243896e+05  1.047996423295896e-07  2.798405895034700e-08 
 4.136820402388607e+05  1.042908083287794e-07  2.792621566086601e-08 
 4.216965034285925e+05  1.037769931514000e-07  2.786920636957829e-08 
 4.298662347082381e+05  1.032579696519012e-07  2.781302136523152e-08 
 4.381942421619543e+05  1.027335115752434e-07  2.775765104510070e-08 
 4.466835921509740e+05  1.022033939403659e-07  2.770308591552562e-08 
 4.553374104426361e+05  1.016673934474312e-07  2.764931659241744e-08 
 4.641588833612892e+05  1.011252889068930e-07  2.759633380166368e-08 
 4.731512589614920e+05  1.005768616934833e-07  2.754412837981130e-08 
 4.823178482239424e+05  1.000218962218446e-07  2.749269127454343e-08 
 4.916620262745764e+05  9.946018044583963e-08  2.744201354543584e-08 
 5.011872336272846e+05  9.889150637928041e-08  2.739208636428295e-08 
 5.108969774507053e+05  9.831567063902071e-08  2.734290101596594e-08 
 5.207948328595592e+05  9.773247500842896e-08  2.729444889899239e-08 
 5.308844442310014e+05  9.714172702127748e-08  2.724672152622596e-08 
 5.411695265464770e+05  9.654324056374568e-08  2.719971052566451e-08 
 5.516538667595716e+05  9.593683649413988e-08  2.715340764102891e-08 
 5.623413251903630e+05  9.532234327815590e-08  2.710780473270093e-08 
 5.732358369467856e+05  9.469959763821762e-08  2.706289377848846e-08 
 5.843414133735321e+05  9.406844521483216e-08  2.701866687442396e-08 
 5.956621435290253e+05  9.342874123700091e-08  2.697511623587459e-08 
 6.072021956910037e+05  9.278035120019991e-08  2.693223419817540e-08 
 6.189658188912760e+05  9.212315154917369e-08  2.689001321794494e-08 
 6.309573444802091e+05  9.145703036109160e-08  2.684844587390311e-08 
 6.431811877215249e+05  9.078188802853285e-08  2.680752486820396e-08 
 6.556418494179953e+05  9.009763793613851e-08  2.676724302732704e-08 
 6.683439175686314e+05  8.940420712996964e-08  2.672759330353635e-08 
 6.812920690579783e+05  8.870153697342501e-08  2.668856877603969e-08 
 6.944910713781386e+05  8.798958378854205e-08  2.665016265252958e-08 
 7.079457843841556e+05  8.726831947574958e-08  2.661236827032652e-08 
 7.216611620834064e+05  8.653773211096853e-08  2.657517909816833e-08 
 7.356422544596598e+05  8.579782651325266e-08  2.653858873769944e-08 
 7.498942093324747e+05  8.504862478017479e-08  2.650259092522241e-08 
 7.644222742526196e+05  8.429016678719777e-08  2.646717953336054e-08 
 7.792317984342139e+05  8.352251064479579e-08  2.643234857307641e-08 
 7.943282347243016e+05  8.274573311186255e-08  2.639809219559628e-08 
 8.097171416105825e+05  8.195992995819898e-08  2.636440469448919e-08 
 8.254041852680393e+05  8.116521627541026e-08  2.633128050794657e-08 
 8.413951416452165e+05  8.036172672995293e-08  2.629871422106640e-08 
 8.576958985909160e+05  7.954961575607024e-08  2.626670056835225e-08 
 8.743124580220960e+05  7.872905768468042e-08  2.623523443627246e-08 
 8.912509381337684e+05  7.790024680597657e-08  2.620431086604135e-08 
 9.085175756517102e+05  7.706339736187421e-08  2.617392505645661e-08 
 9.261187281288174e+05  7.621874346760530e-08  2.614407236702555e-08 
 9.440608762859477e+05  7.536653895909950e-08  2.611474832117081e-08 
 9.623506263981134e+05  7.450705716546536e-08  2.608594860950547e-08 
 9.809947127269027e+05  7.364059060541795e-08  2.605766909355613e-08 
 1.000000000000026e+06  7.276745060729123e-08  2.602990580938100e-08 
 1.019373485938899e+06  7.188796685212523e-08  2.600265497158872e-08 
 1.039122303835196e+06  7.100248684100885e-08  2.597591297747090e-08 
 1.059253725177316e+06  7.011137528689781e-08  2.594967641142798e-08 
 1.079775162327738e+06  6.921501343325445e-08  2.592394204951187e-08 
 1.100694171252238e+06  6.831379830100156e-08  2.589870686418770e-08 
 1.122018454301993e+06  6.740814186613895e-08  2.587396802956499e-08 
 1.143755863049568e+06  6.649847017202936e-08  2.584972292662277e-08 
 1.165914401179862e+06  6.558522237870176e-08  2.582596914873770e-08 
 1.188502227437050e+06  6.466884975382011e-08  2.580270450768363e-08 
 1.211527658628620e+06  6.374981460962611e-08  2.577992703962016e-08 
 1.234999172687617e+06  6.282858919026688e-08  2.575763501164767e-08 
 1.258925411794200e+06  6.190565451525121e-08  2.573582692842683e-08 
 1.283315185557685e+06  6.098149918345468e-08  2.571450153928685e-08 
 1.308177474260229e+06  6.005661814443882e-08  2.569365784556388e-08 
 1.333521432163359e+06  5.913151144223187e-08  2.567329510827003e-08 
 1.359356390878562e+06  5.820668293807532e-08  2.565341285607240e-08 
 1.385691862803164e+06  5.728263901779438e-08  2.563401089380391e-08 
 1.412537544622792e+06  5.635988729058798e-08  2.561508931109393e-08 
 1.439903320881672e+06  5.543893528547166e-08  2.559664849141824e-08 
 1.467799267622109e+06  5.452028915107218e-08  2.557868912175074e-08 
 1.496235656094474e+06  5.360445236576345e-08  2.556121220207214e-08 
 1.525222956539060e+06  5.269192446367774e-08  2.554421905598851e-08 
 1.554771842041215e+06  5.178319978297534e-08  2.552771134112223e-08 
 1.584893192461156e+06  5.087876624131246e-08  2.551169106021020e-08 
 1.615598098439918e+06  4.997910414529529e-08  2.549616057253153e-08 
 1.646897865482913e+06  4.908468503811576e-08  2.548112260573477e-08 
 1.678804018122606e+06  4.819597059024470e-08  2.546658026817374e-08 
 1.711328304161827e+06  4.731341153928624e-08  2.545253706151264e-08 
 1.744482698999302e+06  4.643744668113238e-08  2.543899689388751e-08 
 1.778279410038971e+06  4.556850191796832e-08  2.542596409344348e-08 
 1.812730881184748e+06  4.470698936624333e-08  2.541344342221681e-08 
 1.847849797422342e+06  4.385330652694010e-08  2.540144009063881e-08 
 1.883649089489852e+06  4.300783552219419e-08  2.538995977243858e-08 
 1.920141938638854e+06  4.217094239939393e-08  2.537900861960648e-08 
 1.957341781487714e+06  4.134297650473627e-08  2.536859327839571e-08 
 1.995262314968935e+06  4.052426992858311e-08  2.535872090532901e-08 
 2.033917501372348e+06  3.971513702235180e-08  2.534939918372328e-08 
 2.073321573486012e+06  3.891587398828937e-08  2.534063634081112e-08 
 2.113489039836705e+06  3.812675854172253e-08  2.533244116505937e-08 
 2.154434690031943e+06  3.734804964626644e-08  2.532482302407072e-08 
 2.196173600205497e+06  3.657998732011374e-08  2.531779188289843e-08 
 2.238721138568402e+06  3.582279251367025e-08  2.531135832278020e-08 
 2.282092971067514e+06  3.507666705603788e-08  2.530553356034131e-08 
 2.326305067153691e+06  3.434179366899385e-08  2.530032946712245e-08 
 2.371373705661722e+06  3.361833604647226e-08  2.529575858975354e-08 
 2.417315480804171e+06  3.290643899702365e-08  2.529183417042255e-08 
 2.464147308281350e+06  3.220622864629645e-08  2.528857016784414e-08 
 2.511886431509650e+06  3.151781269703629e-08  2.528598127868501e-08 
 2.560550427970548e+06  3.084128074330932e-08  2.528408295959167e-08 
 2.610157215682610e+06  3.017670463530331e-08  2.528289144948543e-08 
 2.660725059798884e+06  2.952413889177107e-08  2.528242379256093e-08 
 2.712272579332104e+06  2.888362115590411e-08  2.528269786174093e-08 
 2.764818754010185e+06  2.825517269120630e-08  2.528373238272893e-08 
 2.818382931264533e+06  2.763879891345638e-08  2.528554695855603e-08 
 2.872984833353746e+06  2.703448995509626e-08  2.528816209474581e-08 
 2.928644564625319e+06  2.644222125754871e-08  2.529159922530028e-08 
 2.985382618918044e+06  2.586195418846834e-08  2.529588073909876e-08 
 3.043219887107808e+06  2.529363667924310e-08  2.530103000714656e-08 
 3.102177664799589e+06  2.473720387964038e-08  2.530707141060932e-08 
 3.162277660168469e+06  2.419257882539157e-08  2.531403036962625e-08 
 3.223542001952555e+06  2.365967311551390e-08  2.532193337279472e-08 
 3.285993247600748e+06  2.313838759554455e-08  2.533080800797954e-08 
 3.349654391578372e+06  2.262861304363953e-08  2.534068299355348e-08 
 3.414548873833699e+06  2.213023085631894e-08  2.535158821116787e-08 
 3.480700588428510e+06  2.164311373079224e-08  2.536355473909955e-08 
 3.548133892335856e+06  2.116712634089890e-08  2.537661488733394e-08 
 3.616873614408263e+06  2.070212600447024e-08  2.539080223315768e-08 
 3.686945064519682e+06  2.024796333930418e-08  2.540615165867065e-08 
 3.758374042884550e+06  1.980448290563176e-08  2.542269938921987e-08 
 3.831186849557398e+06  1.937152383311639e-08  2.544048303345720e-08 
 3.905410294116493e+06  1.894892043052453e-08  2.545954162471917e-08 
 3.981071705535088e+06  1.853650277648443e-08  2.547991566428249e-08 
 4.058198942243916e+06  1.813409728999149e-08  2.550164716568705e-08 
 4.136820402388627e+06  1.774152727918112e-08  2.552477970143524e-08 
 4.216965034285945e+06  1.735861346787773e-08  2.554935845088477e-08 
 4.298662347082402e+06  1.698517449852621e-08  2.557543025028292e-08 
 4.381942421619564e+06  1.662102741133024e-08  2.560304364469955e-08 
 4.466835921509761e+06  1.626598809880101e-08  2.563224894176576e-08 
 4.553374104426382e+06  1.591987173567452e-08  2.566309826767597e-08 
 4.641588833612914e+06  1.558249318384707e-08  2.569564562505190e-08 
 4.731512589614943e+06  1.525366737247164e-08  2.572994695315475e-08 
 4.823178482239448e+06  1.493320965316739e-08  2.576606019026648e-08 
 4.916620262745787e+06  1.462093613083871e-08  2.580404533835012e-08 
 5.011872336272870e+06  1.431666397018601e-08  2.584396452993569e-08 
 5.108969774507078e+06  1.402021167854523e-08  2.588588209770411e-08 
 5.207948328595617e+06  1.373139936555146e-08  2.592986464617557e-08 
 5.308844442310040e+06  1.345004898031556e-08  2.597598112601345e-08 
 5.411695265464797e+06  1.317598452652720e-08  2.602430291100299e-08 
 5.516538667595743e+06  1.290903225668569e-08  2.607490387746300e-08 
 5.623413251903657e+06  1.264902084583524e-08  2.612786048633939e-08 
 5.732358369467883e+06  1.239578154587573e-08  2.618325186803484e-08 
 5.843414133735349e+06  1.214914832127502e-08  2.624115990994433e-08 
 5.956621435290282e+06  1.190895796694831e-08  2.630166934672525e-08 
 6.072021956910066e+06  1.167505020940246e-08  2.636486785346486e-08 
 6.189658188912790e+06  1.144726779191213e-08  2.643084614178152e-08 
 6.309573444802121e+06  1.122545654468883e-08  2.649969805868562e-08 
 6.431811877215280e+06  1.100946544090454e-08  2.657152068858271e-08 
 6.556418494179985e+06  1.079914663961235e-08  2.664641445831390e-08 
 6.683439175686347e+06  1.059435551626203e-08  2.672448324514064e-08 
 6.812920690579819e+06  1.039495068178575e-08  2.680583448806342e-08 
 6.944910713781422e+06  1.020079399115624e-08  2.689057930228396e-08 
 7.079457843841594e+06  1.001175054204050e-08  2.697883259707288e-08 
 7.216611620834101e+06  9.827688664614387e-09  2.707071319686958e-08 
 7.356422544596637e+06  9.648479903078216e-09  2.716634396587464e-08 
 7.498942093324786e+06  9.473998989765017e-09  2.726585193641208e-08 
 7.644222742526235e+06  9.304123812450909e-09  2.736936844048452e-08 
 7.792317984342178e+06  9.138735375602753e-09  2.747702924569037e-08 
 7.943282347243057e+06  8.977717756211982e-09  2.758897469441382e-08 
 8.097171416105866e+06  8.820958054737272e-09  2.770534984748857e-08 
 8.254041852680436e+06  8.668346341860615e-09  2.782630463155754e-08 
 8.413951416452209e+06  8.519775601512400e-09  2.795199399101785e-08 
 8.576958985909205e+06  8.375141670667442e-09  2.808257804428363e-08 
 8.743124580221005e+06  8.234343176495778e-09  2.821822224442920e-08 
 8.912509381337730e+06  8.097281471137559e-09  2.835909754489736e-08 
 9.085175756517148e+06  7.963860564746219e-09  2.850538056979054e-08 
 9.261187281288220e+06  7.833987056971317e-09  2.865725378952360e-08 
 9.440608762859525e+06  7.707570067355680e-09  2.881490570162036e-08 
 9.623506263981184e+06  7.584521164956728e-09  2.897853101728569e-08 
 9.809947127269078e+06  7.464754297538996e-09  2.914833085320180e-08 
 1.000000000000031e+07  7.348185720467632e-09  2.932451293002790e-08 
 1.019373485938904e+07  7.234733925782205e-09  2.950729177654908e-08 
 1.039122303835201e+07  7.124319571473962e-09  2.969688894055038e-08 
 1.059253725177322e+07  7.016865411308844e-09  2.989353320639346e-08 
 1.079775162327743e+07  6.912296225320177e-09  3.009746081979043e-08 
 1.100694171252244e+07  6.810538751209003e-09  3.030891571956519e-08 
 1.122018454301998e+07  6.711521616697360e-09  3.052814977721297e-08 
 1.143755863049574e+07  6.615175273093047e-09  3.075542304433131e-08 
 1.165914401179868e+07  6.521431930088289e-09  3.099100400820796e-08 
 1.188502227437056e+07  6.430225491947874e-09  3.123516985585843e-08 
 1.211527658628627e+07  6.341491495164429e-09  3.148820674684673e-08 
 1.234999172687624e+07  6.255167047660670e-09  3.175041009513806e-08 
 1.258925411794207e+07  6.171190769569670e-09  3.202208486042091e-08 
 1.283315185557692e+07  6.089502735719418e-09  3.230354584894268e-08 
 1.308177474260235e+07  6.010044419806140e-09  3.259511802418354e-08 
 1.333521432163366e+07  5.932758640261349e-09  3.289713682795330e-08 
 1.359356390878569e+07  5.857589507953970e-09  3.320994851157162e-08 
 1.385691862803171e+07  5.784482375595177e-09  3.353391047791622e-08 
 1.412537544622799e+07  5.713383788991329e-09  3.386939163398582e-08 
 1.439903320881679e+07  5.644241440005345e-09  3.421677275496210e-08 
 1.467799267622116e+07  5.577004121377882e-09  3.457644685859885e-08 
 1.496235656094481e+07  5.511621683243415e-09  3.494881959180076e-08 
 1.525222956539068e+07  5.448044991441048e-09  3.533430962754938e-08 
 1.554771842041223e+07  5.386225887519354e-09  3.573334907393401e-08 
 1.584893192461164e+07  5.326117150483970e-09  3.614638389384706e-08 
 1.615598098439926e+07  5.267672460156633e-09  3.657387433647835e-08 
 1.646897865482921e+07  5.210846362246716e-09  3.701629537939198e-08 
 1.678804018122614e+07  5.155594234959161e-09  3.747413718195038e-08 
 1.711328304161836e+07  5.101872257218237e-09  3.794790554922396e-08 
 1.744482698999310e+07  5.049637378394173e-09  3.843812240646388e-08 
 1.778279410038980e+07  4.998847289528783e-09  3.894532628345747e-08 
 1.812730881184757e+07  4.949460395998815e-09  3.947007280891726e-08 
 1.847849797422351e+07  4.901435791607884e-09  4.001293521366203e-08 
 1.883649089489862e+07  4.854733234011647e-09  4.057450484262997e-08 
 1.920141938638864e+07  4.809313121495492e-09  4.115539167512614e-08 
 1.957341781487724e+07  4.765136471012166e-09  4.175622485253032e-08 
 1.995262314968945e+07  4.722164897492848e-09  4.237765321210055e-08 
 2.033917501372358e+07  4.680360594330095e-09  4.302034582778635e-08 
 2.073321573486023e+07  4.639686315056919e-09  4.368499255531184e-08 
 2.113489039836716e+07  4.600105356144525e-09  4.437230458230515e-08 
 2.154434690031954e+07  4.561581540911752e-09  4.508301498120609e-08 
 2.196173600205508e+07  4.524079204490827e-09  4.581787926536697e-08 
 2.238721138568413e+07  4.487563179852488e-09  4.657767594615536e-08 
 2.282092971067526e+07  4.451998784813605e-09  4.736320709179672e-08 
 2.326305067153703e+07  4.417351810070805e-09  4.817529888455419e-08 
 2.371373705661734e+07  4.383588508170517e-09  4.901480217788724e-08 
 2.417315480804184e+07  4.350675583430082e-09  4.988259305144818e-08 
 2.464147308281364e+07  4.318580182785719e-09  5.077957336318876e-08 
 2.511886431509664e+07  4.287269887556738e-09  5.170667129752763e-08 
 2.560550427970562e+07  4.256712706087538e-09  5.266484190996256e-08 
 2.610157215682624e+07  4.226877067283164e-09  5.365506766648128e-08 
 2.660725059798899e+07  4.197731815008337e-09  5.467835897778387e-08 
 2.712272579332119e+07  4.169246203341728e-09  5.573575472820885e-08 
 2.764818754010200e+07  4.141389892691125e-09  5.682832279842490e-08 
 2.818382931264548e+07  4.114132946737275e-09  5.795716058298410e-08 
 2.872984833353761e+07  4.087445830219577e-09  5.912339550261084e-08 
 2.928644564625335e+07  4.061299407550240e-09  6.032818551082010e-08 
 2.985382618918060e+07  4.035664942241750e-09  6.157271959774378e-08 
 3.043219887107825e+07  4.010514097163830e-09  6.285821828949871e-08 
 3.102177664799606e+07  3.985818935602907e-09  6.418593414669679e-08 
 3.162277660168486e+07  3.961551923120563e-09  6.555715226306276e-08 
 3.223542001952572e+07  3.937685930223196e-09  6.697319076559212e-08 
 3.285993247600766e+07  3.914194235814247e-09  6.843540131928509e-08 
 3.349654391578390e+07  3.891050531433031e-09  6.994516963931310e-08 
 3.414548873833718e+07  3.868228926265687e-09  7.150391601452265e-08 
 3.480700588428529e+07  3.845703952933039e-09  7.311309584319651e-08 
 3.548133892335875e+07  3.823450574022483e-09  7.477420018947182e-08 
 3.616873614408282e+07  3.801444189370389e-09  7.648875636145808e-08 
 3.686945064519701e+07  3.779660644076728e-09  7.825832851802785e-08 
 3.758374042884570e+07  3.758076237231244e-09  8.008451830918999e-08 
 3.831186849557418e+07  3.736667731341641e-09  8.196896555617584e-08 
 3.905410294116513e+07  3.715412362441358e-09  8.391334897845874e-08 
 3.981071705535109e+07  3.694287850852021e-09  8.591938697407779e-08 
 4.058198942243937e+07  3.673272412584663e-09  8.798883846055267e-08 
 4.136820402388649e+07  3.652344771344626e-09  9.012350378574893e-08 
 4.216965034285967e+07  3.631484171112262e-09  9.232522571606619e-08 
 4.298662347082424e+07  3.610670389269692e-09  9.459589051108505e-08 
 4.381942421619587e+07  3.589883750231290e-09  9.693742909425702e-08 
 4.466835921509784e+07  3.569105139538061e-09  9.935181832932034e-08 
 4.553374104426406e+07  3.548316018371851e-09  1.018410824124296e-07 
 4.641588833612939e+07  3.527498438437896e-09  1.044072943902897e-07 
 4.731512589614968e+07  3.506635057159330e-09  1.070525778155954e-07 
 4.823178482239473e+07  3.485709153127297e-09  1.097791085487172e-07 
 4.916620262745813e+07  3.464704641736565e-09  1.125891167199301e-07 
 5.011872336272896e+07  3.443606090937728e-09  1.154848888597362e-07 
 5.108969774507105e+07  3.422398737031048e-09  1.184687702106280e-07 
 5.207948328595644e+07  3.401068500413992e-09  1.215431672310820e-07 
 5.308844442310068e+07  3.379602001200767e-09  1.247105503021731e-07 
 5.411695265464825e+07  3.357986574613202e-09  1.279734566483363e-07 
 5.516538667595772e+07  3.336210286047232e-09  1.313344934831437e-07 
 5.623413251903687e+07  3.314261945710013e-09  1.347963413890997e-07 
 5.732358369467914e+07  3.292131122713278e-09  1.383617579442006e-07 
 5.843414133735380e+07  3.269808158513020e-09  1.420335816026460e-07 
 5.956621435290314e+07  3.247284179573801e-09  1.458147358397295e-07 
 6.072021956910098e+07  3.224551109135611e-09  1.497082335708313e-07 
 6.189658188912823e+07  3.201601677959421e-09  1.537171818516868e-07 
 6.309573444802155e+07  3.178429433924960e-09  1.578447868677426e-07 
 6.431811877215314e+07  3.155028750352730e-09  1.620943592213453e-07 
 6.556418494180020e+07  3.131394832924007e-09  1.664693195212187e-07 
 6.683439175686382e+07  3.107523725074663e-09  1.709732042829893e-07 
 6.812920690579854e+07  3.083412311740754e-09  1.756096721441606e-07 
 6.944910713781458e+07  3.059058321337855e-09  1.803825103985082e-07 
 7.079457843841630e+07  3.034460325863056e-09  1.852956418575922e-07 
 7.216611620834139e+07  3.009617739014901e-09  1.903531320377420e-07 
 7.356422544596675e+07  2.984530812237109e-09  1.955591966817297e-07 
 7.498942093324825e+07  2.959200628598222e-09  2.009182096132455e-07 
 7.644222742526275e+07  2.933629094435640e-09  2.064347109307228e-07 
 7.792317984342219e+07  2.907818928702867e-09  2.121134155385847e-07 
 7.943282347243099e+07  2.881773649971612e-09  2.179592220227358e-07 
 8.097171416105910e+07  2.855497561061398e-09  2.239772218670311e-07 
 8.254041852680480e+07  2.828995731277359e-09  2.301727090165952e-07 
 8.413951416452253e+07  2.802273976263767e-09  2.365511897864374e-07 
 8.576958985909249e+07  2.775338835490063e-09  2.431183931186687e-07 
 8.743124580221051e+07  2.748197547411017e-09  2.498802811892206e-07 
 8.912509381337777e+07  2.720858022358545e-09  2.568430603661998e-07 
 9.085175756517196e+07  2.693328813242046e-09  2.640131925216090e-07 
 9.261187281288269e+07  2.665619084151797e-09  2.713974066998537e-07 
 9.440608762859575e+07  2.637738576982300e-09  2.790027111440817e-07 
 9.623506263981235e+07  2.609697576203582e-09  2.868364056846403e-07 
 9.809947127269129e+07  2.581506871930937e-09  2.949060944941220e-07 
 1.000000000000036e+08  2.553177721456451e-09  3.032196992115134e-07 
 1.019373485938910e+08  2.524721809420198e-09  3.117854724417100e-07 
 1.039122303835207e+08  2.496151206811845e-09  3.206120116345737e-07 
 1.059253725177327e+08  2.467478329004296e-09  3.297082733534041e-07 
 1.079775162327749e+08  2.438715893031469e-09  3.390835879328086e-07 
 1.100694171252250e+08  2.409876874326267e-09  3.487476745406056e-07 
 1.122018454302004e+08  2.380974463143323e-09  3.587106566479169e-07 
 1.143755863049580e+08  2.352022020891353e-09  3.689830779173082e-07 
 1.165914401179874e+08  2.323033036602127e-09  3.795759185172961e-07 
 1.188502227437062e+08  2.294021083759651e-09  3.905006118770524e-07 
 1.211527658628633e+08  2.264999777712610e-09  4.017690618853551e-07 
 1.234999172687630e+08  2.235982733881951e-09  4.133936605519877e-07 
 1.258925411794214e+08  2.206983526973589e-09  4.253873061369956e-07 
 1.283315185557698e+08  2.178015651391029e-09  4.377634217629233e-07 
 1.308177474260242e+08  2.149092483034160e-09  4.505359745209756e-07 
 1.333521432163373e+08  2.120227242656081e-09  4.637194950825425e-07 
 1.359356390878576e+08  2.091432960934765e-09  4.773290978291735e-07 
 1.385691862803179e+08  2.062722445401454e-09  4.913805015116960e-07 
 1.412537544622807e+08  2.034108249349437e-09  5.058900504504654e-07 
 1.439903320881687e+08  2.005602642830557e-09  5.208747362882871e-07 
 1.467799267622124e+08  1.977217585826692e-09  5.363522203064552e-07 
 1.496235656094489e+08  1.948964703667382e-09  5.523408563137834e-07 
 1.525222956539075e+08  1.920855264743431e-09  5.688597141178828e-07 
 1.554771842041231e+08  1.892900160550399e-09  5.859286035860545e-07 
 1.584893192461172e+08  1.865109888074843e-09  6.035680993048975e-07 
 1.615598098439934e+08  1.837494534522094e-09  6.217995658426240e-07 
 1.646897865482930e+08  1.810063764364416e-09  6.406451836179315e-07 
 1.678804018122623e+08  1.782826808673729e-09  6.601279753806035e-07 
 1.711328304161845e+08  1.755792456688572e-09  6.802718333022171e-07 
 1.744482698999319e+08  1.728969049550191e-09  7.011015466782424e-07 
 1.778279410038989e+08  1.702364476131261e-09  7.226428302345835e-07 
 1.812730881184767e+08  1.675986170868301e-09  7.449223530396961e-07 
 1.847849797422360e+08  1.649841113500393e-09  7.679677680078958e-07 
 1.883649089489871e+08  1.623935830607742e-09  7.918077419876182e-07 
 1.920141938638874e+08  1.598276398836619e-09  8.164719864209660e-07 
 1.957341781487734e+08  1.572868449692716e-09  8.419912885571940e-07 
 1.995262314968955e+08  1.547717175779587e-09  8.683975432035590e-07 
 2.033917501372368e+08  1.522827338357484e-09  8.957237849888669e-07 
 2.073321573486033e+08  1.498203276095841e-09  9.240042211167158e-07 
 2.113489039836726e+08  1.473848914892427e-09  9.532742645775349e-07 
 2.154434690031965e+08  1.449767778634194e-09  9.835705677872850e-07 
 2.196173600205519e+08  1.425963000775674e-09  1.014931056617149e-06 
 2.238721138568424e+08  1.402437336615091e-09  1.047394964771035e-06 
 2.282092971067536e+08  1.379193176151571e-09  1.081002868469105e-06 
 2.326305067153714e+08  1.356232557411704e-09  1.115796721384629e-06 
 2.371373705661745e+08  1.333557180139472e-09  1.151819889783116e-06 
 2.417315480804195e+08  1.311168419748657e-09  1.189117187801960e-06 
 2.464147308281375e+08  1.289067341444206e-09  1.227734912808886e-06 
 2.511886431509675e+08  1.267254714424715e-09  1.267720880767495e-06 
 2.560550427970573e+08  1.245731026085704e-09  1.309124461538015e-06 
 2.610157215682636e+08  1.224496496149984e-09  1.351996614030532e-06 
 2.660725059798911e+08  1.203551090658964e-09  1.396389921124465e-06 
 2.712272579332131e+08  1.182894535764924e-09  1.442358624263492e-06 
 2.764818754010212e+08  1.162526331272051e-09  1.489958657626682e-06 
 2.818382931264561e+08  1.142445763880272e-09  1.539247681768191e-06 
 2.872984833353774e+08  1.122651920092390e-09  1.590285116619727e-06 
 2.928644564625348e+08  1.103143698751443e-09  1.643132173731212e-06 
 2.985382618918073e+08  1.083919823181000e-09  1.697851887629229e-06 
 3.043219887107838e+08  1.064978852906489e-09  1.754509146159760e-06 
 3.102177664799619e+08  1.046319194941083e-09  1.813170719677655e-06 
 3.162277660168500e+08  1.027939114624162e-09  1.873905288935940e-06 
 3.223542001952586e+08  1.009836746004912e-09  1.936783471525788e-06 
 3.285993247600780e+08  9.920101017673380e-10  2.001877846707347e-06 
 3.349654391578405e+08  9.744570826967779e-10  2.069262978468657e-06 
 3.414548873833733e+08  9.571754866909781e-10  2.139015436639342e-06 
 3.480700588428544e+08  9.401630173214684e-10  2.211213815888459e-06 
 3.548133892335891e+08  9.234172919535196e-10  2.285938752421568e-06 
 3.616873614408299e+08  9.069358494348378e-10  2.363272938195587e-06 
 3.686945064519718e+08  8.907161573648849e-10  2.443301132462553e-06 
 3.758374042884587e+08  8.747556189581921e-10  2.526110170448065e-06 
 3.831186849557436e+08  8.590515795157456e-10  2.611788968978949e-06 
 3.905410294116532e+08  8.436013325198438e-10  2.700428528859442e-06 
 3.981071705535128e+08  8.284021253679505e-10  2.792121933809330e-06 
 4.058198942243956e+08  8.134511647616992e-10  2.886964345768272e-06 
 4.136820402388668e+08  7.987456217672140e-10  2.985052996385255e-06 
 4.216965034285987e+08  7.842826365629999e-10  3.086487174505731e-06 
 4.298662347082445e+08  7.700593228914382e-10  3.191368209485589e-06 
 4.381942421619608e+08  7.560727722297355e-10  3.299799450163596e-06 
 4.466835921509806e+08  7.423200576956730e-10  3.411886239340024e-06 
 4.553374104426428e+08  7.287982377031858e-10  3.527735883616204e-06 
 4.641588833612961e+08  7.155043593821667e-10  3.647457618473066e-06 
 4.731512589614991e+08  7.024354617763790e-10  3.771162568475887e-06 
 4.823178482239497e+08  6.895885788327161e-10  3.898963702520312e-06 
 4.916620262745838e+08  6.769607421943792e-10  4.030975784054628e-06 
 5.011872336272921e+08  6.645489838100073e-10  4.167315316235626e-06 
 5.108969774507130e+08  6.523503383699917e-10  4.308100482010716e-06 
 5.207948328595670e+08  6.403618455806095e-10  4.453451079143359e-06 
 5.308844442310094e+08  6.285805522860540e-10  4.603488450234135e-06 
 5.411695265464852e+08  6.170035144476744e-10  4.758335407827840e-06 
 5.516538667595799e+08  6.056277989892030e-10  4.918116154732232e-06 
 5.623413251903714e+08  5.944504855162082e-10  5.082956199713940e-06 
 5.732358369467942e+08  5.834686679173600e-10  5.252982268784221e-06 
 5.843414133735409e+08  5.726794558546562e-10  5.428322212325044e-06 
 5.956621435290343e+08  5.620799761492132e-10  5.609104908355957e-06 
 6.072021956910129e+08  5.516673740687991e-10  5.795460162286633e-06 
 6.189658188912854e+08  5.414388145228018e-10  5.987518603549389e-06 
 6.309573444802186e+08  5.313914831699907e-10  6.185411579548990e-06 
 6.431811877215347e+08  5.215225874439810e-10  6.389271047422057e-06 
 6.556418494180053e+08  5.118293575010359e-10  6.599229464135773e-06 
 6.683439175686417e+08  5.023090470944654e-10  6.815419675509297e-06 
 6.812920690579889e+08  4.929589343796316e-10  7.037974804777214e-06 
 6.944910713781494e+08  4.837763226532764e-10  7.267028141361002e-06 
 7.079457843841667e+08  4.747585410306522e-10  7.502713030547493e-06 
 7.216611620834177e+08  4.659029450637095e-10  7.745162764811670e-06 
 7.356422544596714e+08  4.572069173034058e-10  7.994510477541875e-06 
 7.498942093324865e+08  4.486678678089769e-10  8.250889039961970e-06 
 7.644222742526315e+08  4.402832346069023e-10  8.514430962048183e-06 
 7.792317984342260e+08  4.320504841020677e-10  8.785268298265271e-06 
 7.943282347243141e+08  4.239671114435614e-10  9.063532558938100e-06 
 8.097171416105952e+08  4.160306408473542e-10  9.349354628083363e-06 
 8.254041852680523e+08  4.082386258780288e-10  9.642864688506288e-06 
 8.413951416452297e+08  4.005886496916044e-10  9.944192154957244e-06 
 8.576958985909294e+08  3.930783252414082e-10  1.025346561611208e-05 
 8.743124580221096e+08  3.857052954488517e-10  1.057081278610483e-05 
 8.912509381337823e+08  3.784672333408818e-10  1.089636046630230e-05 
 9.085175756517242e+08  3.713618421558182e-10  1.123023451795576e-05 
 9.261187281288317e+08  3.643868554191839e-10  1.157255984630388e-05 
 9.440608762859625e+08  3.575400369911014e-10  1.192346039664390e-05 
 9.623506263981285e+08  3.508191810867465e-10  1.228305916279550e-05 
 9.809947127269181e+08  3.442221122712889e-10  1.265147820833171e-05 
 1.000000000000042e+09  3.377466854307044e-10  1.302883870083045e-05 
