 frequency       onoise_spectrum inoise_spectrum
 1.00000000e+00  5.00789685e-05  1.61006810e-06 
 1.02329299e+00  4.95504892e-05  1.59307718e-06 
 1.04712855e+00  4.90276702e-05  1.57626825e-06 
 1.07151931e+00  4.85104502e-05  1.55963932e-06 
 1.09647820e+00  4.79987682e-05  1.54318845e-06 
 1.12201845e+00  4.74925642e-05  1.52691369e-06 
 1.14815362e+00  4.69917787e-05  1.51081315e-06 
 1.17489755e+00  4.64963528e-05  1.49488492e-06 
 1.20226443e+00  4.60062284e-05  1.47912713e-06 
 1.23026877e+00  4.55213480e-05  1.46353794e-06 
 1.25892541e+00  4.50416546e-05  1.44811552e-06 
 1.28824955e+00  4.45670920e-05  1.43285805e-06 
 1.31825674e+00  4.40976045e-05  1.41776375e-06 
 1.34896288e+00  4.36331370e-05  1.40283085e-06 
 1.38038426e+00  4.31736351e-05  1.38805760e-06 
 1.41253754e+00  4.27190451e-05  1.37344226e-06 
 1.44543977e+00  4.22693135e-05  1.35898313e-06 
 1.47910839e+00  4.18243878e-05  1.34467851e-06 
 1.51356125e+00  4.13842158e-05  1.33052672e-06 
 1.54881662e+00  4.09487461e-05  1.31652612e-06 
 1.58489319e+00  4.05179276e-05  1.30267505e-06 
 1.62181010e+00  4.00917101e-05  1.28897191e-06 
 1.65958691e+00  3.96700435e-05  1.27541508e-06 
 1.69824365e+00  3.92528788e-05  1.26200299e-06 
 1.73780083e+00  3.88401670e-05  1.24873407e-06 
 1.77827941e+00  3.84318600e-05  1.23560676e-06 
 1.81970086e+00  3.80279102e-05  1.22261954e-06 
 1.86208714e+00  3.76282702e-05  1.20977088e-06 
 1.90546072e+00  3.72328935e-05  1.19705929e-06 
 1.94984460e+00  3.68417340e-05  1.18448328e-06 
 1.99526231e+00  3.64547460e-05  1.17204139e-06 
 2.04173794e+00  3.60718844e-05  1.15973216e-06 
 2.08929613e+00  3.56931045e-05  1.14755417e-06 
 2.13796209e+00  3.53183622e-05  1.13550599e-06 
 2.18776162e+00  3.49476139e-05  1.12358621e-06 
 2.23872114e+00  3.45808163e-05  1.11179345e-06 
 2.29086765e+00  3.42179267e-05  1.10012634e-06 
 2.34422882e+00  3.38589030e-05  1.08858352e-06 
 2.39883292e+00  3.35037033e-05  1.07716364e-06 
 2.45470892e+00  3.31522863e-05  1.06586538e-06 
 2.51188643e+00  3.28046111e-05  1.05468742e-06 
 2.57039578e+00  3.24606373e-05  1.04362846e-06 
 2.63026799e+00  3.21203249e-05  1.03268722e-06 
 2.69153480e+00  3.17836344e-05  1.02186242e-06 
 2.75422870e+00  3.14505267e-05  1.01115281e-06 
 2.81838293e+00  3.11209631e-05  1.00055715e-06 
 2.88403150e+00  3.07949053e-05  9.90074201e-07 
 2.95120923e+00  3.04723155e-05  9.79702751e-07 
 3.01995172e+00  3.01531563e-05  9.69441595e-07 
 3.09029543e+00  2.98373906e-05  9.59289544e-07 
 3.16227766e+00  2.95249818e-05  9.49245421e-07 
 3.23593657e+00  2.92158938e-05  9.39308061e-07 
 3.31131121e+00  2.89100908e-05  9.29476313e-07 
 3.38844156e+00  2.86075372e-05  9.19749038e-07 
 3.46736850e+00  2.83081980e-05  9.10125110e-07 
 3.54813389e+00  2.80120387e-05  9.00603414e-07 
 3.63078055e+00  2.77190249e-05  8.91182849e-07 
 3.71535229e+00  2.74291227e-05  8.81862324e-07 
 3.80189396e+00  2.71422986e-05  8.72640763e-07 
 3.89045145e+00  2.68585195e-05  8.63517097e-07 
 3.98107171e+00  2.65777525e-05  8.54490274e-07 
 4.07380278e+00  2.62999652e-05  8.45559250e-07 
 4.16869383e+00  2.60251255e-05  8.36722992e-07 
 4.26579519e+00  2.57532016e-05  8.27980482e-07 
 4.36515832e+00  2.54841623e-05  8.19330709e-07 
 4.46683592e+00  2.52179763e-05  8.10772676e-07 
 4.57088190e+00  2.49546131e-05  8.02305395e-07 
 4.67735141e+00  2.46940422e-05  7.93927889e-07 
 4.78630092e+00  2.44362336e-05  7.85639192e-07 
 4.89778819e+00  2.41811577e-05  7.77438350e-07 
 5.01187234e+00  2.39287849e-05  7.69324417e-07 
 5.12861384e+00  2.36790862e-05  7.61296459e-07 
 5.24807460e+00  2.34320329e-05  7.53353550e-07 
 5.37031796e+00  2.31875965e-05  7.45494778e-07 
 5.49540874e+00  2.29457489e-05  7.37719237e-07 
 5.62341325e+00  2.27064623e-05  7.30026033e-07 
 5.75439937e+00  2.24697092e-05  7.22414280e-07 
 5.88843655e+00  2.22354622e-05  7.14883105e-07 
 6.02559586e+00  2.20036946e-05  7.07431641e-07 
 6.16595002e+00  2.17743797e-05  7.00059033e-07 
 6.30957344e+00  2.15474911e-05  6.92764432e-07 
 6.45654229e+00  2.13230028e-05  6.85547003e-07 
 6.60693448e+00  2.11008891e-05  6.78405915e-07 
 6.76082975e+00  2.08811243e-05  6.71340350e-07 
 6.91830971e+00  2.06636834e-05  6.64349498e-07 
 7.07945784e+00  2.04485414e-05  6.57432556e-07 
 7.24435960e+00  2.02356736e-05  6.50588731e-07 
 7.41310241e+00  2.00250556e-05  6.43817239e-07 
 7.58577575e+00  1.98166633e-05  6.37117305e-07 
 7.76247117e+00  1.96104728e-05  6.30488160e-07 
 7.94328235e+00  1.94064605e-05  6.23929047e-07 
 8.12830516e+00  1.92046031e-05  6.17439213e-07 
 8.31763771e+00  1.90048775e-05  6.11017917e-07 
 8.51138038e+00  1.88072607e-05  6.04664424e-07 
 8.70963590e+00  1.86117303e-05  5.98378007e-07 
 8.91250938e+00  1.84182639e-05  5.92157947e-07 
 9.12010839e+00  1.82268393e-05  5.86003535e-07 
 9.33254301e+00  1.80374347e-05  5.79914066e-07 
 9.54992586e+00  1.78500284e-05  5.73888845e-07 
 9.77237221e+00  1.76645991e-05  5.67927185e-07 
 1.00000000e+01  1.74811256e-05  5.62028404e-07 
 1.02329299e+01  1.72995870e-05  5.56191831e-07 
 1.04712855e+01  1.71199625e-05  5.50416798e-07 
 1.07151931e+01  1.69422316e-05  5.44702648e-07 
 1.09647820e+01  1.67663742e-05  5.39048730e-07 
 1.12201845e+01  1.65923702e-05  5.33454398e-07 
 1.14815362e+01  1.64201997e-05  5.27919015e-07 
 1.17489755e+01  1.62498431e-05  5.22441952e-07 
 1.20226443e+01  1.60812811e-05  5.17022585e-07 
 1.23026877e+01  1.59144944e-05  5.11660297e-07 
 1.25892541e+01  1.57494642e-05  5.06354477e-07 
 1.28824955e+01  1.55861715e-05  5.01104523e-07 
 1.31825674e+01  1.54245979e-05  4.95909838e-07 
 1.34896288e+01  1.52647250e-05  4.90769830e-07 
 1.38038426e+01  1.51065346e-05  4.85683917e-07 
 1.41253754e+01  1.49500088e-05  4.80651519e-07 
 1.44543977e+01  1.47951297e-05  4.75672067e-07 
 1.47910839e+01  1.46418799e-05  4.70744994e-07 
 1.51356125e+01  1.44902418e-05  4.65869742e-07 
 1.54881662e+01  1.43401983e-05  4.61045757e-07 
 1.58489319e+01  1.41917325e-05  4.56272492e-07 
 1.62181010e+01  1.40448274e-05  4.51549407e-07 
 1.65958691e+01  1.38994663e-05  4.46875966e-07 
 1.69824365e+01  1.37556330e-05  4.42251639e-07 
 1.73780083e+01  1.36133109e-05  4.37675902e-07 
 1.77827941e+01  1.34724841e-05  4.33148239e-07 
 1.81970086e+01  1.33331366e-05  4.28668135e-07 
 1.86208714e+01  1.31952527e-05  4.24235085e-07 
 1.90546072e+01  1.30588166e-05  4.19848586e-07 
 1.94984460e+01  1.29238131e-05  4.15508143e-07 
 1.99526231e+01  1.27902268e-05  4.11213265e-07 
 2.04173794e+01  1.26580426e-05  4.06963467e-07 
 2.08929613e+01  1.25272456e-05  4.02758268e-07 
 2.13796209e+01  1.23978211e-05  3.98597194e-07 
 2.18776162e+01  1.22697544e-05  3.94479775e-07 
 2.23872114e+01  1.21430311e-05  3.90405547e-07 
 2.29086765e+01  1.20176369e-05  3.86374049e-07 
 2.34422882e+01  1.18935576e-05  3.82384827e-07 
 2.39883292e+01  1.17707792e-05  3.78437431e-07 
 2.45470892e+01  1.16492880e-05  3.74531416e-07 
 2.51188643e+01  1.15290701e-05  3.70666342e-07 
 2.57039578e+01  1.14101122e-05  3.66841774e-07 
 2.63026799e+01  1.12924007e-05  3.63057282e-07 
 2.69153480e+01  1.11759224e-05  3.59312438e-07 
 2.75422870e+01  1.10606643e-05  3.55606822e-07 
 2.81838293e+01  1.09466133e-05  3.51940016e-07 
 2.88403150e+01  1.08337567e-05  3.48311609e-07 
 2.95120923e+01  1.07220817e-05  3.44721193e-07 
 3.01995172e+01  1.06115758e-05  3.41168364e-07 
 3.09029543e+01  1.05022266e-05  3.37652722e-07 
 3.16227766e+01  1.03940217e-05  3.34173874e-07 
 3.23593657e+01  1.02869492e-05  3.30731427e-07 
 3.31131121e+01  1.01809968e-05  3.27324997e-07 
 3.38844156e+01  1.00761528e-05  3.23954201e-07 
 3.46736850e+01  9.97240538e-06  3.20618661e-07 
 3.54813389e+01  9.86974290e-06  3.17318002e-07 
 3.63078055e+01  9.76815386e-06  3.14051855e-07 
 3.71535229e+01  9.66762688e-06  3.10819854e-07 
 3.80189396e+01  9.56815069e-06  3.07621637e-07 
 3.89045145e+01  9.46971416e-06  3.04456845e-07 
 3.98107171e+01  9.37230627e-06  3.01325124e-07 
 4.07380278e+01  9.27591612e-06  2.98226124e-07 
 4.16869383e+01  9.18053291e-06  2.95159498e-07 
 4.26579519e+01  9.08614599e-06  2.92124904e-07 
 4.36515832e+01  8.99274481e-06  2.89122001e-07 
 4.46683592e+01  8.90031891e-06  2.86150455e-07 
 4.57088190e+01  8.80885798e-06  2.83209932e-07 
 4.67735141e+01  8.71835181e-06  2.80300106e-07 
 4.78630092e+01  8.62879027e-06  2.77420650e-07 
 4.89778819e+01  8.54016339e-06  2.74571244e-07 
 5.01187234e+01  8.45246126e-06  2.71751569e-07 
 5.12861384e+01  8.36567411e-06  2.68961312e-07 
 5.24807460e+01  8.27979226e-06  2.66200160e-07 
 5.37031796e+01  8.19480613e-06  2.63467806e-07 
 5.49540874e+01  8.11070625e-06  2.60763946e-07 
 5.62341325e+01  8.02748326e-06  2.58088278e-07 
 5.75439937e+01  7.94512788e-06  2.55440505e-07 
 5.88843655e+01  7.86363095e-06  2.52820331e-07 
 6.02559586e+01  7.78298340e-06  2.50227465e-07 
 6.16595002e+01  7.70317625e-06  2.47661619e-07 
 6.30957344e+01  7.62420063e-06  2.45122506e-07 
 6.45654229e+01  7.54604776e-06  2.42609846e-07 
 6.60693448e+01  7.46870894e-06  2.40123358e-07 
 6.76082975e+01  7.39217560e-06  2.37662766e-07 
 6.91830971e+01  7.31643921e-06  2.35227797e-07 
 7.07945784e+01  7.24149139e-06  2.32818180e-07 
 7.24435960e+01  7.16732380e-06  2.30433649e-07 
 7.41310241e+01  7.09392821e-06  2.28073938e-07 
 7.58577575e+01  7.02129649e-06  2.25738786e-07 
 7.76247117e+01  6.94942058e-06  2.23427933e-07 
 7.94328235e+01  6.87829251e-06  2.21141124e-07 
 8.12830516e+01  6.80790439e-06  2.18878105e-07 
 8.31763771e+01  6.73824844e-06  2.16638626e-07 
 8.51138038e+01  6.66931693e-06  2.14422437e-07 
 8.70963590e+01  6.60110223e-06  2.12229295e-07 
 8.91250938e+01  6.53359679e-06  2.10058956e-07 
 9.12010839e+01  6.46679315e-06  2.07911180e-07 
 9.33254301e+01  6.40068391e-06  2.05785729e-07 
 9.54992586e+01  6.33526176e-06  2.03682369e-07 
 9.77237221e+01  6.27051948e-06  2.01600866e-07 
 1.00000000e+02  6.20644990e-06  1.99540992e-07 
 1.02329299e+02  6.14304596e-06  1.97502518e-07 
 1.04712855e+02  6.08030064e-06  1.95485220e-07 
 1.07151931e+02  6.01820702e-06  1.93488874e-07 
 1.09647820e+02  5.95675826e-06  1.91513260e-07 
 1.12201845e+02  5.89594756e-06  1.89558161e-07 
 1.14815362e+02  5.83576822e-06  1.87623360e-07 
 1.17489755e+02  5.77621362e-06  1.85708644e-07 
 1.20226443e+02  5.71727717e-06  1.83813803e-07 
 1.23026877e+02  5.65895240e-06  1.81938628e-07 
 1.25892541e+02  5.60123287e-06  1.80082911e-07 
 1.28824955e+02  5.54411223e-06  1.78246449e-07 
 1.31825674e+02  5.48758420e-06  1.76429040e-07 
 1.34896288e+02  5.43164254e-06  1.74630483e-07 
 1.38038426e+02  5.37628112e-06  1.72850581e-07 
 1.41253754e+02  5.32149383e-06  1.71089138e-07 
 1.44543977e+02  5.26727466e-06  1.69345960e-07 
 1.47910839e+02  5.21361765e-06  1.67620856e-07 
 1.51356125e+02  5.16051691e-06  1.65913636e-07 
 1.54881662e+02  5.10796659e-06  1.64224113e-07 
 1.58489319e+02  5.05596094e-06  1.62552100e-07 
 1.62181010e+02  5.00449424e-06  1.60897416e-07 
 1.65958691e+02  4.95356085e-06  1.59259878e-07 
 1.69824365e+02  4.90315517e-06  1.57639306e-07 
 1.73780083e+02  4.85327169e-06  1.56035523e-07 
 1.77827941e+02  4.80390494e-06  1.54448353e-07 
 1.81970086e+02  4.75504950e-06  1.52877622e-07 
 1.86208714e+02  4.70670002e-06  1.51323158e-07 
 1.90546072e+02  4.65885121e-06  1.49784791e-07 
 1.94984460e+02  4.61149783e-06  1.48262352e-07 
 1.99526231e+02  4.56463470e-06  1.46755675e-07 
 2.04173794e+02  4.51825669e-06  1.45264595e-07 
 2.08929613e+02  4.47235872e-06  1.43788949e-07 
 2.13796209e+02  4.42693579e-06  1.42328575e-07 
 2.18776162e+02  4.38198292e-06  1.40883314e-07 
 2.23872114e+02  4.33749520e-06  1.39453008e-07 
 2.29086765e+02  4.29346778e-06  1.38037501e-07 
 2.34422882e+02  4.24989584e-06  1.36636638e-07 
 2.39883292e+02  4.20677463e-06  1.35250266e-07 
 2.45470892e+02  4.16409944e-06  1.33878234e-07 
 2.51188643e+02  4.12186563e-06  1.32520392e-07 
 2.57039578e+02  4.08006857e-06  1.31176592e-07 
 2.63026799e+02  4.03870372e-06  1.29846688e-07 
 2.69153480e+02  3.99776656e-06  1.28530535e-07 
 2.75422870e+02  3.95725264e-06  1.27227989e-07 
 2.81838293e+02  3.91715755e-06  1.25938908e-07 
 2.88403150e+02  3.87747691e-06  1.24663153e-07 
 2.95120923e+02  3.83820641e-06  1.23400583e-07 
 3.01995172e+02  3.79934177e-06  1.22151063e-07 
 3.09029543e+02  3.76087877e-06  1.20914455e-07 
 3.16227766e+02  3.72281323e-06  1.19690626e-07 
 3.23593657e+02  3.68514100e-06  1.18479442e-07 
 3.31131121e+02  3.64785799e-06  1.17280771e-07 
 3.38844156e+02  3.61096016e-06  1.16094484e-07 
 3.46736850e+02  3.57444348e-06  1.14920452e-07 
 3.54813389e+02  3.53830401e-06  1.13758547e-07 
 3.63078055e+02  3.50253781e-06  1.12608643e-07 
 3.71535229e+02  3.46714100e-06  1.11470615e-07 
 3.80189396e+02  3.43210975e-06  1.10344340e-07 
 3.89045145e+02  3.39744026e-06  1.09229696e-07 
 3.98107171e+02  3.36312876e-06  1.08126562e-07 
 4.07380278e+02  3.32917154e-06  1.07034817e-07 
 4.16869383e+02  3.29556492e-06  1.05954345e-07 
 4.26579519e+02  3.26230526e-06  1.04885028e-07 
 4.36515832e+02  3.22938896e-06  1.03826750e-07 
 4.46683592e+02  3.19681246e-06  1.02779397e-07 
 4.57088190e+02  3.16457223e-06  1.01742855e-07 
 4.67735141e+02  3.13266478e-06  1.00717012e-07 
 4.78630092e+02  3.10108666e-06  9.97017571e-08 
 4.89778819e+02  3.06983446e-06  9.86969809e-08 
 5.01187234e+02  3.03890480e-06  9.77025747e-08 
 5.12861384e+02  3.00829434e-06  9.67184309e-08 
 5.24807460e+02  2.97799978e-06  9.57444434e-08 
 5.37031796e+02  2.94801784e-06  9.47805068e-08 
 5.49540874e+02  2.91834528e-06  9.38265171e-08 
 5.62341325e+02  2.88897891e-06  9.28823715e-08 
 5.75439937e+02  2.85991555e-06  9.19479681e-08 
 5.88843655e+02  2.83115208e-06  9.10232060e-08 
 6.02559586e+02  2.80268539e-06  9.01079857e-08 
 6.16595002e+02  2.77451241e-06  8.92022084e-08 
 6.30957344e+02  2.74663011e-06  8.83057766e-08 
 6.45654229e+02  2.71903548e-06  8.74185937e-08 
 6.60693448e+02  2.69172556e-06  8.65405641e-08 
 6.76082975e+02  2.66469739e-06  8.56715935e-08 
 6.91830971e+02  2.63794809e-06  8.48115882e-08 
 7.07945784e+02  2.61147476e-06  8.39604557e-08 
 7.24435960e+02  2.58527455e-06  8.31181045e-08 
 7.41310241e+02  2.55934467e-06  8.22844440e-08 
 7.58577575e+02  2.53368230e-06  8.14593847e-08 
 7.76247117e+02  2.50828471e-06  8.06428378e-08 
 7.94328235e+02  2.48314915e-06  7.98347156e-08 
 8.12830516e+02  2.45827293e-06  7.90349315e-08 
 8.31763771e+02  2.43365339e-06  7.82433994e-08 
 8.51138038e+02  2.40928787e-06  7.74600345e-08 
 8.70963590e+02  2.38517376e-06  7.66847527e-08 
 8.91250938e+02  2.36130848e-06  7.59174708e-08 
 9.12010839e+02  2.33768947e-06  7.51581066e-08 
 9.33254301e+02  2.31431419e-06  7.44065786e-08 
 9.54992586e+02  2.29118015e-06  7.36628064e-08 
 9.77237221e+02  2.26828485e-06  7.29267102e-08 
 1.00000000e+03  2.24562585e-06  7.21982112e-08 
 1.02329299e+03  2.22320073e-06  7.14772315e-08 
 1.04712855e+03  2.20100708e-06  7.07636937e-08 
 1.07151931e+03  2.17904253e-06  7.00575216e-08 
 1.09647820e+03  2.15730472e-06  6.93586396e-08 
 1.12201845e+03  2.13579134e-06  6.86669729e-08 
 1.14815362e+03  2.11450008e-06  6.79824477e-08 
 1.17489755e+03  2.09342867e-06  6.73049907e-08 
 1.20226443e+03  2.07257485e-06  6.66345295e-08 
 1.23026877e+03  2.05193640e-06  6.59709926e-08 
 1.25892541e+03  2.03151111e-06  6.53143091e-08 
 1.28824955e+03  2.01129680e-06  6.46644087e-08 
 1.31825674e+03  1.99129132e-06  6.40212223e-08 
 1.34896288e+03  1.97149252e-06  6.33846810e-08 
 1.38038426e+03  1.95189831e-06  6.27547171e-08 
 1.41253754e+03  1.93250658e-06  6.21312634e-08 
 1.44543977e+03  1.91331527e-06  6.15142533e-08 
 1.47910839e+03  1.89432233e-06  6.09036210e-08 
 1.51356125e+03  1.87552574e-06  6.02993016e-08 
 1.54881662e+03  1.85692350e-06  5.97012307e-08 
 1.58489319e+03  1.83851363e-06  5.91093445e-08 
 1.62181010e+03  1.82029416e-06  5.85235800e-08 
 1.65958691e+03  1.80226315e-06  5.79438748e-08 
 1.69824365e+03  1.78441869e-06  5.73701673e-08 
 1.73780083e+03  1.76675888e-06  5.68023965e-08 
 1.77827941e+03  1.74928184e-06  5.62405018e-08 
 1.81970086e+03  1.73198571e-06  5.56844237e-08 
 1.86208714e+03  1.71486866e-06  5.51341028e-08 
 1.90546072e+03  1.69792885e-06  5.45894809e-08 
 1.94984460e+03  1.68116450e-06  5.40505000e-08 
 1.99526231e+03  1.66457382e-06  5.35171028e-08 
 2.04173794e+03  1.64815504e-06  5.29892326e-08 
 2.08929613e+03  1.63190644e-06  5.24668335e-08 
 2.13796209e+03  1.61582627e-06  5.19498500e-08 
 2.18776162e+03  1.59991284e-06  5.14382272e-08 
 2.23872114e+03  1.58416445e-06  5.09319109e-08 
 2.29086765e+03  1.56857944e-06  5.04308472e-08 
 2.34422882e+03  1.55315615e-06  4.99349832e-08 
 2.39883292e+03  1.53789294e-06  4.94442661e-08 
 2.45470892e+03  1.52278821e-06  4.89586440e-08 
 2.51188643e+03  1.50784034e-06  4.84780655e-08 
 2.57039578e+03  1.49304775e-06  4.80024795e-08 
 2.63026799e+03  1.47840888e-06  4.75318358e-08 
 2.69153480e+03  1.46392218e-06  4.70660844e-08 
 2.75422870e+03  1.44958611e-06  4.66051761e-08 
 2.81838293e+03  1.43539915e-06  4.61490621e-08 
 2.88403150e+03  1.42135980e-06  4.56976941e-08 
 2.95120923e+03  1.40746658e-06  4.52510242e-08 
 3.01995172e+03  1.39371801e-06  4.48090054e-08 
 3.09029543e+03  1.38011264e-06  4.43715907e-08 
 3.16227766e+03  1.36664904e-06  4.39387340e-08 
 3.23593657e+03  1.35332578e-06  4.35103895e-08 
 3.31131121e+03  1.34014144e-06  4.30865119e-08 
 3.38844156e+03  1.32709464e-06  4.26670564e-08 
 3.46736850e+03  1.31418400e-06  4.22519787e-08 
 3.54813389e+03  1.30140815e-06  4.18412348e-08 
 3.63078055e+03  1.28876574e-06  4.14347815e-08 
 3.71535229e+03  1.27625544e-06  4.10325758e-08 
 3.80189396e+03  1.26387593e-06  4.06345752e-08 
 3.89045145e+03  1.25162589e-06  4.02407377e-08 
 3.98107171e+03  1.23950404e-06  3.98510217e-08 
 4.07380278e+03  1.22750909e-06  3.94653860e-08 
 4.16869383e+03  1.21563978e-06  3.90837901e-08 
 4.26579519e+03  1.20389486e-06  3.87061935e-08 
 4.36515832e+03  1.19227308e-06  3.83325565e-08 
 4.46683592e+03  1.18077322e-06  3.79628397e-08 
 4.57088190e+03  1.16939406e-06  3.75970039e-08 
 4.67735141e+03  1.15813441e-06  3.72350108e-08 
 4.78630092e+03  1.14699308e-06  3.68768220e-08 
 4.89778819e+03  1.13596888e-06  3.65223998e-08 
 5.01187234e+03  1.12506067e-06  3.61717068e-08 
 5.12861384e+03  1.11426728e-06  3.58247060e-08 
 5.24807460e+03  1.10358759e-06  3.54813610e-08 
 5.37031796e+03  1.09302045e-06  3.51416353e-08 
 5.49540874e+03  1.08256477e-06  3.48054934e-08 
 5.62341325e+03  1.07221943e-06  3.44728996e-08 
 5.75439937e+03  1.06198334e-06  3.41438190e-08 
 5.88843655e+03  1.05185543e-06  3.38182169e-08 
 6.02559586e+03  1.04183463e-06  3.34960589e-08 
 6.16595002e+03  1.03191987e-06  3.31773112e-08 
 6.30957344e+03  1.02211012e-06  3.28619400e-08 
 6.45654229e+03  1.01240434e-06  3.25499122e-08 
 6.60693448e+03  1.00280151e-06  3.22411948e-08 
 6.76082975e+03  9.93300609e-07  3.19357554e-08 
 6.91830971e+03  9.83900638e-07  3.16335617e-08 
 7.07945784e+03  9.74600607e-07  3.13345819e-08 
 7.24435960e+03  9.65399533e-07  3.10387845e-08 
 7.41310241e+03  9.56296445e-07  3.07461382e-08 
 7.58577575e+03  9.47290384e-07  3.04566122e-08 
 7.76247117e+03  9.38380397e-07  3.01701760e-08 
 7.94328235e+03  9.29565545e-07  2.98867994e-08 
 8.12830516e+03  9.20844897e-07  2.96064525e-08 
 8.31763771e+03  9.12217531e-07  2.93291057e-08 
 8.51138038e+03  9.03682537e-07  2.90547297e-08 
 8.70963590e+03  8.95239012e-07  2.87832956e-08 
 8.91250938e+03  8.86886064e-07  2.85147748e-08 
 9.12010839e+03  8.78622811e-07  2.82491388e-08 
 9.33254301e+03  8.70448377e-07  2.79863597e-08 
 9.54992586e+03  8.62361899e-07  2.77264097e-08 
 9.77237221e+03  8.54362520e-07  2.74692614e-08 
 1.00000000e+04  8.46449394e-07  2.72148874e-08 
 1.02329299e+04  8.38621684e-07  2.69632611e-08 
 1.04712855e+04  8.30878559e-07  2.67143557e-08 
 1.07151931e+04  8.23219198e-07  2.64681449e-08 
 1.09647820e+04  8.15642791e-07  2.62246027e-08 
 1.12201845e+04  8.08148532e-07  2.59837034e-08 
 1.14815362e+04  8.00735627e-07  2.57454213e-08 
 1.17489755e+04  7.93403288e-07  2.55097312e-08 
 1.20226443e+04  7.86150736e-07  2.52766082e-08 
 1.23026877e+04  7.78977200e-07  2.50460275e-08 
 1.25892541e+04  7.71881916e-07  2.48179647e-08 
 1.28824955e+04  7.64864130e-07  2.45923956e-08 
 1.31825674e+04  7.57923093e-07  2.43692962e-08 
 1.34896288e+04  7.51058066e-07  2.41486427e-08 
 1.38038426e+04  7.44268315e-07  2.39304118e-08 
 1.41253754e+04  7.37553116e-07  2.37145802e-08 
 1.44543977e+04  7.30911751e-07  2.35011250e-08 
 1.47910839e+04  7.24343510e-07  2.32900233e-08 
 1.51356125e+04  7.17847688e-07  2.30812527e-08 
 1.54881662e+04  7.11423591e-07  2.28747909e-08 
 1.58489319e+04  7.05070528e-07  2.26706158e-08 
 1.62181010e+04  6.98787817e-07  2.24687056e-08 
 1.65958691e+04  6.92574783e-07  2.22690388e-08 
 1.69824365e+04  6.86430757e-07  2.20715939e-08 
 1.73780083e+04  6.80355076e-07  2.18763497e-08 
 1.77827941e+04  6.74347084e-07  2.16832854e-08 
 1.81970086e+04  6.68406133e-07  2.14923802e-08 
 1.86208714e+04  6.62531579e-07  2.13036135e-08 
 1.90546072e+04  6.56722786e-07  2.11169651e-08 
 1.94984460e+04  6.50979123e-07  2.09324148e-08 
 1.99526231e+04  6.45299966e-07  2.07499427e-08 
 2.04173794e+04  6.39684696e-07  2.05695291e-08 
 2.08929613e+04  6.34132701e-07  2.03911546e-08 
 2.13796209e+04  6.28643374e-07  2.02147997e-08 
 2.18776162e+04  6.23216114e-07  2.00404453e-08 
 2.23872114e+04  6.17850327e-07  1.98680725e-08 
 2.29086765e+04  6.12545421e-07  1.96976626e-08 
 2.34422882e+04  6.07300814e-07  1.95291970e-08 
 2.39883292e+04  6.02115926e-07  1.93626573e-08 
 2.45470892e+04  5.96990184e-07  1.91980253e-08 
 2.51188643e+04  5.91923019e-07  1.90352830e-08 
 2.57039578e+04  5.86913868e-07  1.88744125e-08 
 2.63026799e+04  5.81962174e-07  1.87153962e-08 
 2.69153480e+04  5.77067384e-07  1.85582165e-08 
 2.75422870e+04  5.72228948e-07  1.84028561e-08 
 2.81838293e+04  5.67446324e-07  1.82492979e-08 
 2.88403150e+04  5.62718972e-07  1.80975248e-08 
 2.95120923e+04  5.58046360e-07  1.79475200e-08 
 3.01995172e+04  5.53427957e-07  1.77992668e-08 
 3.09029543e+04  5.48863238e-07  1.76527486e-08 
 3.16227766e+04  5.44351683e-07  1.75079492e-08 
 3.23593657e+04  5.39892775e-07  1.73648523e-08 
 3.31131121e+04  5.35486003e-07  1.72234417e-08 
 3.38844156e+04  5.31130857e-07  1.70837017e-08 
 3.46736850e+04  5.26826834e-07  1.69456164e-08 
 3.54813389e+04  5.22573434e-07  1.68091702e-08 
 3.63078055e+04  5.18370161e-07  1.66743476e-08 
 3.71535229e+04  5.14216521e-07  1.65411333e-08 
 3.80189396e+04  5.10112027e-07  1.64095120e-08 
 3.89045145e+04  5.06056192e-07  1.62794688e-08 
 3.98107171e+04  5.02048536e-07  1.61509886e-08 
 4.07380278e+04  4.98088579e-07  1.60240567e-08 
 4.16869383e+04  4.94175847e-07  1.58986583e-08 
 4.26579519e+04  4.90309868e-07  1.57747790e-08 
 4.36515832e+04  4.86490174e-07  1.56524044e-08 
 4.46683592e+04  4.82716297e-07  1.55315201e-08 
 4.57088190e+04  4.78987776e-07  1.54121120e-08 
 4.67735141e+04  4.75304151e-07  1.52941661e-08 
 4.78630092e+04  4.71664965e-07  1.51776684e-08 
 4.89778819e+04  4.68069762e-07  1.50626051e-08 
 5.01187234e+04  4.64518091e-07  1.49489626e-08 
 5.12861384e+04  4.61009503e-07  1.48367272e-08 
 5.24807460e+04  4.57543550e-07  1.47258855e-08 
 5.37031796e+04  4.54119787e-07  1.46164242e-08 
 5.49540874e+04  4.50737771e-07  1.45083300e-08 
 5.62341325e+04  4.47397061e-07  1.44015898e-08 
 5.75439937e+04  4.44097218e-07  1.42961906e-08 
 5.88843655e+04  4.40837806e-07  1.41921194e-08 
 6.02559586e+04  4.37618388e-07  1.40893635e-08 
 6.16595002e+04  4.34438531e-07  1.39879102e-08 
 6.30957344e+04  4.31297801e-07  1.38877467e-08 
 6.45654229e+04  4.28195769e-07  1.37888607e-08 
 6.60693448e+04  4.25132003e-07  1.36912397e-08 
 6.76082975e+04  4.22106075e-07  1.35948714e-08 
 6.91830971e+04  4.19117557e-07  1.34997436e-08 
 7.07945784e+04  4.16166021e-07  1.34058441e-08 
 7.24435960e+04  4.13251041e-07  1.33131610e-08 
 7.41310241e+04  4.10372191e-07  1.32216822e-08 
 7.58577575e+04  4.07529045e-07  1.31313960e-08 
 7.76247117e+04  4.04721177e-07  1.30422906e-08 
 7.94328235e+04  4.01948162e-07  1.29543542e-08 
 8.12830516e+04  3.99209575e-07  1.28675754e-08 
 8.31763771e+04  3.96504990e-07  1.27819426e-08 
 8.51138038e+04  3.93833980e-07  1.26974444e-08 
 8.70963590e+04  3.91196118e-07  1.26140696e-08 
 8.91250938e+04  3.88590977e-07  1.25318067e-08 
 9.12010839e+04  3.86018128e-07  1.24506447e-08 
 9.33254301e+04  3.83477141e-07  1.23705726e-08 
 9.54992586e+04  3.80967584e-07  1.22915792e-08 
 9.77237221e+04  3.78489026e-07  1.22136537e-08 
 1.00000000e+05  3.76041030e-07  1.21367852e-08 
 1.02329299e+05  3.73623160e-07  1.20609630e-08 
 1.04712855e+05  3.71234977e-07  1.19861764e-08 
 1.07151931e+05  3.68876038e-07  1.19124148e-08 
 1.09647820e+05  3.66545901e-07  1.18396676e-08 
 1.12201845e+05  3.64244115e-07  1.17679244e-08 
 1.14815362e+05  3.61970231e-07  1.16971748e-08 
 1.17489755e+05  3.59723794e-07  1.16274085e-08 
 1.20226443e+05  3.57504344e-07  1.15586153e-08 
 1.23026877e+05  3.55311418e-07  1.14907849e-08 
 1.25892541e+05  3.53144549e-07  1.14239074e-08 
 1.28824955e+05  3.51003263e-07  1.13579727e-08 
 1.31825674e+05  3.48887082e-07  1.12929709e-08 
 1.34896288e+05  3.46795522e-07  1.12288920e-08 
 1.38038426e+05  3.44728093e-07  1.11657264e-08 
 1.41253754e+05  3.42684296e-07  1.11034643e-08 
 1.44543977e+05  3.40663628e-07  1.10420960e-08 
 1.47910839e+05  3.38665576e-07  1.09816119e-08 
 1.51356125e+05  3.36689621e-07  1.09220026e-08 
 1.54881662e+05  3.34735234e-07  1.08632586e-08 
 1.58489319e+05  3.32801876e-07  1.08053705e-08 
 1.62181010e+05  3.30889000e-07  1.07483291e-08 
 1.65958691e+05  3.28996048e-07  1.06921252e-08 
 1.69824365e+05  3.27122450e-07  1.06367495e-08 
 1.73780083e+05  3.25267625e-07  1.05821930e-08 
 1.77827941e+05  3.23430979e-07  1.05284467e-08 
 1.81970086e+05  3.21611907e-07  1.04755017e-08 
 1.86208714e+05  3.19809786e-07  1.04233491e-08 
 1.90546072e+05  3.18023981e-07  1.03719802e-08 
 1.94984460e+05  3.16253840e-07  1.03213861e-08 
 1.99526231e+05  3.14498697e-07  1.02715584e-08 
 2.04173794e+05  3.12757864e-07  1.02224883e-08 
 2.08929613e+05  3.11030638e-07  1.01741675e-08 
 2.13796209e+05  3.09316295e-07  1.01265875e-08 
 2.18776162e+05  3.07614090e-07  1.00797400e-08 
 2.23872114e+05  3.05923258e-07  1.00336167e-08 
 2.29086765e+05  3.04243007e-07  9.98820942e-09 
 2.34422882e+05  3.02572526e-07  9.94351008e-09 
 2.39883292e+05  3.00910974e-07  9.89951064e-09 
 2.45470892e+05  2.99257485e-07  9.85620315e-09 
 2.51188643e+05  2.97611165e-07  9.81357975e-09 
 2.57039578e+05  2.95971090e-07  9.77163266e-09 
 2.63026799e+05  2.94336304e-07  9.73035416e-09 
 2.69153480e+05  2.92705819e-07  9.68973663e-09 
 2.75422870e+05  2.91078612e-07  9.64977254e-09 
 2.81838293e+05  2.89453627e-07  9.61045444e-09 
 2.88403150e+05  2.87829766e-07  9.57177495e-09 
 2.95120923e+05  2.86205897e-07  9.53372679e-09 
 3.01995172e+05  2.84580844e-07  9.49630278e-09 
 3.09029543e+05  2.82953389e-07  9.45949581e-09 
 3.16227766e+05  2.81322273e-07  9.42329886e-09 
 3.23593657e+05  2.79686188e-07  9.38770502e-09 
 3.31131121e+05  2.78043783e-07  9.35270746e-09 
 3.38844156e+05  2.76393656e-07  9.31829943e-09 
 3.46736850e+05  2.74734357e-07  9.28447431e-09 
 3.54813389e+05  2.73064387e-07  9.25122554e-09 
 3.63078055e+05  2.71382193e-07  9.21854669e-09 
 3.71535229e+05  2.69686171e-07  9.18643141e-09 
 3.80189396e+05  2.67974666e-07  9.15487346e-09 
 3.89045145e+05  2.66245969e-07  9.12386670e-09 
 3.98107171e+05  2.64498319e-07  9.09340509e-09 
 4.07380278e+05  2.62729904e-07  9.06348270e-09 
 4.16869383e+05  2.60938862e-07  9.03409371e-09 
 4.26579519e+05  2.59123281e-07  9.00523242e-09 
 4.36515832e+05  2.57281205e-07  8.97689321e-09 
 4.46683592e+05  2.55410634e-07  8.94907061e-09 
 4.57088190e+05  2.53509528e-07  8.92175923e-09 
 4.67735141e+05  2.51575815e-07  8.89495383e-09 
 4.78630092e+05  2.49607394e-07  8.86864927e-09 
 4.89778819e+05  2.47602143e-07  8.84284053e-09 
 5.01187234e+05  2.45557927e-07  8.81752271e-09 
 5.12861384e+05  2.43472607e-07  8.79269105e-09 
 5.24807460e+05  2.41344052e-07  8.76834091e-09 
 5.37031796e+05  2.39170149e-07  8.74446777e-09 
 5.49540874e+05  2.36948819e-07  8.72106725e-09 
 5.62341325e+05  2.34678031e-07  8.69813510e-09 
 5.75439937e+05  2.32355818e-07  8.67566721e-09 
 5.88843655e+05  2.29980297e-07  8.65365959e-09 
 6.02559586e+05  2.27549686e-07  8.63210841e-09 
 6.16595002e+05  2.25062328e-07  8.61100997e-09 
 6.30957344e+05  2.22516709e-07  8.59036072e-09 
 6.45654229e+05  2.19911485e-07  8.57015724e-09 
 6.60693448e+05  2.17245505e-07  8.55039627e-09 
 6.76082975e+05  2.14517834e-07  8.53107471e-09 
 6.91830971e+05  2.11727779e-07  8.51218959e-09 
 7.07945784e+05  2.08874915e-07  8.49373809e-09 
 7.24435960e+05  2.05959104e-07  8.47571758e-09 
 7.41310241e+05  2.02980524e-07  8.45812554e-09 
 7.58577575e+05  1.99939686e-07  8.44095965e-09 
 7.76247117e+05  1.96837453e-07  8.42421772e-09 
 7.94328235e+05  1.93675059e-07  8.40789772e-09 
 8.12830516e+05  1.90454119e-07  8.39199782e-09 
 8.31763771e+05  1.87176639e-07  8.37651630e-09 
 8.51138038e+05  1.83845021e-07  8.36145165e-09 
 8.70963590e+05  1.80462065e-07  8.34680248e-09 
 8.91250938e+05  1.77030959e-07  8.33256761e-09 
 9.12010839e+05  1.73555273e-07  8.31874599e-09 
 9.33254301e+05  1.70038942e-07  8.30533675e-09 
 9.54992586e+05  1.66486243e-07  8.29233918e-09 
 9.77237221e+05  1.62901774e-07  8.27975273e-09 
 1.00000000e+06  1.59290414e-07  8.26757702e-09 
 1.02329299e+06  1.55657298e-07  8.25581181e-09 
 1.04712855e+06  1.52007767e-07  8.24445702e-09 
 1.07151931e+06  1.48347332e-07  8.23351275e-09 
 1.09647820e+06  1.44681626e-07  8.22297923e-09 
 1.12201845e+06  1.41016355e-07  8.21285681e-09 
 1.14815362e+06  1.37357257e-07  8.20314604e-09 
 1.17489755e+06  1.33710044e-07  8.19384754e-09 
 1.20226443e+06  1.30080364e-07  8.18496210e-09 
 1.23026877e+06  1.26473754e-07  8.17649062e-09 
 1.25892541e+06  1.22895593e-07  8.16843412e-09 
 1.28824955e+06  1.19351068e-07  8.16079370e-09 
 1.31825674e+06  1.15845139e-07  8.15357057e-09 
 1.34896288e+06  1.12382502e-07  8.14676604e-09 
 1.38038426e+06  1.08967570e-07  8.14038145e-09 
 1.41253754e+06  1.05604445e-07  8.13441823e-09 
 1.44543977e+06  1.02296904e-07  8.12887784e-09 
 1.47910839e+06  9.90483844e-08  8.12376176e-09 
 1.51356125e+06  9.58619789e-08  8.11907150e-09 
 1.54881662e+06  9.27404298e-08  8.11480854e-09 
 1.58489319e+06  8.96861301e-08  8.11097435e-09 
 1.62181010e+06  8.67011277e-08  8.10757033e-09 
 1.65958691e+06  8.37871327e-08  8.10459783e-09 
 1.69824365e+06  8.09455279e-08  8.10205810e-09 
 1.73780083e+06  7.81773813e-08  8.09995226e-09 
 1.77827941e+06  7.54834609e-08  8.09828129e-09 
 1.81970086e+06  7.28642511e-08  8.09704602e-09 
 1.86208714e+06  7.03199700e-08  8.09624705e-09 
 1.90546072e+06  6.78505876e-08  8.09588477e-09 
 1.94984460e+06  6.54558450e-08  8.09595930e-09 
 1.99526231e+06  6.31352734e-08  8.09647047e-09 
 2.04173794e+06  6.08882126e-08  8.09741780e-09 
 2.08929613e+06  5.87138301e-08  8.09880045e-09 
 2.13796209e+06  5.66111393e-08  8.10061718e-09 
 2.18776162e+06  5.45790167e-08  8.10286635e-09 
 2.23872114e+06  5.26162193e-08  8.10554586e-09 
 2.29086765e+06  5.07214002e-08  8.10865313e-09 
 2.34422882e+06  4.88931238e-08  8.11218505e-09 
 2.39883292e+06  4.71298802e-08  8.11613798e-09 
 2.45470892e+06  4.54300977e-08  8.12050771e-09 
 2.51188643e+06  4.37921560e-08  8.12528939e-09 
 2.57039578e+06  4.22143964e-08  8.13047758e-09 
 2.63026799e+06  4.06951329e-08  8.13606616e-09 
 2.69153480e+06  3.92326608e-08  8.14204835e-09 
 2.75422870e+06  3.78252658e-08  8.14841665e-09 
 2.81838293e+06  3.64712313e-08  8.15516288e-09 
 2.88403150e+06  3.51688450e-08  8.16227813e-09 
 2.95120923e+06  3.39164055e-08  8.16975273e-09 
 3.01995172e+06  3.27122268e-08  8.17757630e-09 
 3.09029543e+06  3.15546438e-08  8.18573773e-09 
 3.16227766e+06  3.04420159e-08  8.19422517e-09 
 3.23593657e+06  2.93727305e-08  8.20302604e-09 
 3.31131121e+06  2.83452062e-08  8.21212707e-09 
 3.38844156e+06  2.73578950e-08  8.22151430e-09 
 3.46736850e+06  2.64092847e-08  8.23117311e-09 
 3.54813389e+06  2.54979005e-08  8.24108823e-09 
 3.63078055e+06  2.46223060e-08  8.25124383e-09 
 3.71535229e+06  2.37811047e-08  8.26162351e-09 
 3.80189396e+06  2.29729405e-08  8.27221034e-09 
 3.89045145e+06  2.21964982e-08  8.28298696e-09 
 3.98107171e+06  2.14505038e-08  8.29393559e-09 
 4.07380278e+06  2.07337246e-08  8.30503812e-09 
 4.16869383e+06  2.00449688e-08  8.31627613e-09 
 4.26579519e+06  1.93830859e-08  8.32763099e-09 
 4.36515832e+06  1.87469654e-08  8.33908394e-09 
 4.46683592e+06  1.81355371e-08  8.35061609e-09 
 4.57088190e+06  1.75477698e-08  8.36220858e-09 
 4.67735141e+06  1.69826713e-08  8.37384258e-09 
 4.78630092e+06  1.64392871e-08  8.38549942e-09 
 4.89778819e+06  1.59166996e-08  8.39716060e-09 
 5.01187234e+06  1.54140275e-08  8.40880791e-09 
 5.12861384e+06  1.49304248e-08  8.42042347e-09 
 5.24807460e+06  1.44650795e-08  8.43198982e-09 
 5.37031796e+06  1.40172131e-08  8.44348996e-09 
 5.49540874e+06  1.35860794e-08  8.45490740e-09 
 5.62341325e+06  1.31709633e-08  8.46622627e-09 
 5.75439937e+06  1.27711803e-08  8.47743131e-09 
 5.88843655e+06  1.23860749e-08  8.48850795e-09 
 6.02559586e+06  1.20150199e-08  8.49944234e-09 
 6.16595002e+06  1.16574154e-08  8.51022138e-09 
 6.30957344e+06  1.13126879e-08  8.52083278e-09 
 6.45654229e+06  1.09802889e-08  8.53126506e-09 
 6.60693448e+06  1.06596945e-08  8.54150757e-09 
 6.76082975e+06  1.03504041e-08  8.55155050e-09 
 6.91830971e+06  1.00519394e-08  8.56138493e-09 
 7.07945784e+06  9.76384393e-09  8.57100277e-09 
 7.24435960e+06  9.48568162e-09  8.58039681e-09 
 7.41310241e+06  9.21703636e-09  8.58956070e-09 
 7.58577575e+06  8.95751097e-09  8.59848891e-09 
 7.76247117e+06  8.70672643e-09  8.60717675e-09 
 7.94328235e+06  8.46432107e-09  8.61562036e-09 
 8.12830516e+06  8.22994985e-09  8.62381663e-09 
 8.31763771e+06  8.00328359e-09  8.63176325e-09 
 8.51138038e+06  7.78400825e-09  8.63945861e-09 
 8.70963590e+06  7.57182428e-09  8.64690182e-09 
 8.91250938e+06  7.36644592e-09  8.65409265e-09 
 9.12010839e+06  7.16760059e-09  8.66103151e-09 
 9.33254301e+06  6.97502827e-09  8.66771941e-09 
 9.54992586e+06  6.78848088e-09  8.67415792e-09 
 9.77237221e+06  6.60772177e-09  8.68034911e-09 
 1.00000000e+07  6.43252514e-09  8.68629559e-09 
 1.02329299e+07  6.26267554e-09  8.69200035e-09 
 1.04712855e+07  6.09796737e-09  8.69746686e-09 
 1.07151931e+07  5.93820438e-09  8.70269891e-09 
 1.09647820e+07  5.78319925e-09  8.70770065e-09 
 1.12201845e+07  5.63277314e-09  8.71247653e-09 
 1.14815362e+07  5.48675529e-09  8.71703129e-09 
 1.17489755e+07  5.34498261e-09  8.72136986e-09 
 1.20226443e+07  5.20729929e-09  8.72549741e-09 
 1.23026877e+07  5.07355648e-09  8.72941927e-09 
 1.25892541e+07  4.94361193e-09  8.73314093e-09 
 1.28824955e+07  4.81732964e-09  8.73666797e-09 
 1.31825674e+07  4.69457961e-09  8.74000610e-09 
 1.34896288e+07  4.57523747e-09  8.74316106e-09 
 1.38038426e+07  4.45918427e-09  8.74613867e-09 
 1.41253754e+07  4.34630617e-09  8.74894476e-09 
 1.44543977e+07  4.23649421e-09  8.75158517e-09 
 1.47910839e+07  4.12964407e-09  8.75406572e-09 
 1.51356125e+07  4.02565582e-09  8.75639223e-09 
 1.54881662e+07  3.92443373e-09  8.75857045e-09 
 1.58489319e+07  3.82588607e-09  8.76060609e-09 
 1.62181010e+07  3.72992488e-09  8.76250480e-09 
 1.65958691e+07  3.63646583e-09  8.76427215e-09 
 1.69824365e+07  3.54542801e-09  8.76591362e-09 
 1.73780083e+07  3.45673380e-09  8.76743460e-09 
 1.77827941e+07  3.37030868e-09  8.76884038e-09 
 1.81970086e+07  3.28608111e-09  8.77013614e-09 
 1.86208714e+07  3.20398236e-09  8.77132697e-09 
 1.90546072e+07  3.12394641e-09  8.77241783e-09 
 1.94984460e+07  3.04590981e-09  8.77341354e-09 
 1.99526231e+07  2.96981156e-09  8.77431884e-09 
 2.04173794e+07  2.89559300e-09  8.77513833e-09 
 2.08929613e+07  2.82319769e-09  8.77587648e-09 
 2.13796209e+07  2.75257135e-09  8.77653764e-09 
 2.18776162e+07  2.68366172e-09  8.77712606e-09 
 2.23872114e+07  2.61641850e-09  8.77764582e-09 
 2.29086765e+07  2.55079323e-09  8.77810093e-09 
 2.34422882e+07  2.48673927e-09  8.77849524e-09 
 2.39883292e+07  2.42421168e-09  8.77883250e-09 
 2.45470892e+07  2.36316712e-09  8.77911634e-09 
 2.51188643e+07  2.30356388e-09  8.77935028e-09 
 2.57039578e+07  2.24536172e-09  8.77953772e-09 
 2.63026799e+07  2.18852184e-09  8.77968197e-09 
 2.69153480e+07  2.13300685e-09  8.77978621e-09 
 2.75422870e+07  2.07878068e-09  8.77985354e-09 
 2.81838293e+07  2.02580856e-09  8.77988695e-09 
 2.88403150e+07  1.97405695e-09  8.77988934e-09 
 2.95120923e+07  1.92349348e-09  8.77986351e-09 
 3.01995172e+07  1.87408697e-09  8.77981220e-09 
 3.09029543e+07  1.82580730e-09  8.77973805e-09 
 3.16227766e+07  1.77862544e-09  8.77964361e-09 
 3.23593657e+07  1.73251340e-09  8.77953139e-09 
 3.31131121e+07  1.68744416e-09  8.77940380e-09 
 3.38844156e+07  1.64339169e-09  8.77926320e-09 
 3.46736850e+07  1.60033087e-09  8.77911190e-09 
 3.54813389e+07  1.55823749e-09  8.77895214e-09 
 3.63078055e+07  1.51708820e-09  8.77878611e-09 
 3.71535229e+07  1.47686049e-09  8.77861598e-09 
 3.80189396e+07  1.43753269e-09  8.77844385e-09 
 3.89045145e+07  1.39908388e-09  8.77827181e-09 
 3.98107171e+07  1.36149394e-09  8.77810192e-09 
 4.07380278e+07  1.32474346e-09  8.77793620e-09 
 4.16869383e+07  1.28881377e-09  8.77777668e-09 
 4.26579519e+07  1.25368686e-09  8.77762536e-09 
 4.36515832e+07  1.21934541e-09  8.77748425e-09 
 4.46683592e+07  1.18577273e-09  8.77735536e-09 
 4.57088190e+07  1.15295276e-09  8.77724071e-09 
 4.67735141e+07  1.12087005e-09  8.77714234e-09 
 4.78630092e+07  1.08950969e-09  8.77706231e-09 
 4.89778819e+07  1.05885735e-09  8.77700271e-09 
 5.01187234e+07  1.02889923e-09  8.77696568e-09 
 5.12861384e+07  9.99622036e-10  8.77695342e-09 
 5.24807460e+07  9.71012949e-10  8.77696816e-09 
 5.37031796e+07  9.43059622e-10  8.77701223e-09 
 5.49540874e+07  9.15750146e-10  8.77708801e-09 
 5.62341325e+07  8.89073031e-10  8.77719800e-09 
 5.75439937e+07  8.63017177e-10  8.77734476e-09 
 5.88843655e+07  8.37571857e-10  8.77753101e-09 
 6.02559586e+07  8.12726692e-10  8.77775954e-09 
 6.16595002e+07  7.88471626e-10  8.77803333e-09 
 6.30957344e+07  7.64796907e-10  8.77835548e-09 
 6.45654229e+07  7.41693061e-10  8.77872925e-09 
 6.60693448e+07  7.19150868e-10  8.77915811e-09 
 6.76082975e+07  6.97161346e-10  8.77964569e-09 
 6.91830971e+07  6.75715721e-10  8.78019587e-09 
 7.07945784e+07  6.54805413e-10  8.78081273e-09 
 7.24435960e+07  6.34422009e-10  8.78150061e-09 
 7.41310241e+07  6.14557247e-10  8.78226415e-09 
 7.58577575e+07  5.95202992e-10  8.78310824e-09 
 7.76247117e+07  5.76351222e-10  8.78403810e-09 
 7.94328235e+07  5.57994008e-10  8.78505929e-09 
 8.12830516e+07  5.40123497e-10  8.78617775e-09 
 8.31763771e+07  5.22731895e-10  8.78739977e-09 
 8.51138038e+07  5.05811456e-10  8.78873209e-09 
 8.70963590e+07  4.89354466e-10  8.79018186e-09 
 8.91250938e+07  4.73353230e-10  8.79175675e-09 
 9.12010839e+07  4.57800065e-10  8.79346490e-09 
 9.33254301e+07  4.42687284e-10  8.79531499e-09 
 9.54992586e+07  4.28007197e-10  8.79731628e-09 
 9.77237221e+07  4.13752095e-10  8.79947864e-09 
 1.00000000e+08  3.99914251e-10  8.80181258e-09 
 1.02329299e+08  3.86485913e-10  8.80432929e-09 
 1.04712855e+08  3.73459302e-10  8.80704067e-09 
 1.07151931e+08  3.60826610e-10  8.80995940e-09 
 1.09647820e+08  3.48580002e-10  8.81309895e-09 
 1.12201845e+08  3.36711613e-10  8.81647363e-09 
 1.14815362e+08  3.25213553e-10  8.82009864e-09 
 1.17489755e+08  3.14077908e-10  8.82399013e-09 
 1.20226443e+08  3.03296747e-10  8.82816519e-09 
 1.23026877e+08  2.92862124e-10  8.83264196e-09 
 1.25892541e+08  2.82766084e-10  8.83743965e-09 
 1.28824955e+08  2.73000669e-10  8.84257856e-09 
 1.31825674e+08  2.63557926e-10  8.84808015e-09 
 1.34896288e+08  2.54429914e-10  8.85396712e-09 
 1.38038426e+08  2.45608711e-10  8.86026339e-09 
 1.41253754e+08  2.37086421e-10  8.86699417e-09 
 1.44543977e+08  2.28855185e-10  8.87418604e-09 
 1.47910839e+08  2.20907185e-10  8.88186692e-09 
 1.51356125e+08  2.13234656e-10  8.89006620e-09 
 1.54881662e+08  2.05829893e-10  8.89881470e-09 
 1.58489319e+08  1.98685259e-10  8.90814476e-09 
 1.62181010e+08  1.91793191e-10  8.91809025e-09 
 1.65958691e+08  1.85146212e-10  8.92868661e-09 
 1.69824365e+08  1.78736935e-10  8.93997091e-09 
 1.73780083e+08  1.72558071e-10  8.95198182e-09 
 1.77827941e+08  1.66602434e-10  8.96475969e-09 
 1.81970086e+08  1.60862952e-10  8.97834654e-09 
 1.86208714e+08  1.55332669e-10  8.99278612e-09 
 1.90546072e+08  1.50004750e-10  9.00812387e-09 
 1.94984460e+08  1.44872489e-10  9.02440699e-09 
 1.99526231e+08  1.39929311e-10  9.04168440e-09 
 2.04173794e+08  1.35168779e-10  9.06000680e-09 
 2.08929613e+08  1.30584592e-10  9.07942662e-09 
 2.13796209e+08  1.26170595e-10  9.09999806e-09 
 2.18776162e+08  1.21920778e-10  9.12177707e-09 
 2.23872114e+08  1.17829276e-10  9.14482135e-09 
 2.29086765e+08  1.13890377e-10  9.16919033e-09 
 2.34422882e+08  1.10098517e-10  9.19494517e-09 
 2.39883292e+08  1.06448284e-10  9.22214873e-09 
 2.45470892e+08  1.02934419e-10  9.25086559e-09 
 2.51188643e+08  9.95518139e-11  9.28116196e-09 
 2.57039578e+08  9.62955126e-11  9.31310574e-09 
 2.63026799e+08  9.31607106e-11  9.34676642e-09 
 2.69153480e+08  9.01427536e-11  9.38221512e-09 
 2.75422870e+08  8.72371361e-11  9.41952449e-09 
 2.81838293e+08  8.44395002e-11  9.45876876e-09 
 2.88403150e+08  8.17456335e-11  9.50002365e-09 
 2.95120923e+08  7.91514674e-11  9.54336633e-09 
 3.01995172e+08  7.66530748e-11  9.58887546e-09 
 3.09029543e+08  7.42466675e-11  9.63663107e-09 
 3.16227766e+08  7.19285935e-11  9.68671456e-09 
 3.23593657e+08  6.96953345e-11  9.73920870e-09 
 3.31131121e+08  6.75435027e-11  9.79419751e-09 
 3.38844156e+08  6.54698381e-11  9.85176630e-09 
 3.46736850e+08  6.34712049e-11  9.91200159e-09 
 3.54813389e+08  6.15445887e-11  9.97499108e-09 
 3.63078055e+08  5.96870928e-11  1.00408236e-08 
 3.71535229e+08  5.78959352e-11  1.01095891e-08 
 3.80189396e+08  5.61684450e-11  1.01813786e-08 
 3.89045145e+08  5.45020589e-11  1.02562842e-08 
 3.98107171e+08  5.28943181e-11  1.03343987e-08 
 4.07380278e+08  5.13428644e-11  1.04158162e-08 
 4.16869383e+08  4.98454373e-11  1.05006314e-08 
 4.26579519e+08  4.83998700e-11  1.05889401e-08 
 4.36515832e+08  4.70040868e-11  1.06808387e-08 
 4.46683592e+08  4.56560988e-11  1.07764245e-08 
 4.57088190e+08  4.43540016e-11  1.08757953e-08 
 4.67735141e+08  4.30959715e-11  1.09790497e-08 
 4.78630092e+08  4.18802624e-11  1.10862870e-08 
 4.89778819e+08  4.07052030e-11  1.11976070e-08 
 5.01187234e+08  3.95691933e-11  1.13131099e-08 
 5.12861384e+08  3.84707023e-11  1.14328964e-08 
 5.24807460e+08  3.74082646e-11  1.15570677e-08 
 5.37031796e+08  3.63804780e-11  1.16857253e-08 
 5.49540874e+08  3.53860005e-11  1.18189710e-08 
 5.62341325e+08  3.44235480e-11  1.19569068e-08 
 5.75439937e+08  3.34918917e-11  1.20996349e-08 
 5.88843655e+08  3.25898556e-11  1.22472577e-08 
 6.02559586e+08  3.17163144e-11  1.23998774e-08 
 6.16595002e+08  3.08701910e-11  1.25575965e-08 
 6.30957344e+08  3.00504544e-11  1.27205172e-08 
 6.45654229e+08  2.92561180e-11  1.28887417e-08 
 6.60693448e+08  2.84862369e-11  1.30623717e-08 
 6.76082975e+08  2.77399070e-11  1.32415090e-08 
 6.91830971e+08  2.70162623e-11  1.34262545e-08 
 7.07945784e+08  2.63144735e-11  1.36167092e-08 
 7.24435960e+08  2.56337466e-11  1.38129729e-08 
 7.41310241e+08  2.49733209e-11  1.40151452e-08 
 7.58577575e+08  2.43324676e-11  1.42233248e-08 
 7.76247117e+08  2.37104887e-11  1.44376092e-08 
 7.94328235e+08  2.31067150e-11  1.46580954e-08 
 8.12830516e+08  2.25205056e-11  1.48848789e-08 
 8.31763771e+08  2.19512457e-11  1.51180539e-08 
 8.51138038e+08  2.13983462e-11  1.53577135e-08 
 8.70963590e+08  2.08612421e-11  1.56039488e-08 
 8.91250938e+08  2.03393916e-11  1.58568496e-08 
 9.12010839e+08  1.98322751e-11  1.61165035e-08 
 9.33254301e+08  1.93393940e-11  1.63829961e-08 
 9.54992586e+08  1.88602700e-11  1.66564107e-08 
 9.77237221e+08  1.83944440e-11  1.69368280e-08 
 1.00000000e+09  1.79414753e-11  1.72243261e-08 
