 frequency       onoise_spectrum inoise_spectrum
 1.00000000e+00  7.25506177e-06  2.27161908e-07 
 1.02329299e+00  7.18034490e-06  2.24822462e-07 
 1.04712855e+00  7.10640915e-06  2.22507473e-07 
 1.07151931e+00  7.03324623e-06  2.20216682e-07 
 1.09647820e+00  6.96084794e-06  2.17949833e-07 
 1.12201845e+00  6.88920618e-06  2.15706670e-07 
 1.14815362e+00  6.81831292e-06  2.13486944e-07 
 1.17489755e+00  6.74816022e-06  2.11290406e-07 
 1.20226443e+00  6.67874024e-06  2.09116810e-07 
 1.23026877e+00  6.61004520e-06  2.06965912e-07 
 1.25892541e+00  6.54206744e-06  2.04837473e-07 
 1.28824955e+00  6.47479934e-06  2.02731254e-07 
 1.31825674e+00  6.40823340e-06  2.00647020e-07 
 1.34896288e+00  6.34236217e-06  1.98584538e-07 
 1.38038426e+00  6.27717830e-06  1.96543578e-07 
 1.41253754e+00  6.21267451e-06  1.94523911e-07 
 1.44543977e+00  6.14884360e-06  1.92525314e-07 
 1.47910839e+00  6.08567845e-06  1.90547561e-07 
 1.51356125e+00  6.02317202e-06  1.88590434e-07 
 1.54881662e+00  5.96131733e-06  1.86653713e-07 
 1.58489319e+00  5.90010749e-06  1.84737183e-07 
 1.62181010e+00  5.83953569e-06  1.82840630e-07 
 1.65958691e+00  5.77959516e-06  1.80963844e-07 
 1.69824365e+00  5.72027925e-06  1.79106614e-07 
 1.73780083e+00  5.66158134e-06  1.77268734e-07 
 1.77827941e+00  5.60349491e-06  1.75450001e-07 
 1.81970086e+00  5.54601348e-06  1.73650210e-07 
 1.86208714e+00  5.48913068e-06  1.71869163e-07 
 1.90546072e+00  5.43284017e-06  1.70106662e-07 
 1.94984460e+00  5.37713570e-06  1.68362509e-07 
 1.99526231e+00  5.32201109e-06  1.66636512e-07 
 2.04173794e+00  5.26746020e-06  1.64928480e-07 
 2.08929613e+00  5.21347698e-06  1.63238221e-07 
 2.13796209e+00  5.16005544e-06  1.61565549e-07 
 2.18776162e+00  5.10718966e-06  1.59910278e-07 
 2.23872114e+00  5.05487376e-06  1.58272225e-07 
 2.29086765e+00  5.00310195e-06  1.56651207e-07 
 2.34422882e+00  4.95186849e-06  1.55047046e-07 
 2.39883292e+00  4.90116770e-06  1.53459562e-07 
 2.45470892e+00  4.85099396e-06  1.51888582e-07 
 2.51188643e+00  4.80134173e-06  1.50333930e-07 
 2.57039578e+00  4.75220549e-06  1.48795434e-07 
 2.63026799e+00  4.70357982e-06  1.47272925e-07 
 2.69153480e+00  4.65545934e-06  1.45766233e-07 
 2.75422870e+00  4.60783872e-06  1.44275192e-07 
 2.81838293e+00  4.56071269e-06  1.42799638e-07 
 2.88403150e+00  4.51407605e-06  1.41339407e-07 
 2.95120923e+00  4.46792365e-06  1.39894338e-07 
 3.01995172e+00  4.42225039e-06  1.38464270e-07 
 3.09029543e+00  4.37705122e-06  1.37049048e-07 
 3.16227766e+00  4.33232116e-06  1.35648513e-07 
 3.23593657e+00  4.28805527e-06  1.34262512e-07 
 3.31131121e+00  4.24424866e-06  1.32890891e-07 
 3.38844156e+00  4.20089651e-06  1.31533500e-07 
 3.46736850e+00  4.15799404e-06  1.30190188e-07 
 3.54813389e+00  4.11553652e-06  1.28860809e-07 
 3.63078055e+00  4.07351927e-06  1.27545214e-07 
 3.71535229e+00  4.03193766e-06  1.26243260e-07 
 3.80189396e+00  3.99078712e-06  1.24954803e-07 
 3.89045145e+00  3.95006312e-06  1.23679701e-07 
 3.98107171e+00  3.90976117e-06  1.22417815e-07 
 4.07380278e+00  3.86987685e-06  1.21169004e-07 
 4.16869383e+00  3.83040577e-06  1.19933132e-07 
 4.26579519e+00  3.79134359e-06  1.18710063e-07 
 4.36515832e+00  3.75268601e-06  1.17499663e-07 
 4.46683592e+00  3.71442879e-06  1.16301798e-07 
 4.57088190e+00  3.67656774e-06  1.15116338e-07 
 4.67735141e+00  3.63909869e-06  1.13943151e-07 
 4.78630092e+00  3.60201752e-06  1.12782110e-07 
 4.89778819e+00  3.56532019e-06  1.11633086e-07 
 5.01187234e+00  3.52900265e-06  1.10495954e-07 
 5.12861384e+00  3.49306093e-06  1.09370590e-07 
 5.24807460e+00  3.45749109e-06  1.08256869e-07 
 5.37031796e+00  3.42228922e-06  1.07154670e-07 
 5.49540874e+00  3.38745149e-06  1.06063872e-07 
 5.62341325e+00  3.35297406e-06  1.04984356e-07 
 5.75439937e+00  3.31885317e-06  1.03916003e-07 
 5.88843655e+00  3.28508509e-06  1.02858696e-07 
 6.02559586e+00  3.25166611e-06  1.01812321e-07 
 6.16595002e+00  3.21859259e-06  1.00776762e-07 
 6.30957344e+00  3.18586090e-06  9.97519061e-08 
 6.45654229e+00  3.15346748e-06  9.87376416e-08 
 6.60693448e+00  3.12140878e-06  9.77338576e-08 
 6.76082975e+00  3.08968131e-06  9.67404444e-08 
 6.91830971e+00  3.05828159e-06  9.57572935e-08 
 7.07945784e+00  3.02720620e-06  9.47842977e-08 
 7.24435960e+00  2.99645175e-06  9.38213508e-08 
 7.41310241e+00  2.96601489e-06  9.28683478e-08 
 7.58577575e+00  2.93589229e-06  9.19251847e-08 
 7.76247117e+00  2.90608068e-06  9.09917588e-08 
 7.94328235e+00  2.87657680e-06  9.00679683e-08 
 8.12830516e+00  2.84737744e-06  8.91537125e-08 
 8.31763771e+00  2.81847942e-06  8.82488920e-08 
 8.51138038e+00  2.78987960e-06  8.73534082e-08 
 8.70963590e+00  2.76157486e-06  8.64671637e-08 
 8.91250938e+00  2.73356212e-06  8.55900620e-08 
 9.12010839e+00  2.70583834e-06  8.47220077e-08 
 9.33254301e+00  2.67840050e-06  8.38629065e-08 
 9.54992586e+00  2.65124562e-06  8.30126650e-08 
 9.77237221e+00  2.62437075e-06  8.21711908e-08 
 1.00000000e+01  2.59777296e-06  8.13383925e-08 
 1.02329299e+01  2.57144938e-06  8.05141796e-08 
 1.04712855e+01  2.54539714e-06  7.96984628e-08 
 1.07151931e+01  2.51961342e-06  7.88911533e-08 
 1.09647820e+01  2.49409541e-06  7.80921638e-08 
 1.12201845e+01  2.46884036e-06  7.73014075e-08 
 1.14815362e+01  2.44384552e-06  7.65187987e-08 
 1.17489755e+01  2.41910819e-06  7.57442525e-08 
 1.20226443e+01  2.39462568e-06  7.49776851e-08 
 1.23026877e+01  2.37039534e-06  7.42190134e-08 
 1.25892541e+01  2.34641455e-06  7.34681553e-08 
 1.28824955e+01  2.32268071e-06  7.27250295e-08 
 1.31825674e+01  2.29919126e-06  7.19895555e-08 
 1.34896288e+01  2.27594364e-06  7.12616538e-08 
 1.38038426e+01  2.25293536e-06  7.05412457e-08 
 1.41253754e+01  2.23016392e-06  6.98282533e-08 
 1.44543977e+01  2.20762686e-06  6.91225996e-08 
 1.47910839e+01  2.18532175e-06  6.84242082e-08 
 1.51356125e+01  2.16324617e-06  6.77330038e-08 
 1.54881662e+01  2.14139774e-06  6.70489118e-08 
 1.58489319e+01  2.11977411e-06  6.63718582e-08 
 1.62181010e+01  2.09837294e-06  6.57017700e-08 
 1.65958691e+01  2.07719192e-06  6.50385750e-08 
 1.69824365e+01  2.05622877e-06  6.43822016e-08 
 1.73780083e+01  2.03548122e-06  6.37325790e-08 
 1.77827941e+01  2.01494705e-06  6.30896373e-08 
 1.81970086e+01  1.99462404e-06  6.24533072e-08 
 1.86208714e+01  1.97450999e-06  6.18235200e-08 
 1.90546072e+01  1.95460275e-06  6.12002081e-08 
 1.94984460e+01  1.93490017e-06  6.05833043e-08 
 1.99526231e+01  1.91540014e-06  5.99727422e-08 
 2.04173794e+01  1.89610054e-06  5.93684562e-08 
 2.08929613e+01  1.87699932e-06  5.87703812e-08 
 2.13796209e+01  1.85809441e-06  5.81784530e-08 
 2.18776162e+01  1.83938378e-06  5.75926079e-08 
 2.23872114e+01  1.82086542e-06  5.70127831e-08 
 2.29086765e+01  1.80253735e-06  5.64389161e-08 
 2.34422882e+01  1.78439759e-06  5.58709455e-08 
 2.39883292e+01  1.76644420e-06  5.53088101e-08 
 2.45470892e+01  1.74867525e-06  5.47524498e-08 
 2.51188643e+01  1.73108883e-06  5.42018048e-08 
 2.57039578e+01  1.71368307e-06  5.36568161e-08 
 2.63026799e+01  1.69645608e-06  5.31174252e-08 
 2.69153480e+01  1.67940604e-06  5.25835743e-08 
 2.75422870e+01  1.66253110e-06  5.20552062e-08 
 2.81838293e+01  1.64582946e-06  5.15322643e-08 
 2.88403150e+01  1.62929934e-06  5.10146927e-08 
 2.95120923e+01  1.61293896e-06  5.05024358e-08 
 3.01995172e+01  1.59674657e-06  4.99954390e-08 
 3.09029543e+01  1.58072045e-06  4.94936479e-08 
 3.16227766e+01  1.56485887e-06  4.89970089e-08 
 3.23593657e+01  1.54916014e-06  4.85054688e-08 
 3.31131121e+01  1.53362258e-06  4.80189752e-08 
 3.38844156e+01  1.51824453e-06  4.75374760e-08 
 3.46736850e+01  1.50302436e-06  4.70609198e-08 
 3.54813389e+01  1.48796042e-06  4.65892558e-08 
 3.63078055e+01  1.47305112e-06  4.61224335e-08 
 3.71535229e+01  1.45829487e-06  4.56604031e-08 
 3.80189396e+01  1.44369008e-06  4.52031154e-08 
 3.89045145e+01  1.42923521e-06  4.47505215e-08 
 3.98107171e+01  1.41492871e-06  4.43025732e-08 
 4.07380278e+01  1.40076905e-06  4.38592227e-08 
 4.16869383e+01  1.38675473e-06  4.34204228e-08 
 4.26579519e+01  1.37288425e-06  4.29861268e-08 
 4.36515832e+01  1.35915613e-06  4.25562883e-08 
 4.46683592e+01  1.34556892e-06  4.21308617e-08 
 4.57088190e+01  1.33212117e-06  4.17098016e-08 
 4.67735141e+01  1.31881144e-06  4.12930631e-08 
 4.78630092e+01  1.30563832e-06  4.08806021e-08 
 4.89778819e+01  1.29260042e-06  4.04723745e-08 
 5.01187234e+01  1.27969633e-06  4.00683371e-08 
 5.12861384e+01  1.26692470e-06  3.96684468e-08 
 5.24807460e+01  1.25428416e-06  3.92726612e-08 
 5.37031796e+01  1.24177337e-06  3.88809382e-08 
 5.49540874e+01  1.22939100e-06  3.84932362e-08 
 5.62341325e+01  1.21713574e-06  3.81095140e-08 
 5.75439937e+01  1.20500629e-06  3.77297310e-08 
 5.88843655e+01  1.19300136e-06  3.73538468e-08 
 6.02559586e+01  1.18111968e-06  3.69818215e-08 
 6.16595002e+01  1.16935998e-06  3.66136158e-08 
 6.30957344e+01  1.15772102e-06  3.62491905e-08 
 6.45654229e+01  1.14620156e-06  3.58885070e-08 
 6.60693448e+01  1.13480039e-06  3.55315271e-08 
 6.76082975e+01  1.12351630e-06  3.51782130e-08 
 6.91830971e+01  1.11234809e-06  3.48285272e-08 
 7.07945784e+01  1.10129459e-06  3.44824328e-08 
 7.24435960e+01  1.09035461e-06  3.41398932e-08 
 7.41310241e+01  1.07952700e-06  3.38008720e-08 
 7.58577575e+01  1.06881062e-06  3.34653334e-08 
 7.76247117e+01  1.05820433e-06  3.31332419e-08 
 7.94328235e+01  1.04770702e-06  3.28045625e-08 
 8.12830516e+01  1.03731757e-06  3.24792603e-08 
 8.31763771e+01  1.02703488e-06  3.21573010e-08 
 8.51138038e+01  1.01685787e-06  3.18386505e-08 
 8.70963590e+01  1.00678547e-06  3.15232753e-08 
 8.91250938e+01  9.96816606e-07  3.12111421e-08 
 9.12010839e+01  9.86950229e-07  3.09022178e-08 
 9.33254301e+01  9.77185299e-07  3.05964698e-08 
 9.54992586e+01  9.67520785e-07  3.02938660e-08 
 9.77237221e+01  9.57955668e-07  2.99943744e-08 
 1.00000000e+02  9.48488939e-07  2.96979634e-08 
 1.02329299e+02  9.39119601e-07  2.94046018e-08 
 1.04712855e+02  9.29846665e-07  2.91142586e-08 
 1.07151931e+02  9.20669155e-07  2.88269033e-08 
 1.09647820e+02  9.11586105e-07  2.85425056e-08 
 1.12201845e+02  9.02596556e-07  2.82610355e-08 
 1.14815362e+02  8.93699564e-07  2.79824634e-08 
 1.17489755e+02  8.84894191e-07  2.77067600e-08 
 1.20226443e+02  8.76179511e-07  2.74338963e-08 
 1.23026877e+02  8.67554607e-07  2.71638435e-08 
 1.25892541e+02  8.59018571e-07  2.68965733e-08 
 1.28824955e+02  8.50570507e-07  2.66320575e-08 
 1.31825674e+02  8.42209526e-07  2.63702684e-08 
 1.34896288e+02  8.33934748e-07  2.61111784e-08 
 1.38038426e+02  8.25745306e-07  2.58547602e-08 
 1.41253754e+02  8.17640337e-07  2.56009871e-08 
 1.44543977e+02  8.09618992e-07  2.53498322e-08 
 1.47910839e+02  8.01680427e-07  2.51012693e-08 
 1.51356125e+02  7.93823810e-07  2.48552722e-08 
 1.54881662e+02  7.86048315e-07  2.46118151e-08 
 1.58489319e+02  7.78353126e-07  2.43708725e-08 
 1.62181010e+02  7.70737437e-07  2.41324191e-08 
 1.65958691e+02  7.63200449e-07  2.38964299e-08 
 1.69824365e+02  7.55741370e-07  2.36628800e-08 
 1.73780083e+02  7.48359419e-07  2.34317452e-08 
 1.77827941e+02  7.41053822e-07  2.32030010e-08 
 1.81970086e+02  7.33823814e-07  2.29766236e-08 
 1.86208714e+02  7.26668637e-07  2.27525892e-08 
 1.90546072e+02  7.19587541e-07  2.25308743e-08 
 1.94984460e+02  7.12579784e-07  2.23114557e-08 
 1.99526231e+02  7.05644633e-07  2.20943105e-08 
 2.04173794e+02  6.98781362e-07  2.18794159e-08 
 2.08929613e+02  6.91989252e-07  2.16667495e-08 
 2.13796209e+02  6.85267592e-07  2.14562888e-08 
 2.18776162e+02  6.78615679e-07  2.12480121e-08 
 2.23872114e+02  6.72032817e-07  2.10418973e-08 
 2.29086765e+02  6.65518317e-07  2.08379230e-08 
 2.34422882e+02  6.59071498e-07  2.06360679e-08 
 2.39883292e+02  6.52691686e-07  2.04363108e-08 
 2.45470892e+02  6.46378213e-07  2.02386309e-08 
 2.51188643e+02  6.40130420e-07  2.00430074e-08 
 2.57039578e+02  6.33947654e-07  1.98494200e-08 
 2.63026799e+02  6.27829268e-07  1.96578484e-08 
 2.69153480e+02  6.21774623e-07  1.94682726e-08 
 2.75422870e+02  6.15783086e-07  1.92806727e-08 
 2.81838293e+02  6.09854032e-07  1.90950292e-08 
 2.88403150e+02  6.03986840e-07  1.89113227e-08 
 2.95120923e+02  5.98180899e-07  1.87295341e-08 
 3.01995172e+02  5.92435602e-07  1.85496442e-08 
 3.09029543e+02  5.86750349e-07  1.83716343e-08 
 3.16227766e+02  5.81124547e-07  1.81954859e-08 
 3.23593657e+02  5.75557607e-07  1.80211806e-08 
 3.31131121e+02  5.70048949e-07  1.78487001e-08 
 3.38844156e+02  5.64597998e-07  1.76780264e-08 
 3.46736850e+02  5.59204185e-07  1.75091418e-08 
 3.54813389e+02  5.53866946e-07  1.73420286e-08 
 3.63078055e+02  5.48585726e-07  1.71766693e-08 
 3.71535229e+02  5.43359971e-07  1.70130468e-08 
 3.80189396e+02  5.38189138e-07  1.68511439e-08 
 3.89045145e+02  5.33072687e-07  1.66909437e-08 
 3.98107171e+02  5.28010083e-07  1.65324295e-08 
 4.07380278e+02  5.23000798e-07  1.63755848e-08 
 4.16869383e+02  5.18044310e-07  1.62203932e-08 
 4.26579519e+02  5.13140101e-07  1.60668386e-08 
 4.36515832e+02  5.08287659e-07  1.59149048e-08 
 4.46683592e+02  5.03486479e-07  1.57645760e-08 
 4.57088190e+02  4.98736058e-07  1.56158366e-08 
 4.67735141e+02  4.94035901e-07  1.54686709e-08 
 4.78630092e+02  4.89385518e-07  1.53230638e-08 
 4.89778819e+02  4.84784423e-07  1.51789999e-08 
 5.01187234e+02  4.80232135e-07  1.50364641e-08 
 5.12861384e+02  4.75728179e-07  1.48954418e-08 
 5.24807460e+02  4.71272086e-07  1.47559180e-08 
 5.37031796e+02  4.66863389e-07  1.46178782e-08 
 5.49540874e+02  4.62501627e-07  1.44813081e-08 
 5.62341325e+02  4.58186347e-07  1.43461933e-08 
 5.75439937e+02  4.53917095e-07  1.42125197e-08 
 5.88843655e+02  4.49693427e-07  1.40802734e-08 
 6.02559586e+02  4.45514901e-07  1.39494405e-08 
 6.16595002e+02  4.41381079e-07  1.38200074e-08 
 6.30957344e+02  4.37291530e-07  1.36919605e-08 
 6.45654229e+02  4.33245825e-07  1.35652864e-08 
 6.60693448e+02  4.29243542e-07  1.34399718e-08 
 6.76082975e+02  4.25284261e-07  1.33160037e-08 
 6.91830971e+02  4.21367568e-07  1.31933691e-08 
 7.07945784e+02  4.17493052e-07  1.30720551e-08 
 7.24435960e+02  4.13660308e-07  1.29520490e-08 
 7.41310241e+02  4.09868934e-07  1.28333383e-08 
 7.58577575e+02  4.06118532e-07  1.27159104e-08 
 7.76247117e+02  4.02408709e-07  1.25997531e-08 
 7.94328235e+02  3.98739076e-07  1.24848542e-08 
 8.12830516e+02  3.95109246e-07  1.23712015e-08 
 8.31763771e+02  3.91518839e-07  1.22587833e-08 
 8.51138038e+02  3.87967478e-07  1.21475876e-08 
 8.70963590e+02  3.84454788e-07  1.20376028e-08 
 8.91250938e+02  3.80980401e-07  1.19288172e-08 
 9.12010839e+02  3.77543950e-07  1.18212195e-08 
 9.33254301e+02  3.74145074e-07  1.17147983e-08 
 9.54992586e+02  3.70783413e-07  1.16095423e-08 
 9.77237221e+02  3.67458613e-07  1.15054405e-08 
 1.00000000e+03  3.64170324e-07  1.14024819e-08 
 1.02329299e+03  3.60918197e-07  1.13006556e-08 
 1.04712855e+03  3.57701889e-07  1.11999509e-08 
 1.07151931e+03  3.54521059e-07  1.11003570e-08 
 1.09647820e+03  3.51375371e-07  1.10018634e-08 
 1.12201845e+03  3.48264490e-07  1.09044597e-08 
 1.14815362e+03  3.45188088e-07  1.08081356e-08 
 1.17489755e+03  3.42145836e-07  1.07128807e-08 
 1.20226443e+03  3.39137411e-07  1.06186851e-08 
 1.23026877e+03  3.36162493e-07  1.05255386e-08 
 1.25892541e+03  3.33220766e-07  1.04334313e-08 
 1.28824955e+03  3.30311914e-07  1.03423535e-08 
 1.31825674e+03  3.27435628e-07  1.02522953e-08 
 1.34896288e+03  3.24591600e-07  1.01632471e-08 
 1.38038426e+03  3.21779525e-07  1.00751995e-08 
 1.41253754e+03  3.18999101e-07  9.98814289e-09 
 1.44543977e+03  3.16250031e-07  9.90206803e-09 
 1.47910839e+03  3.13532017e-07  9.81696563e-09 
 1.51356125e+03  3.10844769e-07  9.73282653e-09 
 1.54881662e+03  3.08187995e-07  9.64964166e-09 
 1.58489319e+03  3.05561409e-07  9.56740202e-09 
 1.62181010e+03  3.02964727e-07  9.48609872e-09 
 1.65958691e+03  3.00397667e-07  9.40572296e-09 
 1.69824365e+03  2.97859950e-07  9.32626599e-09 
 1.73780083e+03  2.95351300e-07  9.24771919e-09 
 1.77827941e+03  2.92871445e-07  9.17007399e-09 
 1.81970086e+03  2.90420112e-07  9.09332191e-09 
 1.86208714e+03  2.87997034e-07  9.01745456e-09 
 1.90546072e+03  2.85601945e-07  8.94246362e-09 
 1.94984460e+03  2.83234583e-07  8.86834085e-09 
 1.99526231e+03  2.80894686e-07  8.79507809e-09 
 2.04173794e+03  2.78581995e-07  8.72266727e-09 
 2.08929613e+03  2.76296256e-07  8.65110036e-09 
 2.13796209e+03  2.74037215e-07  8.58036944e-09 
 2.18776162e+03  2.71804621e-07  8.51046665e-09 
 2.23872114e+03  2.69598224e-07  8.44138419e-09 
 2.29086765e+03  2.67417779e-07  8.37311436e-09 
 2.34422882e+03  2.65263041e-07  8.30564950e-09 
 2.39883292e+03  2.63133767e-07  8.23898204e-09 
 2.45470892e+03  2.61029719e-07  8.17310446e-09 
 2.51188643e+03  2.58950658e-07  8.10800934e-09 
 2.57039578e+03  2.56896349e-07  8.04368928e-09 
 2.63026799e+03  2.54866557e-07  7.98013699e-09 
 2.69153480e+03  2.52861053e-07  7.91734522e-09 
 2.75422870e+03  2.50879605e-07  7.85530679e-09 
 2.81838293e+03  2.48921987e-07  7.79401457e-09 
 2.88403150e+03  2.46987974e-07  7.73346151e-09 
 2.95120923e+03  2.45077341e-07  7.67364062e-09 
 3.01995172e+03  2.43189866e-07  7.61454496e-09 
 3.09029543e+03  2.41325331e-07  7.55616765e-09 
 3.16227766e+03  2.39483517e-07  7.49850186e-09 
 3.23593657e+03  2.37664209e-07  7.44154085e-09 
 3.31131121e+03  2.35867190e-07  7.38527790e-09 
 3.38844156e+03  2.34092251e-07  7.32970637e-09 
 3.46736850e+03  2.32339178e-07  7.27481965e-09 
 3.54813389e+03  2.30607764e-07  7.22061121e-09 
 3.63078055e+03  2.28897801e-07  7.16707456e-09 
 3.71535229e+03  2.27209083e-07  7.11420326e-09 
 3.80189396e+03  2.25541406e-07  7.06199092e-09 
 3.89045145e+03  2.23894567e-07  7.01043123e-09 
 3.98107171e+03  2.22268366e-07  6.95951788e-09 
 4.07380278e+03  2.20662604e-07  6.90924464e-09 
 4.16869383e+03  2.19077081e-07  6.85960534e-09 
 4.26579519e+03  2.17511604e-07  6.81059383e-09 
 4.36515832e+03  2.15965975e-07  6.76220401e-09 
 4.46683592e+03  2.14440003e-07  6.71442985e-09 
 4.57088190e+03  2.12933494e-07  6.66726535e-09 
 4.67735141e+03  2.11446260e-07  6.62070455e-09 
 4.78630092e+03  2.09978110e-07  6.57474153e-09 
 4.89778819e+03  2.08528857e-07  6.52937045e-09 
 5.01187234e+03  2.07098315e-07  6.48458546e-09 
 5.12861384e+03  2.05686298e-07  6.44038079e-09 
 5.24807460e+03  2.04292624e-07  6.39675071e-09 
 5.37031796e+03  2.02917109e-07  6.35368951e-09 
 5.49540874e+03  2.01559573e-07  6.31119153e-09 
 5.62341325e+03  2.00219836e-07  6.26925116e-09 
 5.75439937e+03  1.98897719e-07  6.22786283e-09 
 5.88843655e+03  1.97593045e-07  6.18702099e-09 
 6.02559586e+03  1.96305637e-07  6.14672014e-09 
 6.16595002e+03  1.95035322e-07  6.10695483e-09 
 6.30957344e+03  1.93781925e-07  6.06771962e-09 
 6.45654229e+03  1.92545273e-07  6.02900914e-09 
 6.60693448e+03  1.91325196e-07  5.99081802e-09 
 6.76082975e+03  1.90121522e-07  5.95314096e-09 
 6.91830971e+03  1.88934083e-07  5.91597268e-09 
 7.07945784e+03  1.87762711e-07  5.87930793e-09 
 7.24435960e+03  1.86607238e-07  5.84314151e-09 
 7.41310241e+03  1.85467499e-07  5.80746824e-09 
 7.58577575e+03  1.84343329e-07  5.77228298e-09 
 7.76247117e+03  1.83234563e-07  5.73758062e-09 
 7.94328235e+03  1.82141040e-07  5.70335610e-09 
 8.12830516e+03  1.81062597e-07  5.66960437e-09 
 8.31763771e+03  1.79999073e-07  5.63632043e-09 
 8.51138038e+03  1.78950310e-07  5.60349930e-09 
 8.70963590e+03  1.77916148e-07  5.57113605e-09 
 8.91250938e+03  1.76896429e-07  5.53922576e-09 
 9.12010839e+03  1.75890996e-07  5.50776355e-09 
 9.33254301e+03  1.74899695e-07  5.47674458e-09 
 9.54992586e+03  1.73922369e-07  5.44616403e-09 
 9.77237221e+03  1.72958865e-07  5.41601713e-09 
 1.00000000e+04  1.72009030e-07  5.38629911e-09 
 1.02329299e+04  1.71072712e-07  5.35700525e-09 
 1.04712855e+04  1.70149759e-07  5.32813087e-09 
 1.07151931e+04  1.69240022e-07  5.29967130e-09 
 1.09647820e+04  1.68343351e-07  5.27162191e-09 
 1.12201845e+04  1.67459598e-07  5.24397810e-09 
 1.14815362e+04  1.66588614e-07  5.21673529e-09 
 1.17489755e+04  1.65730254e-07  5.18988896e-09 
 1.20226443e+04  1.64884371e-07  5.16343457e-09 
 1.23026877e+04  1.64050821e-07  5.13736767e-09 
 1.25892541e+04  1.63229460e-07  5.11168378e-09 
 1.28824955e+04  1.62420143e-07  5.08637849e-09 
 1.31825674e+04  1.61622730e-07  5.06144741e-09 
 1.34896288e+04  1.60837078e-07  5.03688617e-09 
 1.38038426e+04  1.60063047e-07  5.01269044e-09 
 1.41253754e+04  1.59300497e-07  4.98885591e-09 
 1.44543977e+04  1.58549289e-07  4.96537830e-09 
 1.47910839e+04  1.57809284e-07  4.94225338e-09 
 1.51356125e+04  1.57080346e-07  4.91947693e-09 
 1.54881662e+04  1.56362338e-07  4.89704475e-09 
 1.58489319e+04  1.55655123e-07  4.87495268e-09 
 1.62181010e+04  1.54958568e-07  4.85319661e-09 
 1.65958691e+04  1.54272538e-07  4.83177243e-09 
 1.69824365e+04  1.53596900e-07  4.81067606e-09 
 1.73780083e+04  1.52931521e-07  4.78990348e-09 
 1.77827941e+04  1.52276269e-07  4.76945066e-09 
 1.81970086e+04  1.51631014e-07  4.74931363e-09 
 1.86208714e+04  1.50995624e-07  4.72948844e-09 
 1.90546072e+04  1.50369972e-07  4.70997116e-09 
 1.94984460e+04  1.49753927e-07  4.69075789e-09 
 1.99526231e+04  1.49147363e-07  4.67184478e-09 
 2.04173794e+04  1.48550151e-07  4.65322800e-09 
 2.08929613e+04  1.47962166e-07  4.63490373e-09 
 2.13796209e+04  1.47383281e-07  4.61686821e-09 
 2.18776162e+04  1.46813372e-07  4.59911769e-09 
 2.23872114e+04  1.46252315e-07  4.58164847e-09 
 2.29086765e+04  1.45699984e-07  4.56445684e-09 
 2.34422882e+04  1.45156259e-07  4.54753917e-09 
 2.39883292e+04  1.44621016e-07  4.53089183e-09 
 2.45470892e+04  1.44094134e-07  4.51451123e-09 
 2.51188643e+04  1.43575492e-07  4.49839380e-09 
 2.57039578e+04  1.43064969e-07  4.48253601e-09 
 2.63026799e+04  1.42562447e-07  4.46693437e-09 
 2.69153480e+04  1.42067805e-07  4.45158540e-09 
 2.75422870e+04  1.41580926e-07  4.43648565e-09 
 2.81838293e+04  1.41101692e-07  4.42163173e-09 
 2.88403150e+04  1.40629985e-07  4.40702025e-09 
 2.95120923e+04  1.40165688e-07  4.39264787e-09 
 3.01995172e+04  1.39708687e-07  4.37851126e-09 
 3.09029543e+04  1.39258864e-07  4.36460715e-09 
 3.16227766e+04  1.38816104e-07  4.35093227e-09 
 3.23593657e+04  1.38380294e-07  4.33748340e-09 
 3.31131121e+04  1.37951318e-07  4.32425735e-09 
 3.38844156e+04  1.37529063e-07  4.31125096e-09 
 3.46736850e+04  1.37113416e-07  4.29846108e-09 
 3.54813389e+04  1.36704263e-07  4.28588464e-09 
 3.63078055e+04  1.36301491e-07  4.27351854e-09 
 3.71535229e+04  1.35904989e-07  4.26135976e-09 
 3.80189396e+04  1.35514644e-07  4.24940529e-09 
 3.89045145e+04  1.35130344e-07  4.23765215e-09 
 3.98107171e+04  1.34751978e-07  4.22609740e-09 
 4.07380278e+04  1.34379435e-07  4.21473812e-09 
 4.16869383e+04  1.34012602e-07  4.20357142e-09 
 4.26579519e+04  1.33651369e-07  4.19259447e-09 
 4.36515832e+04  1.33295625e-07  4.18180443e-09 
 4.46683592e+04  1.32945259e-07  4.17119851e-09 
 4.57088190e+04  1.32600159e-07  4.16077396e-09 
 4.67735141e+04  1.32260214e-07  4.15052804e-09 
 4.78630092e+04  1.31925314e-07  4.14045807e-09 
 4.89778819e+04  1.31595346e-07  4.13056136e-09 
 5.01187234e+04  1.31270199e-07  4.12083529e-09 
 5.12861384e+04  1.30949762e-07  4.11127725e-09 
 5.24807460e+04  1.30633921e-07  4.10188466e-09 
 5.37031796e+04  1.30322564e-07  4.09265497e-09 
 5.49540874e+04  1.30015579e-07  4.08358568e-09 
 5.62341325e+04  1.29712851e-07  4.07467430e-09 
 5.75439937e+04  1.29414266e-07  4.06591837e-09 
 5.88843655e+04  1.29119709e-07  4.05731547e-09 
 6.02559586e+04  1.28829065e-07  4.04886320e-09 
 6.16595002e+04  1.28542217e-07  4.04055921e-09 
 6.30957344e+04  1.28259047e-07  4.03240115e-09 
 6.45654229e+04  1.27979438e-07  4.02438672e-09 
 6.60693448e+04  1.27703270e-07  4.01651364e-09 
 6.76082975e+04  1.27430423e-07  4.00877967e-09 
 6.91830971e+04  1.27160774e-07  4.00118258e-09 
 7.07945784e+04  1.26894200e-07  3.99372020e-09 
 7.24435960e+04  1.26630576e-07  3.98639036e-09 
 7.41310241e+04  1.26369777e-07  3.97919093e-09 
 7.58577575e+04  1.26111674e-07  3.97211981e-09 
 7.76247117e+04  1.25856138e-07  3.96517492e-09 
 7.94328235e+04  1.25603036e-07  3.95835422e-09 
 8.12830516e+04  1.25352236e-07  3.95165569e-09 
 8.31763771e+04  1.25103601e-07  3.94507735e-09 
 8.51138038e+04  1.24856992e-07  3.93861722e-09 
 8.70963590e+04  1.24612270e-07  3.93227338e-09 
 8.91250938e+04  1.24369291e-07  3.92604392e-09 
 9.12010839e+04  1.24127909e-07  3.91992696e-09 
 9.33254301e+04  1.23887975e-07  3.91392065e-09 
 9.54992586e+04  1.23649337e-07  3.90802316e-09 
 9.77237221e+04  1.23411840e-07  3.90223269e-09 
 1.00000000e+05  1.23175326e-07  3.89654748e-09 
 1.02329299e+05  1.22939633e-07  3.89096577e-09 
 1.04712855e+05  1.22704594e-07  3.88548585e-09 
 1.07151931e+05  1.22470040e-07  3.88010602e-09 
 1.09647820e+05  1.22235797e-07  3.87482461e-09 
 1.12201845e+05  1.22001688e-07  3.86963999e-09 
 1.14815362e+05  1.21767529e-07  3.86455054e-09 
 1.17489755e+05  1.21533134e-07  3.85955466e-09 
 1.20226443e+05  1.21298310e-07  3.85465079e-09 
 1.23026877e+05  1.21062860e-07  3.84983739e-09 
 1.25892541e+05  1.20826582e-07  3.84511293e-09 
 1.28824955e+05  1.20589268e-07  3.84047594e-09 
 1.31825674e+05  1.20350704e-07  3.83592493e-09 
 1.34896288e+05  1.20110670e-07  3.83145848e-09 
 1.38038426e+05  1.19868941e-07  3.82707514e-09 
 1.41253754e+05  1.19625284e-07  3.82277354e-09 
 1.44543977e+05  1.19379460e-07  3.81855230e-09 
 1.47910839e+05  1.19131224e-07  3.81441007e-09 
 1.51356125e+05  1.18880323e-07  3.81034552e-09 
 1.54881662e+05  1.18626497e-07  3.80635735e-09 
 1.58489319e+05  1.18369478e-07  3.80244428e-09 
 1.62181010e+05  1.18108991e-07  3.79860506e-09 
 1.65958691e+05  1.17844753e-07  3.79483845e-09 
 1.69824365e+05  1.17576472e-07  3.79114324e-09 
 1.73780083e+05  1.17303849e-07  3.78751824e-09 
 1.77827941e+05  1.17026575e-07  3.78396228e-09 
 1.81970086e+05  1.16744333e-07  3.78047422e-09 
 1.86208714e+05  1.16456798e-07  3.77705294e-09 
 1.90546072e+05  1.16163635e-07  3.77369733e-09 
 1.94984460e+05  1.15864501e-07  3.77040632e-09 
 1.99526231e+05  1.15559040e-07  3.76717884e-09 
 2.04173794e+05  1.15246893e-07  3.76401387e-09 
 2.08929613e+05  1.14927686e-07  3.76091038e-09 
 2.13796209e+05  1.14601039e-07  3.75786739e-09 
 2.18776162e+05  1.14266561e-07  3.75488391e-09 
 2.23872114e+05  1.13923852e-07  3.75195901e-09 
 2.29086765e+05  1.13572503e-07  3.74909174e-09 
 2.34422882e+05  1.13212097e-07  3.74628121e-09 
 2.39883292e+05  1.12842205e-07  3.74352651e-09 
 2.45470892e+05  1.12462393e-07  3.74082679e-09 
 2.51188643e+05  1.12072216e-07  3.73818121e-09 
 2.57039578e+05  1.11671222e-07  3.73558892e-09 
 2.63026799e+05  1.11258952e-07  3.73304913e-09 
 2.69153480e+05  1.10834938e-07  3.73056106e-09 
 2.75422870e+05  1.10398708e-07  3.72812395e-09 
 2.81838293e+05  1.09949781e-07  3.72573704e-09 
 2.88403150e+05  1.09487675e-07  3.72339962e-09 
 2.95120923e+05  1.09011900e-07  3.72111100e-09 
 3.01995172e+05  1.08521966e-07  3.71887049e-09 
 3.09029543e+05  1.08017377e-07  3.71667743e-09 
 3.16227766e+05  1.07497640e-07  3.71453119e-09 
 3.23593657e+05  1.06962259e-07  3.71243115e-09 
 3.31131121e+05  1.06410742e-07  3.71037672e-09 
 3.38844156e+05  1.05842598e-07  3.70836732e-09 
 3.46736850e+05  1.05257344e-07  3.70640242e-09 
 3.54813389e+05  1.04654501e-07  3.70448147e-09 
 3.63078055e+05  1.04033598e-07  3.70260397e-09 
 3.71535229e+05  1.03394178e-07  3.70076943e-09 
 3.80189396e+05  1.02735794e-07  3.69897740e-09 
 3.89045145e+05  1.02058015e-07  3.69722744e-09 
 3.98107171e+05  1.01360427e-07  3.69551912e-09 
 4.07380278e+05  1.00642638e-07  3.69385205e-09 
 4.16869383e+05  9.99042771e-08  3.69222588e-09 
 4.26579519e+05  9.91449992e-08  3.69064024e-09 
 4.36515832e+05  9.83644883e-08  3.68909481e-09 
 4.46683592e+05  9.75624594e-08  3.68758930e-09 
 4.57088190e+05  9.67386623e-08  3.68612344e-09 
 4.67735141e+05  9.58928841e-08  3.68469697e-09 
 4.78630092e+05  9.50249526e-08  3.68330968e-09 
 4.89778819e+05  9.41347394e-08  3.68196136e-09 
 5.01187234e+05  9.32221630e-08  3.68065184e-09 
 5.12861384e+05  9.22871914e-08  3.67938099e-09 
 5.24807460e+05  9.13298457e-08  3.67814867e-09 
 5.37031796e+05  9.03502025e-08  3.67695482e-09 
 5.49540874e+05  8.93483968e-08  3.67579935e-09 
 5.62341325e+05  8.83246241e-08  3.67468225e-09 
 5.75439937e+05  8.72791433e-08  3.67360350e-09 
 5.88843655e+05  8.62122784e-08  3.67256313e-09 
 6.02559586e+05  8.51244200e-08  3.67156121e-09 
 6.16595002e+05  8.40160273e-08  3.67059781e-09 
 6.30957344e+05  8.28876285e-08  3.66967305e-09 
 6.45654229e+05  8.17398220e-08  3.66878709e-09 
 6.60693448e+05  8.05732763e-08  3.66794011e-09 
 6.76082975e+05  7.93887297e-08  3.66713233e-09 
 6.91830971e+05  7.81869899e-08  3.66636399e-09 
 7.07945784e+05  7.69689326e-08  3.66563539e-09 
 7.24435960e+05  7.57354997e-08  3.66494684e-09 
 7.41310241e+05  7.44876973e-08  3.66429870e-09 
 7.58577575e+05  7.32265926e-08  3.66369136e-09 
 7.76247117e+05  7.19533109e-08  3.66312526e-09 
 7.94328235e+05  7.06690317e-08  3.66260086e-09 
 8.12830516e+05  6.93749845e-08  3.66211868e-09 
 8.31763771e+05  6.80724440e-08  3.66167925e-09 
 8.51138038e+05  6.67627250e-08  3.66128316e-09 
 8.70963590e+05  6.54471768e-08  3.66093105e-09 
 8.91250938e+05  6.41271778e-08  3.66062358e-09 
 9.12010839e+05  6.28041284e-08  3.66036146e-09 
 9.33254301e+05  6.14794459e-08  3.66014545e-09 
 9.54992586e+05  6.01545569e-08  3.65997634e-09 
 9.77237221e+05  5.88308914e-08  3.65985498e-09 
 1.00000000e+06  5.75098757e-08  3.65978224e-09 
 1.02329299e+06  5.61929262e-08  3.65975907e-09 
 1.04712855e+06  5.48814426e-08  3.65978643e-09 
 1.07151931e+06  5.35768015e-08  3.65986536e-09 
 1.09647820e+06  5.22803507e-08  3.65999690e-09 
 1.12201845e+06  5.09934030e-08  3.66018220e-09 
 1.14815362e+06  4.97172308e-08  3.66042239e-09 
 1.17489755e+06  4.84530609e-08  3.66071871e-09 
 1.20226443e+06  4.72020701e-08  3.66107240e-09 
 1.23026877e+06  4.59653807e-08  3.66148477e-09 
 1.25892541e+06  4.47440566e-08  3.66195718e-09 
 1.28824955e+06  4.35391004e-08  3.66249104e-09 
 1.31825674e+06  4.23514506e-08  3.66308781e-09 
 1.34896288e+06  4.11819793e-08  3.66374898e-09 
 1.38038426e+06  4.00314902e-08  3.66447611e-09 
 1.41253754e+06  3.89007180e-08  3.66527081e-09 
 1.44543977e+06  3.77903274e-08  3.66613475e-09 
 1.47910839e+06  3.67009129e-08  3.66706962e-09 
 1.51356125e+06  3.56329989e-08  3.66807719e-09 
 1.54881662e+06  3.45870409e-08  3.66915928e-09 
 1.58489319e+06  3.35634259e-08  3.67031775e-09 
 1.62181010e+06  3.25624743e-08  3.67155453e-09 
 1.65958691e+06  3.15844417e-08  3.67287159e-09 
 1.69824365e+06  3.06295204e-08  3.67427097e-09 
 1.73780083e+06  2.96978426e-08  3.67575476e-09 
 1.77827941e+06  2.87894821e-08  3.67732511e-09 
 1.81970086e+06  2.79044577e-08  3.67898424e-09 
 1.86208714e+06  2.70427355e-08  3.68073443e-09 
 1.90546072e+06  2.62042325e-08  3.68257802e-09 
 1.94984460e+06  2.53888189e-08  3.68451741e-09 
 1.99526231e+06  2.45963221e-08  3.68655511e-09 
 2.04173794e+06  2.38265292e-08  3.68869366e-09 
 2.08929613e+06  2.30791903e-08  3.69093571e-09 
 2.13796209e+06  2.23540218e-08  3.69328399e-09 
 2.18776162e+06  2.16507094e-08  3.69574131e-09 
 2.23872114e+06  2.09689111e-08  3.69831059e-09 
 2.29086765e+06  2.03082599e-08  3.70099484e-09 
 2.34422882e+06  1.96683670e-08  3.70379718e-09 
 2.39883292e+06  1.90488245e-08  3.70672087e-09 
 2.45470892e+06  1.84492079e-08  3.70976926e-09 
 2.51188643e+06  1.78690784e-08  3.71294586e-09 
 2.57039578e+06  1.73079857e-08  3.71625432e-09 
 2.63026799e+06  1.67654701e-08  3.71969843e-09 
 2.69153480e+06  1.62410644e-08  3.72328216e-09 
 2.75422870e+06  1.57342962e-08  3.72700965e-09 
 2.81838293e+06  1.52446893e-08  3.73088524e-09 
 2.88403150e+06  1.47717660e-08  3.73491346e-09 
 2.95120923e+06  1.43150483e-08  3.73909907e-09 
 3.01995172e+06  1.38740591e-08  3.74344703e-09 
 3.09029543e+06  1.34483243e-08  3.74796259e-09 
 3.16227766e+06  1.30373732e-08  3.75265121e-09 
 3.23593657e+06  1.26407401e-08  3.75751868e-09 
 3.31131121e+06  1.22579651e-08  3.76257104e-09 
 3.38844156e+06  1.18885947e-08  3.76781464e-09 
 3.46736850e+06  1.15321832e-08  3.77325619e-09 
 3.54813389e+06  1.11882929e-08  3.77890270e-09 
 3.63078055e+06  1.08564947e-08  3.78476155e-09 
 3.71535229e+06  1.05363688e-08  3.79084052e-09 
 3.80189396e+06  1.02275049e-08  3.79714775e-09 
 3.89045145e+06  9.92950268e-09  3.80369181e-09 
 3.98107171e+06  9.64197218e-09  3.81048168e-09 
 4.07380278e+06  9.36453375e-09  3.81752680e-09 
 4.16869383e+06  9.09681838e-09  3.82483705e-09 
 4.26579519e+06  8.83846775e-09  3.83242280e-09 
 4.36515832e+06  8.58913429e-09  3.84029490e-09 
 4.46683592e+06  8.34848118e-09  3.84846472e-09 
 4.57088190e+06  8.11618234e-09  3.85694413e-09 
 4.67735141e+06  7.89192230e-09  3.86574554e-09 
 4.78630092e+06  7.67539618e-09  3.87488192e-09 
 4.89778819e+06  7.46630949e-09  3.88436679e-09 
 5.01187234e+06  7.26437798e-09  3.89421423e-09 
 5.12861384e+06  7.06932750e-09  3.90443893e-09 
 5.24807460e+06  6.88089377e-09  3.91505615e-09 
 5.37031796e+06  6.69882214e-09  3.92608176e-09 
 5.49540874e+06  6.52286742e-09  3.93753224e-09 
 5.62341325e+06  6.35279358e-09  3.94942468e-09 
 5.75439937e+06  6.18837351e-09  3.96177681e-09 
 5.88843655e+06  6.02938879e-09  3.97460697e-09 
 6.02559586e+06  5.87562938e-09  3.98793414e-09 
 6.16595002e+06  5.72689340e-09  4.00177793e-09 
 6.30957344e+06  5.58298679e-09  4.01615860e-09 
 6.45654229e+06  5.44372310e-09  4.03109702e-09 
 6.60693448e+06  5.30892320e-09  4.04661471e-09 
 6.76082975e+06  5.17841496e-09  4.06273382e-09 
 6.91830971e+06  5.05203307e-09  4.07947711e-09 
 7.07945784e+06  4.92961870e-09  4.09686798e-09 
 7.24435960e+06  4.81101925e-09  4.11493040e-09 
 7.41310241e+06  4.69608815e-09  4.13368898e-09 
 7.58577575e+06  4.58468452e-09  4.15316888e-09 
 7.76247117e+06  4.47667301e-09  4.17339584e-09 
 7.94328235e+06  4.37192350e-09  4.19439616e-09 
 8.12830516e+06  4.27031093e-09  4.21619667e-09 
 8.31763771e+06  4.17171500e-09  4.23882469e-09 
 8.51138038e+06  4.07602003e-09  4.26230804e-09 
 8.70963590e+06  3.98311471e-09  4.28667502e-09 
 8.91250938e+06  3.89289192e-09  4.31195431e-09 
 9.12010839e+06  3.80524852e-09  4.33817502e-09 
 9.33254301e+06  3.72008520e-09  4.36536661e-09 
 9.54992586e+06  3.63730627e-09  4.39355888e-09 
 9.77237221e+06  3.55681953e-09  4.42278188e-09 
 1.00000000e+07  3.47853608e-09  4.45306592e-09 
 1.02329299e+07  3.40237020e-09  4.48444150e-09 
 1.04712855e+07  3.32823920e-09  4.51693924e-09 
 1.07151931e+07  3.25606329e-09  4.55058988e-09 
 1.09647820e+07  3.18576544e-09  4.58542417e-09 
 1.12201845e+07  3.11727130e-09  4.62147283e-09 
 1.14815362e+07  3.05050904e-09  4.65876649e-09 
 1.17489755e+07  2.98540930e-09  4.69733564e-09 
 1.20226443e+07  2.92190506e-09  4.73721054e-09 
 1.23026877e+07  2.85993160e-09  4.77842113e-09 
 1.25892541e+07  2.79942633e-09  4.82099702e-09 
 1.28824955e+07  2.74032883e-09  4.86496733e-09 
 1.31825674e+07  2.68258068e-09  4.91036070e-09 
 1.34896288e+07  2.62612546e-09  4.95720511e-09 
 1.38038426e+07  2.57090867e-09  5.00552789e-09 
 1.41253754e+07  2.51687769e-09  5.05535554e-09 
 1.44543977e+07  2.46398171e-09  5.10671372e-09 
 1.47910839e+07  2.41217171e-09  5.15962712e-09 
 1.51356125e+07  2.36140042e-09  5.21411936e-09 
 1.54881662e+07  2.31162228e-09  5.27021290e-09 
 1.58489319e+07  2.26279342e-09  5.32792896e-09 
 1.62181010e+07  2.21487162e-09  5.38728739e-09 
 1.65958691e+07  2.16781631e-09  5.44830660e-09 
 1.69824365e+07  2.12158855e-09  5.51100346e-09 
 1.73780083e+07  2.07615102e-09  5.57539317e-09 
 1.77827941e+07  2.03146798e-09  5.64148919e-09 
 1.81970086e+07  1.98750535e-09  5.70930314e-09 
 1.86208714e+07  1.94423060e-09  5.77884470e-09 
 1.90546072e+07  1.90161286e-09  5.85012153e-09 
 1.94984460e+07  1.85962287e-09  5.92313918e-09 
 1.99526231e+07  1.81823300e-09  5.99790098e-09 
 2.04173794e+07  1.77741729e-09  6.07440802e-09 
 2.08929613e+07  1.73715146e-09  6.15265904e-09 
 2.13796209e+07  1.69741292e-09  6.23265039e-09 
 2.18776162e+07  1.65818083e-09  6.31437598e-09 
 2.23872114e+07  1.61943609e-09  6.39782725e-09 
 2.29086765e+07  1.58116141e-09  6.48299313e-09 
 2.34422882e+07  1.54334131e-09  6.56986006e-09 
 2.39883292e+07  1.50596213e-09  6.65841197e-09 
 2.45470892e+07  1.46901212e-09  6.74863033e-09 
 2.51188643e+07  1.43248138e-09  6.84049420e-09 
 2.57039578e+07  1.39636194e-09  6.93398027e-09 
 2.63026799e+07  1.36064771e-09  7.02906300e-09 
 2.69153480e+07  1.32533452e-09  7.12571468e-09 
 2.75422870e+07  1.29042006e-09  7.22390563e-09 
 2.81838293e+07  1.25590389e-09  7.32360430e-09 
 2.88403150e+07  1.22178735e-09  7.42477752e-09 
 2.95120923e+07  1.18807354e-09  7.52739072e-09 
 3.01995172e+07  1.15476721e-09  7.63140813e-09 
 3.09029543e+07  1.12187469e-09  7.73679309e-09 
 3.16227766e+07  1.08940374e-09  7.84350835e-09 
 3.23593657e+07  1.05736345e-09  7.95151641e-09 
 3.31131121e+07  1.02576406e-09  8.06077983e-09 
 3.38844156e+07  9.94616832e-10  8.17126167e-09 
 3.46736850e+07  9.63933860e-10  8.28292584e-09 
 3.54813389e+07  9.33727871e-10  8.39573753e-09 
 3.63078055e+07  9.04012047e-10  8.50966368e-09 
 3.71535229e+07  8.74799822e-10  8.62467338e-09 
 3.80189396e+07  8.46104681e-10  8.74073842e-09 
 3.89045145e+07  8.17939968e-10  8.85783368e-09 
 3.98107171e+07  7.90318691e-10  8.97593770e-09 
 4.07380278e+07  7.63253341e-10  9.09503312e-09 
 4.16869383e+07  7.36755723e-10  9.21510722e-09 
 4.26579519e+07  7.10836796e-10  9.33615242e-09 
 4.36515832e+07  6.85506537e-10  9.45816677e-09 
 4.46683592e+07  6.60773819e-10  9.58115447e-09 
 4.57088190e+07  6.36646309e-10  9.70512636e-09 
 4.67735141e+07  6.13130387e-10  9.83010041e-09 
 4.78630092e+07  5.90231084e-10  9.95610226e-09 
 4.89778819e+07  5.67952045e-10  1.00831656e-08 
 5.01187234e+07  5.46295504e-10  1.02113328e-08 
 5.12861384e+07  5.25262285e-10  1.03406552e-08 
 5.24807460e+07  5.04851817e-10  1.04711938e-08 
 5.37031796e+07  4.85062160e-10  1.06030194e-08 
 5.49540874e+07  4.65890057e-10  1.07362133e-08 
 5.62341325e+07  4.47330984e-10  1.08708678e-08 
 5.75439937e+07  4.29379218e-10  1.10070864e-08 
 5.88843655e+07  4.12027915e-10  1.11449844e-08 
 6.02559586e+07  3.95269183e-10  1.12846894e-08 
 6.16595002e+07  3.79094177e-10  1.14263415e-08 
 6.30957344e+07  3.63493175e-10  1.15700942e-08 
 6.45654229e+07  3.48455679e-10  1.17161142e-08 
 6.60693448e+07  3.33970495e-10  1.18645827e-08 
 6.76082975e+07  3.20025825e-10  1.20156953e-08 
 6.91830971e+07  3.06609350e-10  1.21696626e-08 
 7.07945784e+07  2.93708316e-10  1.23267111e-08 
 7.24435960e+07  2.81309609e-10  1.24870832e-08 
 7.41310241e+07  2.69399832e-10  1.26510385e-08 
 7.58577575e+07  2.57965375e-10  1.28188538e-08 
 7.76247117e+07  2.46992478e-10  1.29908242e-08 
 7.94328235e+07  2.36467295e-10  1.31672635e-08 
 8.12830516e+07  2.26375945e-10  1.33485054e-08 
 8.31763771e+07  2.16704567e-10  1.35349038e-08 
 8.51138038e+07  2.07439361e-10  1.37268342e-08 
 8.70963590e+07  1.98566634e-10  1.39246943e-08 
 8.91250938e+07  1.90072830e-10  1.41289052e-08 
 9.12010839e+07  1.81944569e-10  1.43399122e-08 
 9.33254301e+07  1.74168670e-10  1.45581864e-08 
 9.54992586e+07  1.66732177e-10  1.47842256e-08 
 9.77237221e+07  1.59622380e-10  1.50185556e-08 
 1.00000000e+08  1.52826834e-10  1.52617319e-08 
 1.02329299e+08  1.46333371e-10  1.55143410e-08 
 1.04712855e+08  1.40130113e-10  1.57770018e-08 
 1.07151931e+08  1.34205484e-10  1.60503676e-08 
 1.09647820e+08  1.28548213e-10  1.63351280e-08 
 1.12201845e+08  1.23147344e-10  1.66320103e-08 
 1.14815362e+08  1.17992236e-10  1.69417820e-08 
 1.17489755e+08  1.13072566e-10  1.72652528e-08 
 1.20226443e+08  1.08378333e-10  1.76032769e-08 
 1.23026877e+08  1.03899852e-10  1.79567551e-08 
 1.25892541e+08  9.96277580e-11  1.83266379e-08 
 1.28824955e+08  9.55529983e-11  1.87139278e-08 
 1.31825674e+08  9.16668335e-11  1.91196820e-08 
 1.34896288e+08  8.79608316e-11  1.95450159e-08 
 1.38038426e+08  8.44268635e-11  1.99911056e-08 
 1.41253754e+08  8.10570987e-11  2.04591916e-08 
 1.44543977e+08  7.78439992e-11  2.09505823e-08 
 1.47910839e+08  7.47803139e-11  2.14666571e-08 
 1.51356125e+08  7.18590728e-11  2.20088710e-08 
 1.54881662e+08  6.90735804e-11  2.25787577e-08 
 1.58489319e+08  6.64174090e-11  2.31779346e-08 
 1.62181010e+08  6.38843928e-11  2.38081065e-08 
 1.65958691e+08  6.14686202e-11  2.44710704e-08 
 1.69824365e+08  5.91644277e-11  2.51687203e-08 
 1.73780083e+08  5.69663925e-11  2.59030520e-08 
 1.77827941e+08  5.48693258e-11  2.66761684e-08 
 1.81970086e+08  5.28682655e-11  2.74902845e-08 
 1.86208714e+08  5.09584699e-11  2.83477333e-08 
 1.90546072e+08  4.91354101e-11  2.92509713e-08 
 1.94984460e+08  4.73947633e-11  3.02025844e-08 
 1.99526231e+08  4.57324059e-11  3.12052944e-08 
 2.04173794e+08  4.41444070e-11  3.22619646e-08 
 2.08929613e+08  4.26270210e-11  3.33756073e-08 
 2.13796209e+08  4.11766815e-11  3.45493894e-08 
 2.18776162e+08  3.97899944e-11  3.57866403e-08 
 2.23872114e+08  3.84637316e-11  3.70908582e-08 
 2.29086765e+08  3.71948243e-11  3.84657177e-08 
 2.34422882e+08  3.59803571e-11  3.99150772e-08 
 2.39883292e+08  3.48175612e-11  4.14429863e-08 
 2.45470892e+08  3.37038092e-11  4.30536934e-08 
 2.51188643e+08  3.26366083e-11  4.47516538e-08 
 2.57039578e+08  3.16135949e-11  4.65415373e-08 
 2.63026799e+08  3.06325292e-11  4.84282365e-08 
 2.69153480e+08  2.96912889e-11  5.04168745e-08 
 2.75422870e+08  2.87878647e-11  5.25128137e-08 
 2.81838293e+08  2.79203544e-11  5.47216633e-08 
 2.88403150e+08  2.70869581e-11  5.70492883e-08 
 2.95120923e+08  2.62859733e-11  5.95018174e-08 
 3.01995172e+08  2.55157899e-11  6.20856513e-08 
 3.09029543e+08  2.47748861e-11  6.48074714e-08 
 3.16227766e+08  2.40618232e-11  6.76742475e-08 
 3.23593657e+08  2.33752422e-11  7.06932469e-08 
 3.31131121e+08  2.27138587e-11  7.38720419e-08 
 3.38844156e+08  2.20764598e-11  7.72185183e-08 
 3.46736850e+08  2.14618999e-11  8.07408836e-08 
 3.54813389e+08  2.08690971e-11  8.44476745e-08 
 3.63078055e+08  2.02970297e-11  8.83477655e-08 
 3.71535229e+08  1.97447328e-11  9.24503759e-08 
 3.80189396e+08  1.92112953e-11  9.67650779e-08 
 3.89045145e+08  1.86958569e-11  1.01301804e-07 
 3.98107171e+08  1.81976050e-11  1.06070854e-07 
 4.07380278e+08  1.77157719e-11  1.11082901e-07 
 4.16869383e+08  1.72496325e-11  1.16349002e-07 
 4.26579519e+08  1.67985017e-11  1.21880598e-07 
 4.36515832e+08  1.63617319e-11  1.27689528e-07 
 4.46683592e+08  1.59387111e-11  1.33788027e-07 
 4.57088190e+08  1.55288603e-11  1.40188738e-07 
 4.67735141e+08  1.51316321e-11  1.46904713e-07 
 4.78630092e+08  1.47465085e-11  1.53949420e-07 
 4.89778819e+08  1.43729989e-11  1.61336745e-07 
 5.01187234e+08  1.40106392e-11  1.69080997e-07 
 5.12861384e+08  1.36589893e-11  1.77196913e-07 
 5.24807460e+08  1.33176322e-11  1.85699655e-07 
 5.37031796e+08  1.29861727e-11  1.94604817e-07 
 5.49540874e+08  1.26642355e-11  2.03928420e-07 
 5.62341325e+08  1.23514647e-11  2.13686917e-07 
 5.75439937e+08  1.20475220e-11  2.23897189e-07 
 5.88843655e+08  1.17520861e-11  2.34576541e-07 
 6.02559586e+08  1.14648516e-11  2.45742702e-07 
 6.16595002e+08  1.11855276e-11  2.57413816e-07 
 6.30957344e+08  1.09138376e-11  2.69608437e-07 
 6.45654229e+08  1.06495179e-11  2.82345520e-07 
 6.60693448e+08  1.03923174e-11  2.95644412e-07 
 6.76082975e+08  1.01419964e-11  3.09524838e-07 
 6.91830971e+08  9.89832649e-12  3.24006888e-07 
 7.07945784e+08  9.66108923e-12  3.39111001e-07 
 7.24435960e+08  9.43007608e-12  3.54857947e-07 
 7.41310241e+08  9.20508761e-12  3.71268804e-07 
 7.58577575e+08  8.98593303e-12  3.88364937e-07 
 7.76247117e+08  8.77242970e-12  4.06167972e-07 
 7.94328235e+08  8.56440267e-12  4.24699764e-07 
 8.12830516e+08  8.36168424e-12  4.43982370e-07 
 8.31763771e+08  8.16411360e-12  4.64038014e-07 
 8.51138038e+08  7.97153641e-12  4.84889049e-07 
 8.70963590e+08  7.78380446e-12  5.06557917e-07 
 8.91250938e+08  7.60077538e-12  5.29067109e-07 
 9.12010839e+08  7.42231228e-12  5.52439120e-07 
 9.33254301e+08  7.24828350e-12  5.76696400e-07 
 9.54992586e+08  7.07856232e-12  6.01861303e-07 
 9.77237221e+08  6.91302673e-12  6.27956042e-07 
 1.00000000e+09  6.75155917e-12  6.55002626e-07 
