 frequency       onoise_spectrum inoise_spectrum
 1.00000000e+00  2.73678888e-05  8.61990926e-07 
 1.02329299e+00  2.70620010e-05  8.52356551e-07 
 1.04712855e+00  2.67595553e-05  8.42830588e-07 
 1.07151931e+00  2.64605127e-05  8.33411813e-07 
 1.09647820e+00  2.61648348e-05  8.24099013e-07 
 1.12201845e+00  2.58724835e-05  8.14890989e-07 
 1.14815362e+00  2.55834212e-05  8.05786557e-07 
 1.17489755e+00  2.52976107e-05  7.96784546e-07 
 1.20226443e+00  2.50150153e-05  7.87883797e-07 
 1.23026877e+00  2.47355985e-05  7.79083166e-07 
 1.25892541e+00  2.44593246e-05  7.70381521e-07 
 1.28824955e+00  2.41861578e-05  7.61777743e-07 
 1.31825674e+00  2.39160632e-05  7.53270725e-07 
 1.34896288e+00  2.36490060e-05  7.44859374e-07 
 1.38038426e+00  2.33849518e-05  7.36542609e-07 
 1.41253754e+00  2.31238667e-05  7.28319360e-07 
 1.44543977e+00  2.28657172e-05  7.20188570e-07 
 1.47910839e+00  2.26104700e-05  7.12149195e-07 
 1.51356125e+00  2.23580925e-05  7.04200201e-07 
 1.54881662e+00  2.21085520e-05  6.96340568e-07 
 1.58489319e+00  2.18618167e-05  6.88569284e-07 
 1.62181010e+00  2.16178547e-05  6.80885352e-07 
 1.65958691e+00  2.13766348e-05  6.73287786e-07 
 1.69824365e+00  2.11381260e-05  6.65775608e-07 
 1.73780083e+00  2.09022976e-05  6.58347855e-07 
 1.77827941e+00  2.06691194e-05  6.51003572e-07 
 1.81970086e+00  2.04385614e-05  6.43741817e-07 
 1.86208714e+00  2.02105940e-05  6.36561657e-07 
 1.90546072e+00  1.99851880e-05  6.29462170e-07 
 1.94984460e+00  1.97623144e-05  6.22442446e-07 
 1.99526231e+00  1.95419446e-05  6.15501584e-07 
 2.04173794e+00  1.93240504e-05  6.08638692e-07 
 2.08929613e+00  1.91086037e-05  6.01852890e-07 
 2.13796209e+00  1.88955770e-05  5.95143308e-07 
 2.18776162e+00  1.86849429e-05  5.88509085e-07 
 2.23872114e+00  1.84766744e-05  5.81949370e-07 
 2.29086765e+00  1.82707448e-05  5.75463321e-07 
 2.34422882e+00  1.80671276e-05  5.69050107e-07 
 2.39883292e+00  1.78657968e-05  5.62708905e-07 
 2.45470892e+00  1.76667266e-05  5.56438903e-07 
 2.51188643e+00  1.74698914e-05  5.50239296e-07 
 2.57039578e+00  1.72752660e-05  5.44109290e-07 
 2.63026799e+00  1.70828255e-05  5.38048099e-07 
 2.69153480e+00  1.68925452e-05  5.32054947e-07 
 2.75422870e+00  1.67044006e-05  5.26129066e-07 
 2.81838293e+00  1.65183678e-05  5.20269695e-07 
 2.88403150e+00  1.63344229e-05  5.14476085e-07 
 2.95120923e+00  1.61525423e-05  5.08747494e-07 
 3.01995172e+00  1.59727026e-05  5.03083187e-07 
 3.09029543e+00  1.57948810e-05  4.97482439e-07 
 3.16227766e+00  1.56190546e-05  4.91944534e-07 
 3.23593657e+00  1.54452009e-05  4.86468762e-07 
 3.31131121e+00  1.52732976e-05  4.81054421e-07 
 3.38844156e+00  1.51033227e-05  4.75700820e-07 
 3.46736850e+00  1.49352546e-05  4.70407272e-07 
 3.54813389e+00  1.47690716e-05  4.65173101e-07 
 3.63078055e+00  1.46047525e-05  4.59997636e-07 
 3.71535229e+00  1.44422763e-05  4.54880215e-07 
 3.80189396e+00  1.42816222e-05  4.49820184e-07 
 3.89045145e+00  1.41227697e-05  4.44816895e-07 
 3.98107171e+00  1.39656984e-05  4.39869708e-07 
 4.07380278e+00  1.38103882e-05  4.34977992e-07 
 4.16869383e+00  1.36568193e-05  4.30141119e-07 
 4.26579519e+00  1.35049721e-05  4.25358472e-07 
 4.36515832e+00  1.33548271e-05  4.20629440e-07 
 4.46683592e+00  1.32063651e-05  4.15953418e-07 
 4.57088190e+00  1.30595672e-05  4.11329807e-07 
 4.67735141e+00  1.29144146e-05  4.06758018e-07 
 4.78630092e+00  1.27708888e-05  4.02237467e-07 
 4.89778819e+00  1.26289714e-05  3.97767574e-07 
 5.01187234e+00  1.24886443e-05  3.93347771e-07 
 5.12861384e+00  1.23498896e-05  3.88977491e-07 
 5.24807460e+00  1.22126895e-05  3.84656177e-07 
 5.37031796e+00  1.20770265e-05  3.80383278e-07 
 5.49540874e+00  1.19428833e-05  3.76158247e-07 
 5.62341325e+00  1.18102429e-05  3.71980544e-07 
 5.75439937e+00  1.16790881e-05  3.67849638e-07 
 5.88843655e+00  1.15494024e-05  3.63765000e-07 
 6.02559586e+00  1.14211692e-05  3.59726109e-07 
 6.16595002e+00  1.12943720e-05  3.55732451e-07 
 6.30957344e+00  1.11689947e-05  3.51783514e-07 
 6.45654229e+00  1.10450214e-05  3.47878796e-07 
 6.60693448e+00  1.09224362e-05  3.44017798e-07 
 6.76082975e+00  1.08012234e-05  3.40200028e-07 
 6.91830971e+00  1.06813677e-05  3.36425000e-07 
 7.07945784e+00  1.05628536e-05  3.32692231e-07 
 7.24435960e+00  1.04456663e-05  3.29001246e-07 
 7.41310241e+00  1.03297906e-05  3.25351575e-07 
 7.58577575e+00  1.02152118e-05  3.21742751e-07 
 7.76247117e+00  1.01019153e-05  3.18174316e-07 
 7.94328235e+00  9.98988669e-06  3.14645815e-07 
 8.12830516e+00  9.87911169e-06  3.11156797e-07 
 8.31763771e+00  9.76957618e-06  3.07706819e-07 
 8.51138038e+00  9.66126621e-06  3.04295441e-07 
 8.70963590e+00  9.55416799e-06  3.00922229e-07 
 8.91250938e+00  9.44826787e-06  2.97586753e-07 
 9.12010839e+00  9.34355237e-06  2.94288588e-07 
 9.33254301e+00  9.24000816e-06  2.91027315e-07 
 9.54992586e+00  9.13762206e-06  2.87802517e-07 
 9.77237221e+00  9.03638104e-06  2.84613786e-07 
 1.00000000e+01  8.93627222e-06  2.81460715e-07 
 1.02329299e+01  8.83728285e-06  2.78342903e-07 
 1.04712855e+01  8.73940035e-06  2.75259953e-07 
 1.07151931e+01  8.64261226e-06  2.72211474e-07 
 1.09647820e+01  8.54690627e-06  2.69197076e-07 
 1.12201845e+01  8.45227021e-06  2.66216378e-07 
 1.14815362e+01  8.35869205e-06  2.63268999e-07 
 1.17489755e+01  8.26615989e-06  2.60354566e-07 
 1.20226443e+01  8.17466196e-06  2.57472708e-07 
 1.23026877e+01  8.08418665e-06  2.54623058e-07 
 1.25892541e+01  7.99472244e-06  2.51805254e-07 
 1.28824955e+01  7.90625797e-06  2.49018939e-07 
 1.31825674e+01  7.81878200e-06  2.46263758e-07 
 1.34896288e+01  7.73228343e-06  2.43539361e-07 
 1.38038426e+01  7.64675125e-06  2.40845402e-07 
 1.41253754e+01  7.56217462e-06  2.38181540e-07 
 1.44543977e+01  7.47854279e-06  2.35547435e-07 
 1.47910839e+01  7.39584514e-06  2.32942754e-07 
 1.51356125e+01  7.31407117e-06  2.30367166e-07 
 1.54881662e+01  7.23321051e-06  2.27820343e-07 
 1.58489319e+01  7.15325289e-06  2.25301963e-07 
 1.62181010e+01  7.07418817e-06  2.22811707e-07 
 1.65958691e+01  6.99600632e-06  2.20349257e-07 
 1.69824365e+01  6.91869742e-06  2.17914302e-07 
 1.73780083e+01  6.84225165e-06  2.15506533e-07 
 1.77827941e+01  6.76665934e-06  2.13125645e-07 
 1.81970086e+01  6.69191089e-06  2.10771335e-07 
 1.86208714e+01  6.61799683e-06  2.08443306e-07 
 1.90546072e+01  6.54490778e-06  2.06141261e-07 
 1.94984460e+01  6.47263448e-06  2.03864910e-07 
 1.99526231e+01  6.40116778e-06  2.01613964e-07 
 2.04173794e+01  6.33049862e-06  1.99388137e-07 
 2.08929613e+01  6.26061805e-06  1.97187148e-07 
 2.13796209e+01  6.19151720e-06  1.95010718e-07 
 2.18776162e+01  6.12318734e-06  1.92858571e-07 
 2.23872114e+01  6.05561981e-06  1.90730435e-07 
 2.29086765e+01  5.98880605e-06  1.88626039e-07 
 2.34422882e+01  5.92273761e-06  1.86545119e-07 
 2.39883292e+01  5.85740612e-06  1.84487410e-07 
 2.45470892e+01  5.79280332e-06  1.82452652e-07 
 2.51188643e+01  5.72892102e-06  1.80440587e-07 
 2.57039578e+01  5.66575115e-06  1.78450962e-07 
 2.63026799e+01  5.60328572e-06  1.76483523e-07 
 2.69153480e+01  5.54151682e-06  1.74538023e-07 
 2.75422870e+01  5.48043664e-06  1.72614215e-07 
 2.81838293e+01  5.42003747e-06  1.70711857e-07 
 2.88403150e+01  5.36031166e-06  1.68830707e-07 
 2.95120923e+01  5.30125166e-06  1.66970527e-07 
 3.01995172e+01  5.24285001e-06  1.65131084e-07 
 3.09029543e+01  5.18509933e-06  1.63312143e-07 
 3.16227766e+01  5.12799233e-06  1.61513476e-07 
 3.23593657e+01  5.07152178e-06  1.59734855e-07 
 3.31131121e+01  5.01568056e-06  1.57976056e-07 
 3.38844156e+01  4.96046161e-06  1.56236856e-07 
 3.46736850e+01  4.90585796e-06  1.54517036e-07 
 3.54813389e+01  4.85186272e-06  1.52816378e-07 
 3.63078055e+01  4.79846907e-06  1.51134668e-07 
 3.71535229e+01  4.74567027e-06  1.49471694e-07 
 3.80189396e+01  4.69345966e-06  1.47827246e-07 
 3.89045145e+01  4.64183065e-06  1.46201117e-07 
 3.98107171e+01  4.59077674e-06  1.44593100e-07 
 4.07380278e+01  4.54029147e-06  1.43002994e-07 
 4.16869383e+01  4.49036848e-06  1.41430598e-07 
 4.26579519e+01  4.44100147e-06  1.39875714e-07 
 4.36515832e+01  4.39218424e-06  1.38338145e-07 
 4.46683592e+01  4.34391061e-06  1.36817697e-07 
 4.57088190e+01  4.29617450e-06  1.35314180e-07 
 4.67735141e+01  4.24896991e-06  1.33827404e-07 
 4.78630092e+01  4.20229088e-06  1.32357181e-07 
 4.89778819e+01  4.15613152e-06  1.30903326e-07 
 5.01187234e+01  4.11048604e-06  1.29465656e-07 
 5.12861384e+01  4.06534868e-06  1.28043990e-07 
 5.24807460e+01  4.02071375e-06  1.26638149e-07 
 5.37031796e+01  3.97657565e-06  1.25247956e-07 
 5.49540874e+01  3.93292880e-06  1.23873236e-07 
 5.62341325e+01  3.88976772e-06  1.22513816e-07 
 5.75439937e+01  3.84708698e-06  1.21169525e-07 
 5.88843655e+01  3.80488121e-06  1.19840193e-07 
 6.02559586e+01  3.76314509e-06  1.18525654e-07 
 6.16595002e+01  3.72187339e-06  1.17225743e-07 
 6.30957344e+01  3.68106090e-06  1.15940295e-07 
 6.45654229e+01  3.64070250e-06  1.14669150e-07 
 6.60693448e+01  3.60079312e-06  1.13412146e-07 
 6.76082975e+01  3.56132774e-06  1.12169127e-07 
 6.91830971e+01  3.52230140e-06  1.10939937e-07 
 7.07945784e+01  3.48370919e-06  1.09724420e-07 
 7.24435960e+01  3.44554628e-06  1.08522424e-07 
 7.41310241e+01  3.40780785e-06  1.07333798e-07 
 7.58577575e+01  3.37048919e-06  1.06158394e-07 
 7.76247117e+01  3.33358559e-06  1.04996062e-07 
 7.94328235e+01  3.29709243e-06  1.03846657e-07 
 8.12830516e+01  3.26100513e-06  1.02710036e-07 
 8.31763771e+01  3.22531915e-06  1.01586055e-07 
 8.51138038e+01  3.19003003e-06  1.00474574e-07 
 8.70963590e+01  3.15513333e-06  9.93754518e-08 
 8.91250938e+01  3.12062467e-06  9.82885522e-08 
 9.12010839e+01  3.08649973e-06  9.72137384e-08 
 9.33254301e+01  3.05275423e-06  9.61508755e-08 
 9.54992586e+01  3.01938394e-06  9.50998303e-08 
 9.77237221e+01  2.98638468e-06  9.40604712e-08 
 1.00000000e+02  2.95375230e-06  9.30326677e-08 
 1.02329299e+02  2.92148273e-06  9.20162912e-08 
 1.04712855e+02  2.88957191e-06  9.10112143e-08 
 1.07151931e+02  2.85801586e-06  9.00173111e-08 
 1.09647820e+02  2.82681061e-06  8.90344572e-08 
 1.12201845e+02  2.79595227e-06  8.80625294e-08 
 1.14815362e+02  2.76543696e-06  8.71014061e-08 
 1.17489755e+02  2.73526087e-06  8.61509669e-08 
 1.20226443e+02  2.70542023e-06  8.52110930e-08 
 1.23026877e+02  2.67591129e-06  8.42816668e-08 
 1.25892541e+02  2.64673037e-06  8.33625718e-08 
 1.28824955e+02  2.61787381e-06  8.24536933e-08 
 1.31825674e+02  2.58933802e-06  8.15549174e-08 
 1.34896288e+02  2.56111941e-06  8.06661319e-08 
 1.38038426e+02  2.53321446e-06  7.97872255e-08 
 1.41253754e+02  2.50561968e-06  7.89180886e-08 
 1.44543977e+02  2.47833163e-06  7.80586123e-08 
 1.47910839e+02  2.45134690e-06  7.72086894e-08 
 1.51356125e+02  2.42466210e-06  7.63682136e-08 
 1.54881662e+02  2.39827392e-06  7.55370800e-08 
 1.58489319e+02  2.37217905e-06  7.47151847e-08 
 1.62181010e+02  2.34637424e-06  7.39024252e-08 
 1.65958691e+02  2.32085626e-06  7.30987000e-08 
 1.69824365e+02  2.29562194e-06  7.23039087e-08 
 1.73780083e+02  2.27066811e-06  7.15179522e-08 
 1.77827941e+02  2.24599167e-06  7.07407323e-08 
 1.81970086e+02  2.22158953e-06  6.99721522e-08 
 1.86208714e+02  2.19745867e-06  6.92121160e-08 
 1.90546072e+02  2.17359605e-06  6.84605288e-08 
 1.94984460e+02  2.14999872e-06  6.77172971e-08 
 1.99526231e+02  2.12666372e-06  6.69823280e-08 
 2.04173794e+02  2.10358816e-06  6.62555300e-08 
 2.08929613e+02  2.08076915e-06  6.55368126e-08 
 2.13796209e+02  2.05820384e-06  6.48260862e-08 
 2.18776162e+02  2.03588944e-06  6.41232622e-08 
 2.23872114e+02  2.01382316e-06  6.34282531e-08 
 2.29086765e+02  1.99200225e-06  6.27409723e-08 
 2.34422882e+02  1.97042400e-06  6.20613344e-08 
 2.39883292e+02  1.94908571e-06  6.13892546e-08 
 2.45470892e+02  1.92798474e-06  6.07246493e-08 
 2.51188643e+02  1.90711846e-06  6.00674359e-08 
 2.57039578e+02  1.88648426e-06  5.94175326e-08 
 2.63026799e+02  1.86607960e-06  5.87748584e-08 
 2.69153480e+02  1.84590192e-06  5.81393335e-08 
 2.75422870e+02  1.82594871e-06  5.75108789e-08 
 2.81838293e+02  1.80621751e-06  5.68894164e-08 
 2.88403150e+02  1.78670584e-06  5.62748688e-08 
 2.95120923e+02  1.76741130e-06  5.56671597e-08 
 3.01995172e+02  1.74833148e-06  5.50662135e-08 
 3.09029543e+02  1.72946401e-06  5.44719557e-08 
 3.16227766e+02  1.71080655e-06  5.38843123e-08 
 3.23593657e+02  1.69235678e-06  5.33032105e-08 
 3.31131121e+02  1.67411241e-06  5.27285780e-08 
 3.38844156e+02  1.65607117e-06  5.21603436e-08 
 3.46736850e+02  1.63823083e-06  5.15984366e-08 
 3.54813389e+02  1.62058916e-06  5.10427873e-08 
 3.63078055e+02  1.60314399e-06  5.04933269e-08 
 3.71535229e+02  1.58589315e-06  4.99499871e-08 
 3.80189396e+02  1.56883450e-06  4.94127006e-08 
 3.89045145e+02  1.55196591e-06  4.88814006e-08 
 3.98107171e+02  1.53528531e-06  4.83560214e-08 
 4.07380278e+02  1.51879062e-06  4.78364977e-08 
 4.16869383e+02  1.50247980e-06  4.73227653e-08 
 4.26579519e+02  1.48635083e-06  4.68147604e-08 
 4.36515832e+02  1.47040170e-06  4.63124201e-08 
 4.46683592e+02  1.45463044e-06  4.58156821e-08 
 4.57088190e+02  1.43903511e-06  4.53244849e-08 
 4.67735141e+02  1.42361376e-06  4.48387677e-08 
 4.78630092e+02  1.40836449e-06  4.43584704e-08 
 4.89778819e+02  1.39328540e-06  4.38835334e-08 
 5.01187234e+02  1.37837464e-06  4.34138980e-08 
 5.12861384e+02  1.36363036e-06  4.29495061e-08 
 5.24807460e+02  1.34905073e-06  4.24903002e-08 
 5.37031796e+02  1.33463396e-06  4.20362235e-08 
 5.49540874e+02  1.32037824e-06  4.15872198e-08 
 5.62341325e+02  1.30628183e-06  4.11432335e-08 
 5.75439937e+02  1.29234298e-06  4.07042099e-08 
 5.88843655e+02  1.27855997e-06  4.02700945e-08 
 6.02559586e+02  1.26493108e-06  3.98408338e-08 
 6.16595002e+02  1.25145465e-06  3.94163747e-08 
 6.30957344e+02  1.23812900e-06  3.89966647e-08 
 6.45654229e+02  1.22495248e-06  3.85816520e-08 
 6.60693448e+02  1.21192347e-06  3.81712852e-08 
 6.76082975e+02  1.19904036e-06  3.77655138e-08 
 6.91830971e+02  1.18630156e-06  3.73642875e-08 
 7.07945784e+02  1.17370549e-06  3.69675568e-08 
 7.24435960e+02  1.16125060e-06  3.65752729e-08 
 7.41310241e+02  1.14893535e-06  3.61873871e-08 
 7.58577575e+02  1.13675822e-06  3.58038517e-08 
 7.76247117e+02  1.12471771e-06  3.54246193e-08 
 7.94328235e+02  1.11281233e-06  3.50496431e-08 
 8.12830516e+02  1.10104061e-06  3.46788768e-08 
 8.31763771e+02  1.08940111e-06  3.43122747e-08 
 8.51138038e+02  1.07789238e-06  3.39497917e-08 
 8.70963590e+02  1.06651301e-06  3.35913828e-08 
 8.91250938e+02  1.05526159e-06  3.32370041e-08 
 9.12010839e+02  1.04413673e-06  3.28866118e-08 
 9.33254301e+02  1.03313707e-06  3.25401626e-08 
 9.54992586e+02  1.02226124e-06  3.21976138e-08 
 9.77237221e+02  1.01150791e-06  3.18589233e-08 
 1.00000000e+03  1.00087575e-06  3.15240493e-08 
 1.02329299e+03  9.90363453e-07  3.11929506e-08 
 1.04712855e+03  9.79969719e-07  3.08655862e-08 
 1.07151931e+03  9.69693270e-07  3.05419159e-08 
 1.09647820e+03  9.59532839e-07  3.02218998e-08 
 1.12201845e+03  9.49487175e-07  2.99054985e-08 
 1.14815362e+03  9.39555039e-07  2.95926730e-08 
 1.17489755e+03  9.29735208e-07  2.92833848e-08 
 1.20226443e+03  9.20026473e-07  2.89775957e-08 
 1.23026877e+03  9.10427638e-07  2.86752681e-08 
 1.25892541e+03  9.00937520e-07  2.83763648e-08 
 1.28824955e+03  8.91554951e-07  2.80808490e-08 
 1.31825674e+03  8.82278775e-07  2.77886842e-08 
 1.34896288e+03  8.73107851e-07  2.74998345e-08 
 1.38038426e+03  8.64041047e-07  2.72142643e-08 
 1.41253754e+03  8.55077249e-07  2.69319385e-08 
 1.44543977e+03  8.46215352e-07  2.66528223e-08 
 1.47910839e+03  8.37454264e-07  2.63768813e-08 
 1.51356125e+03  8.28792908e-07  2.61040816e-08 
 1.54881662e+03  8.20230216e-07  2.58343895e-08 
 1.58489319e+03  8.11765134e-07  2.55677718e-08 
 1.62181010e+03  8.03396620e-07  2.53041958e-08 
 1.65958691e+03  7.95123642e-07  2.50436289e-08 
 1.69824365e+03  7.86945182e-07  2.47860391e-08 
 1.73780083e+03  7.78860232e-07  2.45313946e-08 
 1.77827941e+03  7.70867797e-07  2.42796641e-08 
 1.81970086e+03  7.62966892e-07  2.40308165e-08 
 1.86208714e+03  7.55156543e-07  2.37848213e-08 
 1.90546072e+03  7.47435789e-07  2.35416480e-08 
 1.94984460e+03  7.39803677e-07  2.33012668e-08 
 1.99526231e+03  7.32259268e-07  2.30636481e-08 
 2.04173794e+03  7.24801630e-07  2.28287624e-08 
 2.08929613e+03  7.17429846e-07  2.25965810e-08 
 2.13796209e+03  7.10143005e-07  2.23670751e-08 
 2.18776162e+03  7.02940209e-07  2.21402164e-08 
 2.23872114e+03  6.95820570e-07  2.19159770e-08 
 2.29086765e+03  6.88783208e-07  2.16943292e-08 
 2.34422882e+03  6.81827256e-07  2.14752457e-08 
 2.39883292e+03  6.74951855e-07  2.12586994e-08 
 2.45470892e+03  6.68156156e-07  2.10446636e-08 
 2.51188643e+03  6.61439320e-07  2.08331118e-08 
 2.57039578e+03  6.54800516e-07  2.06240180e-08 
 2.63026799e+03  6.48238924e-07  2.04173562e-08 
 2.69153480e+03  6.41753733e-07  2.02131010e-08 
 2.75422870e+03  6.35344141e-07  2.00112271e-08 
 2.81838293e+03  6.29009354e-07  1.98117094e-08 
 2.88403150e+03  6.22748589e-07  1.96145234e-08 
 2.95120923e+03  6.16561070e-07  1.94196446e-08 
 3.01995172e+03  6.10446030e-07  1.92270489e-08 
 3.09029543e+03  6.04402712e-07  1.90367123e-08 
 3.16227766e+03  5.98430365e-07  1.88486114e-08 
 3.23593657e+03  5.92528249e-07  1.86627227e-08 
 3.31131121e+03  5.86695631e-07  1.84790232e-08 
 3.38844156e+03  5.80931786e-07  1.82974901e-08 
 3.46736850e+03  5.75235998e-07  1.81181008e-08 
 3.54813389e+03  5.69607557e-07  1.79408331e-08 
 3.63078055e+03  5.64045764e-07  1.77656647e-08 
 3.71535229e+03  5.58549925e-07  1.75925740e-08 
 3.80189396e+03  5.53119355e-07  1.74215394e-08 
 3.89045145e+03  5.47753376e-07  1.72525395e-08 
 3.98107171e+03  5.42451319e-07  1.70855533e-08 
 4.07380278e+03  5.37212519e-07  1.69205598e-08 
 4.16869383e+03  5.32036323e-07  1.67575385e-08 
 4.26579519e+03  5.26922082e-07  1.65964689e-08 
 4.36515832e+03  5.21869154e-07  1.64373309e-08 
 4.46683592e+03  5.16876906e-07  1.62801045e-08 
 4.57088190e+03  5.11944710e-07  1.61247699e-08 
 4.67735141e+03  5.07071946e-07  1.59713078e-08 
 4.78630092e+03  5.02258000e-07  1.58196986e-08 
 4.89778819e+03  4.97502265e-07  1.56699234e-08 
 5.01187234e+03  4.92804141e-07  1.55219633e-08 
 5.12861384e+03  4.88163035e-07  1.53757995e-08 
 5.24807460e+03  4.83578358e-07  1.52314136e-08 
 5.37031796e+03  4.79049529e-07  1.50887873e-08 
 5.49540874e+03  4.74575973e-07  1.49479024e-08 
 5.62341325e+03  4.70157122e-07  1.48087413e-08 
 5.75439937e+03  4.65792413e-07  1.46712860e-08 
 5.88843655e+03  4.61481288e-07  1.45355191e-08 
 6.02559586e+03  4.57223197e-07  1.44014233e-08 
 6.16595002e+03  4.53017594e-07  1.42689814e-08 
 6.30957344e+03  4.48863941e-07  1.41381765e-08 
 6.45654229e+03  4.44761703e-07  1.40089917e-08 
 6.60693448e+03  4.40710352e-07  1.38814106e-08 
 6.76082975e+03  4.36709364e-07  1.37554165e-08 
 6.91830971e+03  4.32758224e-07  1.36309933e-08 
 7.07945784e+03  4.28856418e-07  1.35081249e-08 
 7.24435960e+03  4.25003439e-07  1.33867954e-08 
 7.41310241e+03  4.21198786e-07  1.32669889e-08 
 7.58577575e+03  4.17441962e-07  1.31486899e-08 
 7.76247117e+03  4.13732476e-07  1.30318829e-08 
 7.94328235e+03  4.10069840e-07  1.29165526e-08 
 8.12830516e+03  4.06453573e-07  1.28026840e-08 
 8.31763771e+03  4.02883197e-07  1.26902619e-08 
 8.51138038e+03  3.99358240e-07  1.25792716e-08 
 8.70963590e+03  3.95878234e-07  1.24696985e-08 
 8.91250938e+03  3.92442716e-07  1.23615279e-08 
 9.12010839e+03  3.89051227e-07  1.22547454e-08 
 9.33254301e+03  3.85703311e-07  1.21493369e-08 
 9.54992586e+03  3.82398521e-07  1.20452881e-08 
 9.77237221e+03  3.79136408e-07  1.19425851e-08 
 1.00000000e+04  3.75916532e-07  1.18412141e-08 
 1.02329299e+04  3.72738455e-07  1.17411613e-08 
 1.04712855e+04  3.69601744e-07  1.16424131e-08 
 1.07151931e+04  3.66505968e-07  1.15449562e-08 
 1.09647820e+04  3.63450703e-07  1.14487771e-08 
 1.12201845e+04  3.60435526e-07  1.13538626e-08 
 1.14815362e+04  3.57460020e-07  1.12601998e-08 
 1.17489755e+04  3.54523769e-07  1.11677755e-08 
 1.20226443e+04  3.51626364e-07  1.10765770e-08 
 1.23026877e+04  3.48767397e-07  1.09865915e-08 
 1.25892541e+04  3.45946465e-07  1.08978064e-08 
 1.28824955e+04  3.43163168e-07  1.08102093e-08 
 1.31825674e+04  3.40417108e-07  1.07237877e-08 
 1.34896288e+04  3.37707892e-07  1.06385293e-08 
 1.38038426e+04  3.35035131e-07  1.05544219e-08 
 1.41253754e+04  3.32398437e-07  1.04714536e-08 
 1.44543977e+04  3.29797426e-07  1.03896123e-08 
 1.47910839e+04  3.27231718e-07  1.03088862e-08 
 1.51356125e+04  3.24700934e-07  1.02292635e-08 
 1.54881662e+04  3.22204701e-07  1.01507326e-08 
 1.58489319e+04  3.19742647e-07  1.00732818e-08 
 1.62181010e+04  3.17314402e-07  9.99689977e-09 
 1.65958691e+04  3.14919600e-07  9.92157508e-09 
 1.69824365e+04  3.12557877e-07  9.84729647e-09 
 1.73780083e+04  3.10228874e-07  9.77405273e-09 
 1.77827941e+04  3.07932232e-07  9.70183278e-09 
 1.81970086e+04  3.05667595e-07  9.63062562e-09 
 1.86208714e+04  3.03434610e-07  9.56042031e-09 
 1.90546072e+04  3.01232927e-07  9.49120602e-09 
 1.94984460e+04  2.99062198e-07  9.42297201e-09 
 1.99526231e+04  2.96922076e-07  9.35570762e-09 
 2.04173794e+04  2.94812219e-07  9.28940226e-09 
 2.08929613e+04  2.92732285e-07  9.22404543e-09 
 2.13796209e+04  2.90681935e-07  9.15962672e-09 
 2.18776162e+04  2.88660832e-07  9.09613578e-09 
 2.23872114e+04  2.86668643e-07  9.03356235e-09 
 2.29086765e+04  2.84705033e-07  8.97189625e-09 
 2.34422882e+04  2.82769673e-07  8.91112737e-09 
 2.39883292e+04  2.80862233e-07  8.85124569e-09 
 2.45470892e+04  2.78982388e-07  8.79224123e-09 
 2.51188643e+04  2.77129812e-07  8.73410413e-09 
 2.57039578e+04  2.75304182e-07  8.67682456e-09 
 2.63026799e+04  2.73505177e-07  8.62039279e-09 
 2.69153480e+04  2.71732477e-07  8.56479915e-09 
 2.75422870e+04  2.69985765e-07  8.51003405e-09 
 2.81838293e+04  2.68264724e-07  8.45608796e-09 
 2.88403150e+04  2.66569041e-07  8.40295142e-09 
 2.95120923e+04  2.64898401e-07  8.35061505e-09 
 3.01995172e+04  2.63252493e-07  8.29906951e-09 
 3.09029543e+04  2.61631008e-07  8.24830556e-09 
 3.16227766e+04  2.60033635e-07  8.19831401e-09 
 3.23593657e+04  2.58460069e-07  8.14908575e-09 
 3.31131121e+04  2.56910003e-07  8.10061170e-09 
 3.38844156e+04  2.55383133e-07  8.05288290e-09 
 3.46736850e+04  2.53879154e-07  8.00589041e-09 
 3.54813389e+04  2.52397764e-07  7.95962537e-09 
 3.63078055e+04  2.50938662e-07  7.91407900e-09 
 3.71535229e+04  2.49501548e-07  7.86924255e-09 
 3.80189396e+04  2.48086123e-07  7.82510737e-09 
 3.89045145e+04  2.46692087e-07  7.78166484e-09 
 3.98107171e+04  2.45319145e-07  7.73890644e-09 
 4.07380278e+04  2.43966998e-07  7.69682368e-09 
 4.16869383e+04  2.42635353e-07  7.65540815e-09 
 4.26579519e+04  2.41323912e-07  7.61465149e-09 
 4.36515832e+04  2.40032383e-07  7.57454543e-09 
 4.46683592e+04  2.38760471e-07  7.53508173e-09 
 4.57088190e+04  2.37507883e-07  7.49625223e-09 
 4.67735141e+04  2.36274326e-07  7.45804884e-09 
 4.78630092e+04  2.35059508e-07  7.42046350e-09 
 4.89778819e+04  2.33863138e-07  7.38348825e-09 
 5.01187234e+04  2.32684922e-07  7.34711517e-09 
 5.12861384e+04  2.31524570e-07  7.31133641e-09 
 5.24807460e+04  2.30381791e-07  7.27614418e-09 
 5.37031796e+04  2.29256293e-07  7.24153076e-09 
 5.49540874e+04  2.28147784e-07  7.20748848e-09 
 5.62341325e+04  2.27055974e-07  7.17400973e-09 
 5.75439937e+04  2.25980570e-07  7.14108698e-09 
 5.88843655e+04  2.24921280e-07  7.10871276e-09 
 6.02559586e+04  2.23877813e-07  7.07687965e-09 
 6.16595002e+04  2.22849874e-07  7.04558029e-09 
 6.30957344e+04  2.21837172e-07  7.01480741e-09 
 6.45654229e+04  2.20839411e-07  6.98455377e-09 
 6.60693448e+04  2.19856297e-07  6.95481222e-09 
 6.76082975e+04  2.18887535e-07  6.92557565e-09 
 6.91830971e+04  2.17932826e-07  6.89683705e-09 
 7.07945784e+04  2.16991874e-07  6.86858942e-09 
 7.24435960e+04  2.16064379e-07  6.84082588e-09 
 7.41310241e+04  2.15150041e-07  6.81353957e-09 
 7.58577575e+04  2.14248557e-07  6.78672372e-09 
 7.76247117e+04  2.13359624e-07  6.76037162e-09 
 7.94328235e+04  2.12482937e-07  6.73447661e-09 
 8.12830516e+04  2.11618188e-07  6.70903212e-09 
 8.31763771e+04  2.10765069e-07  6.68403162e-09 
 8.51138038e+04  2.09923266e-07  6.65946866e-09 
 8.70963590e+04  2.09092467e-07  6.63533685e-09 
 8.91250938e+04  2.08272355e-07  6.61162986e-09 
 9.12010839e+04  2.07462612e-07  6.58834145e-09 
 9.33254301e+04  2.06662914e-07  6.56546542e-09 
 9.54992586e+04  2.05872938e-07  6.54299563e-09 
 9.77237221e+04  2.05092355e-07  6.52092604e-09 
 1.00000000e+05  2.04320833e-07  6.49925064e-09 
 1.02329299e+05  2.03558039e-07  6.47796351e-09 
 1.04712855e+05  2.02803634e-07  6.45705879e-09 
 1.07151931e+05  2.02057274e-07  6.43653068e-09 
 1.09647820e+05  2.01318615e-07  6.41637345e-09 
 1.12201845e+05  2.00587304e-07  6.39658143e-09 
 1.14815362e+05  1.99862987e-07  6.37714905e-09 
 1.17489755e+05  1.99145305e-07  6.35807075e-09 
 1.20226443e+05  1.98433893e-07  6.33934109e-09 
 1.23026877e+05  1.97728382e-07  6.32095466e-09 
 1.25892541e+05  1.97028397e-07  6.30290615e-09 
 1.28824955e+05  1.96333560e-07  6.28519028e-09 
 1.31825674e+05  1.95643484e-07  6.26780186e-09 
 1.34896288e+05  1.94957780e-07  6.25073577e-09 
 1.38038426e+05  1.94276050e-07  6.23398695e-09 
 1.41253754e+05  1.93597894e-07  6.21755040e-09 
 1.44543977e+05  1.92922902e-07  6.20142120e-09 
 1.47910839e+05  1.92250661e-07  6.18559450e-09 
 1.51356125e+05  1.91580750e-07  6.17006549e-09 
 1.54881662e+05  1.90912742e-07  6.15482945e-09 
 1.58489319e+05  1.90246205e-07  6.13988174e-09 
 1.62181010e+05  1.89580698e-07  6.12521775e-09 
 1.65958691e+05  1.88915777e-07  6.11083297e-09 
 1.69824365e+05  1.88250989e-07  6.09672294e-09 
 1.73780083e+05  1.87585875e-07  6.08288327e-09 
 1.77827941e+05  1.86919972e-07  6.06930964e-09 
 1.81970086e+05  1.86252807e-07  6.05599779e-09 
 1.86208714e+05  1.85583904e-07  6.04294355e-09 
 1.90546072e+05  1.84912781e-07  6.03014278e-09 
 1.94984460e+05  1.84238948e-07  6.01759143e-09 
 1.99526231e+05  1.83561912e-07  6.00528552e-09 
 2.04173794e+05  1.82881175e-07  5.99322113e-09 
 2.08929613e+05  1.82196233e-07  5.98139439e-09 
 2.13796209e+05  1.81506578e-07  5.96980153e-09 
 2.18776162e+05  1.80811699e-07  5.95843881e-09 
 2.23872114e+05  1.80111082e-07  5.94730260e-09 
 2.29086765e+05  1.79404211e-07  5.93638929e-09 
 2.34422882e+05  1.78690566e-07  5.92569537e-09 
 2.39883292e+05  1.77969628e-07  5.91521737e-09 
 2.45470892e+05  1.77240877e-07  5.90495192e-09 
 2.51188643e+05  1.76503794e-07  5.89489567e-09 
 2.57039578e+05  1.75757862e-07  5.88504538e-09 
 2.63026799e+05  1.75002568e-07  5.87539785e-09 
 2.69153480e+05  1.74237401e-07  5.86594996e-09 
 2.75422870e+05  1.73461856e-07  5.85669863e-09 
 2.81838293e+05  1.72675435e-07  5.84764087e-09 
 2.88403150e+05  1.71877650e-07  5.83877376e-09 
 2.95120923e+05  1.71068020e-07  5.83009442e-09 
 3.01995172e+05  1.70246077e-07  5.82160005e-09 
 3.09029543e+05  1.69411365e-07  5.81328792e-09 
 3.16227766e+05  1.68563444e-07  5.80515535e-09 
 3.23593657e+05  1.67701890e-07  5.79719973e-09 
 3.31131121e+05  1.66826298e-07  5.78941852e-09 
 3.38844156e+05  1.65936283e-07  5.78180923e-09 
 3.46736850e+05  1.65031484e-07  5.77436946e-09 
 3.54813389e+05  1.64111562e-07  5.76709685e-09 
 3.63078055e+05  1.63176208e-07  5.75998910e-09 
 3.71535229e+05  1.62225140e-07  5.75304399e-09 
 3.80189396e+05  1.61258106e-07  5.74625936e-09 
 3.89045145e+05  1.60274888e-07  5.73963309e-09 
 3.98107171e+05  1.59275305e-07  5.73316316e-09 
 4.07380278e+05  1.58259209e-07  5.72684758e-09 
 4.16869383e+05  1.57226493e-07  5.72068442e-09 
 4.26579519e+05  1.56177093e-07  5.71467184e-09 
 4.36515832e+05  1.55110983e-07  5.70880802e-09 
 4.46683592e+05  1.54028185e-07  5.70309123e-09 
 4.57088190e+05  1.52928765e-07  5.69751979e-09 
 4.67735141e+05  1.51812835e-07  5.69209206e-09 
 4.78630092e+05  1.50680558e-07  5.68680648e-09 
 4.89778819e+05  1.49532144e-07  5.68166153e-09 
 5.01187234e+05  1.48367853e-07  5.67665575e-09 
 5.12861384e+05  1.47187996e-07  5.67178772e-09 
 5.24807460e+05  1.45992934e-07  5.66705610e-09 
 5.37031796e+05  1.44783079e-07  5.66245957e-09 
 5.49540874e+05  1.43558893e-07  5.65799688e-09 
 5.62341325e+05  1.42320888e-07  5.65366681e-09 
 5.75439937e+05  1.41069626e-07  5.64946819e-09 
 5.88843655e+05  1.39805715e-07  5.64539989e-09 
 6.02559586e+05  1.38529812e-07  5.64146084e-09 
 6.16595002e+05  1.37242617e-07  5.63764997e-09 
 6.30957344e+05  1.35944873e-07  5.63396629e-09 
 6.45654229e+05  1.34637366e-07  5.63040880e-09 
 6.60693448e+05  1.33320917e-07  5.62697657e-09 
 6.76082975e+05  1.31996386e-07  5.62366866e-09 
 6.91830971e+05  1.30664664e-07  5.62048418e-09 
 7.07945784e+05  1.29326673e-07  5.61742225e-09 
 7.24435960e+05  1.27983360e-07  5.61448199e-09 
 7.41310241e+05  1.26635695e-07  5.61166257e-09 
 7.58577575e+05  1.25284670e-07  5.60896313e-09 
 7.76247117e+05  1.23931289e-07  5.60638283e-09 
 7.94328235e+05  1.22576571e-07  5.60392084e-09 
 8.12830516e+05  1.21221542e-07  5.60157630e-09 
 8.31763771e+05  1.19867233e-07  5.59934836e-09 
 8.51138038e+05  1.18514675e-07  5.59723615e-09 
 8.70963590e+05  1.17164896e-07  5.59523878e-09 
 8.91250938e+05  1.15818917e-07  5.59335532e-09 
 9.12010839e+05  1.14477749e-07  5.59158483e-09 
 9.33254301e+05  1.13142389e-07  5.58992631e-09 
 9.54992586e+05  1.11813815e-07  5.58837875e-09 
 9.77237221e+05  1.10492986e-07  5.58694106e-09 
 1.00000000e+06  1.09180837e-07  5.58561212e-09 
 1.02329299e+06  1.07878276e-07  5.58439075e-09 
 1.04712855e+06  1.06586180e-07  5.58327568e-09 
 1.07151931e+06  1.05305395e-07  5.58226561e-09 
 1.09647820e+06  1.04036735e-07  5.58135913e-09 
 1.12201845e+06  1.02780974e-07  5.58055479e-09 
 1.14815362e+06  1.01538850e-07  5.57985103e-09 
 1.17489755e+06  1.00311060e-07  5.57924621e-09 
 1.20226443e+06  9.90982599e-08  5.57873861e-09 
 1.23026877e+06  9.79010631e-08  5.57832640e-09 
 1.25892541e+06  9.67200396e-08  5.57800769e-09 
 1.28824955e+06  9.55557149e-08  5.57778044e-09 
 1.31825674e+06  9.44085695e-08  5.57764257e-09 
 1.34896288e+06  9.32790389e-08  5.57759186e-09 
 1.38038426e+06  9.21675129e-08  5.57762602e-09 
 1.41253754e+06  9.10743359e-08  5.57774264e-09 
 1.44543977e+06  8.99998069e-08  5.57793925e-09 
 1.47910839e+06  8.89441801e-08  5.57821324e-09 
 1.51356125e+06  8.79076651e-08  5.57856196e-09 
 1.54881662e+06  8.68904274e-08  5.57898265e-09 
 1.58489319e+06  8.58925896e-08  5.57947248e-09 
 1.62181010e+06  8.49142315e-08  5.58002855e-09 
 1.65958691e+06  8.39553918e-08  5.58064789e-09 
 1.69824365e+06  8.30160687e-08  5.58132748e-09 
 1.73780083e+06  8.20962210e-08  5.58206425e-09 
 1.77827941e+06  8.11957695e-08  5.58285509e-09 
 1.81970086e+06  8.03145978e-08  5.58369686e-09 
 1.86208714e+06  7.94525543e-08  5.58458642e-09 
 1.90546072e+06  7.86094525e-08  5.58552059e-09 
 1.94984460e+06  7.77850734e-08  5.58649621e-09 
 1.99526231e+06  7.69791660e-08  5.58751015e-09 
 2.04173794e+06  7.61914491e-08  5.58855929e-09 
 2.08929613e+06  7.54216128e-08  5.58964056e-09 
 2.13796209e+06  7.46693194e-08  5.59075093e-09 
 2.18776162e+06  7.39342051e-08  5.59188745e-09 
 2.23872114e+06  7.32158813e-08  5.59304722e-09 
 2.29086765e+06  7.25139358e-08  5.59422744e-09 
 2.34422882e+06  7.18279342e-08  5.59542543e-09 
 2.39883292e+06  7.11574213e-08  5.59663858e-09 
 2.45470892e+06  7.05019219e-08  5.59786441e-09 
 2.51188643e+06  6.98609424e-08  5.59910058e-09 
 2.57039578e+06  6.92339717e-08  5.60034487e-09 
 2.63026799e+06  6.86204826e-08  5.60159520e-09 
 2.69153480e+06  6.80199326e-08  5.60284965e-09 
 2.75422870e+06  6.74317648e-08  5.60410646e-09 
 2.81838293e+06  6.68554093e-08  5.60536402e-09 
 2.88403150e+06  6.62902838e-08  5.60662088e-09 
 2.95120923e+06  6.57357947e-08  5.60787578e-09 
 3.01995172e+06  6.51913375e-08  5.60912761e-09 
 3.09029543e+06  6.46562983e-08  5.61037545e-09 
 3.16227766e+06  6.41300540e-08  5.61161855e-09 
 3.23593657e+06  6.36119731e-08  5.61285632e-09 
 3.31131121e+06  6.31014169e-08  5.61408838e-09 
 3.38844156e+06  6.25977395e-08  5.61531448e-09 
 3.46736850e+06  6.21002889e-08  5.61653459e-09 
 3.54813389e+06  6.16084075e-08  5.61774880e-09 
 3.63078055e+06  6.11214328e-08  5.61895742e-09 
 3.71535229e+06  6.06386982e-08  5.62016089e-09 
 3.80189396e+06  6.01595332e-08  5.62135983e-09 
 3.89045145e+06  5.96832649e-08  5.62255500e-09 
 3.98107171e+06  5.92092178e-08  5.62374734e-09 
 4.07380278e+06  5.87367155e-08  5.62493793e-09 
 4.16869383e+06  5.82650807e-08  5.62612799e-09 
 4.26579519e+06  5.77936368e-08  5.62731890e-09 
 4.36515832e+06  5.73217084e-08  5.62851217e-09 
 4.46683592e+06  5.68486227e-08  5.62970944e-09 
 4.57088190e+06  5.63737106e-08  5.63091250e-09 
 4.67735141e+06  5.58963079e-08  5.63212325e-09 
 4.78630092e+06  5.54157569e-08  5.63334373e-09 
 4.89778819e+06  5.49314081e-08  5.63457611e-09 
 5.01187234e+06  5.44426215e-08  5.63582265e-09 
 5.12861384e+06  5.39487689e-08  5.63708575e-09 
 5.24807460e+06  5.34492362e-08  5.63836792e-09 
 5.37031796e+06  5.29434250e-08  5.63967179e-09 
 5.49540874e+06  5.24307556e-08  5.64100007e-09 
 5.62341325e+06  5.19106695e-08  5.64235563e-09 
 5.75439937e+06  5.13826322e-08  5.64374141e-09 
 5.88843655e+06  5.08461360e-08  5.64516046e-09 
 6.02559586e+06  5.03007036e-08  5.64661595e-09 
 6.16595002e+06  4.97458910e-08  5.64811117e-09 
 6.30957344e+06  4.91812911e-08  5.64964947e-09 
 6.45654229e+06  4.86065372e-08  5.65123437e-09 
 6.60693448e+06  4.80213064e-08  5.65286945e-09 
 6.76082975e+06  4.74253237e-08  5.65455842e-09 
 6.91830971e+06  4.68183649e-08  5.65630509e-09 
 7.07945784e+06  4.62002605e-08  5.65811341e-09 
 7.24435960e+06  4.55708989e-08  5.65998741e-09 
 7.41310241e+06  4.49302298e-08  5.66193124e-09 
 7.58577575e+06  4.42782666e-08  5.66394920e-09 
 7.76247117e+06  4.36150893e-08  5.66604568e-09 
 7.94328235e+06  4.29408465e-08  5.66822520e-09 
 8.12830516e+06  4.22557572e-08  5.67049240e-09 
 8.31763771e+06  4.15601117e-08  5.67285206e-09 
 8.51138038e+06  4.08542721e-08  5.67530908e-09 
 8.70963590e+06  4.01386724e-08  5.67786849e-09 
 8.91250938e+06  3.94138173e-08  5.68053546e-09 
 9.12010839e+06  3.86802810e-08  5.68331530e-09 
 9.33254301e+06  3.79387045e-08  5.68621344e-09 
 9.54992586e+06  3.71897928e-08  5.68923547e-09 
 9.77237221e+06  3.64343109e-08  5.69238711e-09 
 1.00000000e+07  3.56730791e-08  5.69567423e-09 
 1.02329299e+07  3.49069682e-08  5.69910284e-09 
 1.04712855e+07  3.41368930e-08  5.70267909e-09 
 1.07151931e+07  3.33638067e-08  5.70640928e-09 
 1.09647820e+07  3.25886933e-08  5.71029984e-09 
 1.12201845e+07  3.18125607e-08  5.71435738e-09 
 1.14815362e+07  3.10364335e-08  5.71858861e-09 
 1.17489755e+07  3.02613450e-08  5.72300039e-09 
 1.20226443e+07  2.94883298e-08  5.72759972e-09 
 1.23026877e+07  2.87184162e-08  5.73239375e-09 
 1.25892541e+07  2.79526192e-08  5.73738972e-09 
 1.28824955e+07  2.71919330e-08  5.74259502e-09 
 1.31825674e+07  2.64373247e-08  5.74801713e-09 
 1.34896288e+07  2.56897284e-08  5.75366367e-09 
 1.38038426e+07  2.49500390e-08  5.75954232e-09 
 1.41253754e+07  2.42191082e-08  5.76566087e-09 
 1.44543977e+07  2.34977393e-08  5.77202718e-09 
 1.47910839e+07  2.27866842e-08  5.77864918e-09 
 1.51356125e+07  2.20866402e-08  5.78553483e-09 
 1.54881662e+07  2.13982481e-08  5.79269213e-09 
 1.58489319e+07  2.07220902e-08  5.80012910e-09 
 1.62181010e+07  2.00586897e-08  5.80785375e-09 
 1.65958691e+07  1.94085103e-08  5.81587407e-09 
 1.69824365e+07  1.87719567e-08  5.82419800e-09 
 1.73780083e+07  1.81493750e-08  5.83283341e-09 
 1.77827941e+07  1.75410542e-08  5.84178807e-09 
 1.81970086e+07  1.69472279e-08  5.85106963e-09 
 1.86208714e+07  1.63680763e-08  5.86068559e-09 
 1.90546072e+07  1.58037284e-08  5.87064328e-09 
 1.94984460e+07  1.52542646e-08  5.88094980e-09 
 1.99526231e+07  1.47197197e-08  5.89161200e-09 
 2.04173794e+07  1.42000852e-08  5.90263648e-09 
 2.08929613e+07  1.36953130e-08  5.91402949e-09 
 2.13796209e+07  1.32053177e-08  5.92579698e-09 
 2.18776162e+07  1.27299804e-08  5.93794447e-09 
 2.23872114e+07  1.22691509e-08  5.95047707e-09 
 2.29086765e+07  1.18226513e-08  5.96339945e-09 
 2.34422882e+07  1.13902786e-08  5.97671578e-09 
 2.39883292e+07  1.09718076e-08  5.99042968e-09 
 2.45470892e+07  1.05669934e-08  6.00454422e-09 
 2.51188643e+07  1.01755742e-08  6.01906189e-09 
 2.57039578e+07  9.79727376e-09  6.03398451e-09 
 2.63026799e+07  9.43180338e-09  6.04931326e-09 
 2.69153480e+07  9.07886432e-09  6.06504863e-09 
 2.75422870e+07  8.73814972e-09  6.08119040e-09 
 2.81838293e+07  8.40934646e-09  6.09773759e-09 
 2.88403150e+07  8.09213691e-09  6.11468850e-09 
 2.95120923e+07  7.78620043e-09  6.13204062e-09 
 3.01995172e+07  7.49121488e-09  6.14979068e-09 
 3.09029543e+07  7.20685791e-09  6.16793464e-09 
 3.16227766e+07  6.93280810e-09  6.18646766e-09 
 3.23593657e+07  6.66874606e-09  6.20538411e-09 
 3.31131121e+07  6.41435537e-09  6.22467763e-09 
 3.38844156e+07  6.16932338e-09  6.24434107e-09 
 3.46736850e+07  5.93334200e-09  6.26436660e-09 
 3.54813389e+07  5.70610828e-09  6.28474566e-09 
 3.63078055e+07  5.48732499e-09  6.30546906e-09 
 3.71535229e+07  5.27670111e-09  6.32652700e-09 
 3.80189396e+07  5.07395217e-09  6.34790911e-09 
 3.89045145e+07  4.87880060e-09  6.36960453e-09 
 3.98107171e+07  4.69097600e-09  6.39160195e-09 
 4.07380278e+07  4.51021531e-09  6.41388972e-09 
 4.16869383e+07  4.33626296e-09  6.43645588e-09 
 4.26579519e+07  4.16887099e-09  6.45928825e-09 
 4.36515832e+07  4.00779906e-09  6.48237455e-09 
 4.46683592e+07  3.85281450e-09  6.50570244e-09 
 4.57088190e+07  3.70369225e-09  6.52925965e-09 
 4.67735141e+07  3.56021484e-09  6.55303408e-09 
 4.78630092e+07  3.42217227e-09  6.57701385e-09 
 4.89778819e+07  3.28936194e-09  6.60118745e-09 
 5.01187234e+07  3.16158847e-09  6.62554382e-09 
 5.12861384e+07  3.03866360e-09  6.65007246e-09 
 5.24807460e+07  2.92040600e-09  6.67476352e-09 
 5.37031796e+07  2.80664110e-09  6.69960790e-09 
 5.49540874e+07  2.69720091e-09  6.72459735e-09 
 5.62341325e+07  2.59192378e-09  6.74972457e-09 
 5.75439937e+07  2.49065429e-09  6.77498328e-09 
 5.88843655e+07  2.39324293e-09  6.80036833e-09 
 6.02559586e+07  2.29954600e-09  6.82587579e-09 
 6.16595002e+07  2.20942532e-09  6.85150299e-09 
 6.30957344e+07  2.12274804e-09  6.87724862e-09 
 6.45654229e+07  2.03938647e-09  6.90311279e-09 
 6.60693448e+07  1.95921782e-09  6.92909712e-09 
 6.76082975e+07  1.88212405e-09  6.95520474e-09 
 6.91830971e+07  1.80799163e-09  6.98144038e-09 
 7.07945784e+07  1.73671136e-09  7.00781042e-09 
 7.24435960e+07  1.66817820e-09  7.03432291e-09 
 7.41310241e+07  1.60229108e-09  7.06098761e-09 
 7.58577575e+07  1.53895270e-09  7.08781601e-09 
 7.76247117e+07  1.47806943e-09  7.11482138e-09 
 7.94328235e+07  1.41955108e-09  7.14201877e-09 
 8.12830516e+07  1.36331078e-09  7.16942501e-09 
 8.31763771e+07  1.30926483e-09  7.19705875e-09 
 8.51138038e+07  1.25733258e-09  7.22494046e-09 
 8.70963590e+07  1.20743627e-09  7.25309241e-09 
 8.91250938e+07  1.15950091e-09  7.28153870e-09 
 9.12010839e+07  1.11345419e-09  7.31030525e-09 
 9.33254301e+07  1.06922635e-09  7.33941977e-09 
 9.54992586e+07  1.02675006e-09  7.36891179e-09 
 9.77237221e+07  9.85960350e-10  7.39881263e-09 
 1.00000000e+08  9.46794512e-10  7.42915541e-09 
 1.02329299e+08  9.09191996e-10  7.45997501e-09 
 1.04712855e+08  8.73094340e-10  7.49130809e-09 
 1.07151931e+08  8.38445093e-10  7.52319305e-09 
 1.09647820e+08  8.05189737e-10  7.55567005e-09 
 1.12201845e+08  7.73275623e-10  7.58878098e-09 
 1.14815362e+08  7.42651898e-10  7.62256944e-09 
 1.17489755e+08  7.13269453e-10  7.65708076e-09 
 1.20226443e+08  6.85080857e-10  7.69236193e-09 
 1.23026877e+08  6.58040303e-10  7.72846168e-09 
 1.25892541e+08  6.32103559e-10  7.76543037e-09 
 1.28824955e+08  6.07227911e-10  7.80332006e-09 
 1.31825674e+08  5.83372122e-10  7.84218445e-09 
 1.34896288e+08  5.60496379e-10  7.88207889e-09 
 1.38038426e+08  5.38562255e-10  7.92306038e-09 
 1.41253754e+08  5.17532662e-10  7.96518752e-09 
 1.44543977e+08  4.97371813e-10  8.00852054e-09 
 1.47910839e+08  4.78045181e-10  8.05312130e-09 
 1.51356125e+08  4.59519464e-10  8.09905321e-09 
 1.54881662e+08  4.41762541e-10  8.14638130e-09 
 1.58489319e+08  4.24743445e-10  8.19517215e-09 
 1.62181010e+08  4.08432324e-10  8.24549392e-09 
 1.65958691e+08  3.92800405e-10  8.29741628e-09 
 1.69824365e+08  3.77819968e-10  8.35101045e-09 
 1.73780083e+08  3.63464306e-10  8.40634917e-09 
 1.77827941e+08  3.49707701e-10  8.46350665e-09 
 1.81970086e+08  3.36525389e-10  8.52255858e-09 
 1.86208714e+08  3.23893533e-10  8.58358210e-09 
 1.90546072e+08  3.11789193e-10  8.64665578e-09 
 1.94984460e+08  3.00190299e-10  8.71185957e-09 
 1.99526231e+08  2.89075622e-10  8.77927482e-09 
 2.04173794e+08  2.78424746e-10  8.84898419e-09 
 2.08929613e+08  2.68218048e-10  8.92107169e-09 
 2.13796209e+08  2.58436665e-10  8.99562258e-09 
 2.18776162e+08  2.49062473e-10  9.07272335e-09 
 2.23872114e+08  2.40078062e-10  9.15246171e-09 
 2.29086765e+08  2.31466712e-10  9.23492654e-09 
 2.34422882e+08  2.23212372e-10  9.32020782e-09 
 2.39883292e+08  2.15299633e-10  9.40839661e-09 
 2.45470892e+08  2.07713710e-10  9.49958502e-09 
 2.51188643e+08  2.00440418e-10  9.59386612e-09 
 2.57039578e+08  1.93466155e-10  9.69133394e-09 
 2.63026799e+08  1.86777876e-10  9.79208337e-09 
 2.69153480e+08  1.80363078e-10  9.89621015e-09 
 2.75422870e+08  1.74209778e-10  1.00038108e-08 
 2.81838293e+08  1.68306497e-10  1.01149826e-08 
 2.88403150e+08  1.62642239e-10  1.02298234e-08 
 2.95120923e+08  1.57206475e-10  1.03484318e-08 
 3.01995172e+08  1.51989123e-10  1.04709069e-08 
 3.09029543e+08  1.46980539e-10  1.05973483e-08 
 3.16227766e+08  1.42171489e-10  1.07278561e-08 
 3.23593657e+08  1.37553145e-10  1.08625307e-08 
 3.31131121e+08  1.33117061e-10  1.10014728e-08 
 3.38844156e+08  1.28855163e-10  1.11447837e-08 
 3.46736850e+08  1.24759734e-10  1.12925644e-08 
 3.54813389e+08  1.20823397e-10  1.14449165e-08 
 3.63078055e+08  1.17039107e-10  1.16019413e-08 
 3.71535229e+08  1.13400131e-10  1.17637405e-08 
 3.80189396e+08  1.09900041e-10  1.19304155e-08 
 3.89045145e+08  1.06532701e-10  1.21020676e-08 
 3.98107171e+08  1.03292251e-10  1.22787980e-08 
 4.07380278e+08  1.00173100e-10  1.24607077e-08 
 4.16869383e+08  9.71699123e-11  1.26478971e-08 
 4.26579519e+08  9.42775987e-11  1.28404664e-08 
 4.36515832e+08  9.14913040e-11  1.30385154e-08 
 4.46683592e+08  8.88063983e-11  1.32421430e-08 
 4.57088190e+08  8.62184669e-11  1.34514478e-08 
 4.67735141e+08  8.37233008e-11  1.36665274e-08 
 4.78630092e+08  8.13168880e-11  1.38874786e-08 
 4.89778819e+08  7.89954044e-11  1.41143971e-08 
 5.01187234e+08  7.67552057e-11  1.43473778e-08 
 5.12861384e+08  7.45928192e-11  1.45865142e-08 
 5.24807460e+08  7.25049361e-11  1.48318984e-08 
 5.37031796e+08  7.04884037e-11  1.50836214e-08 
 5.49540874e+08  6.85402186e-11  1.53417721e-08 
 5.62341325e+08  6.66575195e-11  1.56064382e-08 
 5.75439937e+08  6.48375807e-11  1.58777050e-08 
 5.88843655e+08  6.30778057e-11  1.61556560e-08 
 6.02559586e+08  6.13757209e-11  1.64403725e-08 
 6.16595002e+08  5.97289701e-11  1.67319332e-08 
 6.30957344e+08  5.81353085e-11  1.70304144e-08 
 6.45654229e+08  5.65925976e-11  1.73358895e-08 
 6.60693448e+08  5.50987997e-11  1.76484287e-08 
 6.76082975e+08  5.36519734e-11  1.79680993e-08 
 6.91830971e+08  5.22502686e-11  1.82949648e-08 
 7.07945784e+08  5.08919223e-11  1.86290853e-08 
 7.24435960e+08  4.95752537e-11  1.89705168e-08 
 7.41310241e+08  4.82986608e-11  1.93193111e-08 
 7.58577575e+08  4.70606161e-11  1.96755155e-08 
 7.76247117e+08  4.58596630e-11  2.00391728e-08 
 7.94328235e+08  4.46944121e-11  2.04103207e-08 
 8.12830516e+08  4.35635381e-11  2.07889916e-08 
 8.31763771e+08  4.24657762e-11  2.11752124e-08 
 8.51138038e+08  4.13999195e-11  2.15690043e-08 
 8.70963590e+08  4.03648156e-11  2.19703823e-08 
 8.91250938e+08  3.93593643e-11  2.23793550e-08 
 9.12010839e+08  3.83825145e-11  2.27959247e-08 
 9.33254301e+08  3.74332621e-11  2.32200864e-08 
 9.54992586e+08  3.65106476e-11  2.36518283e-08 
 9.77237221e+08  3.56137533e-11  2.40911309e-08 
 1.00000000e+09  3.47417021e-11  2.45379673e-08 
