 v-sweep         id              od              cm             
 9.77500000e-01 -2.50000000e-02 -3.72760514e-01  1.04344014e+00 
 9.77812500e-01 -2.43750000e-02 -3.63690969e-01  1.04344160e+00 
 9.78125000e-01 -2.37500000e-02 -3.54591540e-01  1.04344297e+00 
 9.78437500e-01 -2.31250000e-02 -3.45465187e-01  1.04344427e+00 
 9.78750000e-01 -2.25000000e-02 -3.36314480e-01  1.04344549e+00 
 9.79062500e-01 -2.18750000e-02 -3.27141661e-01  1.04344664e+00 
 9.79375000e-01 -2.12500000e-02 -3.17948705e-01  1.04344773e+00 
 9.79687500e-01 -2.06250000e-02 -3.08737353e-01  1.04344876e+00 
 9.80000000e-01 -2.00000000e-02 -2.99509154e-01  1.04344973e+00 
 9.80312500e-01 -1.93750000e-02 -2.90265490e-01  1.04345066e+00 
 9.80625000e-01 -1.87500000e-02 -2.81007600e-01  1.04345153e+00 
 9.80937500e-01 -1.81250000e-02 -2.71736601e-01  1.04345236e+00 
 9.81250000e-01 -1.75000000e-02 -2.62453502e-01  1.04345315e+00 
 9.81562500e-01 -1.68750000e-02 -2.53159220e-01  1.04345389e+00 
 9.81875000e-01 -1.62500000e-02 -2.43854591e-01  1.04345460e+00 
 9.82187500e-01 -1.56250000e-02 -2.34540379e-01  1.04345526e+00 
 9.82500000e-01 -1.50000000e-02 -2.25217286e-01  1.04345590e+00 
 9.82812500e-01 -1.43750000e-02 -2.15885958e-01  1.04345649e+00 
 9.83125000e-01 -1.37500000e-02 -2.06546995e-01  1.04345706e+00 
 9.83437500e-01 -1.31250000e-02 -1.97200949e-01  1.04345759e+00 
 9.83750000e-01 -1.25000000e-02 -1.87848338e-01  1.04345809e+00 
 9.84062500e-01 -1.18750000e-02 -1.78489641e-01  1.04345856e+00 
 9.84375000e-01 -1.12500000e-02 -1.69125311e-01  1.04345900e+00 
 9.84687500e-01 -1.06250000e-02 -1.59755771e-01  1.04345942e+00 
 9.85000000e-01 -1.00000000e-02 -1.50381420e-01  1.04345981e+00 
 9.85312500e-01 -9.37500000e-03 -1.41002634e-01  1.04346017e+00 
 9.85625000e-01 -8.75000000e-03 -1.31619771e-01  1.04346050e+00 
 9.85937500e-01 -8.12500000e-03 -1.22233172e-01  1.04346081e+00 
 9.86250000e-01 -7.50000000e-03 -1.12843160e-01  1.04346109e+00 
 9.86562500e-01 -6.87500000e-03 -1.03450047e-01  1.04346135e+00 
 9.86875000e-01 -6.25000000e-03 -9.40541292e-02  1.04346159e+00 
 9.87187500e-01 -5.62500000e-03 -8.46556948e-02  1.04346180e+00 
 9.87500000e-01 -5.00000000e-03 -7.52550208e-02  1.04346199e+00 
 9.87812500e-01 -4.37500000e-03 -6.58523763e-02  1.04346216e+00 
 9.88125000e-01 -3.75000000e-03 -5.64480230e-02  1.04346230e+00 
 9.88437500e-01 -3.12500000e-03 -4.70422161e-02  1.04346242e+00 
 9.88750000e-01 -2.50000000e-03 -3.76352058e-02  1.04346252e+00 
 9.89062500e-01 -1.87500000e-03 -2.82272379e-02  1.04346260e+00 
 9.89375000e-01 -1.25000000e-03 -1.88185548e-02  1.04346265e+00 
 9.89687500e-01 -6.25000000e-04 -9.40939607e-03  1.04346269e+00 
 9.90000000e-01  3.99680289e-15  5.49316148e-12  1.04346270e+00 
 9.90312500e-01  6.25000000e-04  9.40939605e-03  1.04346269e+00 
 9.90625000e-01  1.25000000e-03  1.88185548e-02  1.04346265e+00 
 9.90937500e-01  1.87500000e-03  2.82272380e-02  1.04346260e+00 
 9.91250000e-01  2.50000000e-03  3.76352058e-02  1.04346252e+00 
 9.91562500e-01  3.12500000e-03  4.70422162e-02  1.04346242e+00 
 9.91875000e-01  3.75000000e-03  5.64480230e-02  1.04346230e+00 
 9.92187500e-01  4.37500000e-03  6.58523763e-02  1.04346216e+00 
 9.92500000e-01  5.00000000e-03  7.52550208e-02  1.04346199e+00 
 9.92812500e-01  5.62500000e-03  8.46556948e-02  1.04346180e+00 
 9.93125000e-01  6.25000000e-03  9.40541292e-02  1.04346159e+00 
 9.93437500e-01  6.87500000e-03  1.03450047e-01  1.04346135e+00 
 9.93750000e-01  7.50000000e-03  1.12843160e-01  1.04346109e+00 
 9.94062500e-01  8.12500000e-03  1.22233172e-01  1.04346081e+00 
 9.94375000e-01  8.75000000e-03  1.31619771e-01  1.04346050e+00 
 9.94687500e-01  9.37500000e-03  1.41002634e-01  1.04346017e+00 
 9.95000000e-01  1.00000000e-02  1.50381420e-01  1.04345981e+00 
 9.95312500e-01  1.06250000e-02  1.59755771e-01  1.04345942e+00 
 9.95625000e-01  1.12500000e-02  1.69125308e-01  1.04345900e+00 
 9.95937500e-01  1.18750000e-02  1.78489641e-01  1.04345856e+00 
 9.96250000e-01  1.25000000e-02  1.87848338e-01  1.04345809e+00 
 9.96562500e-01  1.31250000e-02  1.97200949e-01  1.04345759e+00 
 9.96875000e-01  1.37500000e-02  2.06546995e-01  1.04345706e+00 
 9.97187500e-01  1.43750000e-02  2.15885958e-01  1.04345649e+00 
 9.97500000e-01  1.50000000e-02  2.25217286e-01  1.04345590e+00 
 9.97812500e-01  1.56250000e-02  2.34540378e-01  1.04345526e+00 
 9.98125000e-01  1.62500000e-02  2.43854591e-01  1.04345460e+00 
 9.98437500e-01  1.68750000e-02  2.53159220e-01  1.04345389e+00 
 9.98750000e-01  1.75000000e-02  2.62453502e-01  1.04345315e+00 
 9.99062500e-01  1.81250000e-02  2.71736601e-01  1.04345236e+00 
 9.99375000e-01  1.87500000e-02  2.81007600e-01  1.04345153e+00 
 9.99687500e-01  1.93750000e-02  2.90265490e-01  1.04345066e+00 
 1.00000000e+00  2.00000000e-02  2.99509154e-01  1.04344973e+00 
 1.00031250e+00  2.06250000e-02  3.08737353e-01  1.04344876e+00 
 1.00062500e+00  2.12500000e-02  3.17948705e-01  1.04344773e+00 
 1.00093750e+00  2.18750000e-02  3.27141661e-01  1.04344664e+00 
 1.00125000e+00  2.25000000e-02  3.36314480e-01  1.04344549e+00 
 1.00156250e+00  2.31250000e-02  3.45465188e-01  1.04344427e+00 
 1.00187500e+00  2.37500000e-02  3.54591540e-01  1.04344297e+00 
 1.00218750e+00  2.43750000e-02  3.63690969e-01  1.04344160e+00 
 1.00250000e+00  2.50000000e-02  3.72760514e-01  1.04344014e+00 
