 frequency       av              ph             
 1.00000000e+00  2.40562339e+01 -7.74293848e-05 
 1.02920053e+00  2.40562339e+01 -7.96903637e-05 
 1.05925373e+00  2.40562339e+01 -8.20173643e-05 
 1.09018449e+00  2.40562339e+01 -8.44123146e-05 
 1.12201845e+00  2.40562339e+01 -8.68771987e-05 
 1.15478198e+00  2.40562339e+01 -8.94140587e-05 
 1.18850223e+00  2.40562339e+01 -9.20249963e-05 
 1.22320712e+00  2.40562339e+01 -9.47121747e-05 
 1.25892541e+00  2.40562339e+01 -9.74778202e-05 
 1.29568670e+00  2.40562339e+01 -1.00324224e-04 
 1.33352143e+00  2.40562339e+01 -1.03253744e-04 
 1.37246096e+00  2.40562339e+01 -1.06268808e-04 
 1.41253754e+00  2.40562339e+01 -1.09371913e-04 
 1.45378439e+00  2.40562339e+01 -1.12565631e-04 
 1.49623566e+00  2.40562339e+01 -1.15852606e-04 
 1.53992653e+00  2.40562339e+01 -1.19235564e-04 
 1.58489319e+00  2.40562339e+01 -1.22717305e-04 
 1.63117291e+00  2.40562339e+01 -1.26300715e-04 
 1.67880402e+00  2.40562339e+01 -1.29988762e-04 
 1.72782598e+00  2.40562339e+01 -1.33784503e-04 
 1.77827941e+00  2.40562339e+01 -1.37691081e-04 
 1.83020611e+00  2.40562339e+01 -1.41711733e-04 
 1.88364909e+00  2.40562339e+01 -1.45849790e-04 
 1.93865264e+00  2.40562339e+01 -1.50108681e-04 
 1.99526231e+00  2.40562339e+01 -1.54491934e-04 
 2.05352503e+00  2.40562339e+01 -1.59003180e-04 
 2.11348904e+00  2.40562339e+01 -1.63646156e-04 
 2.17520403e+00  2.40562339e+01 -1.68424710e-04 
 2.23872114e+00  2.40562339e+01 -1.73342801e-04 
 2.30409298e+00  2.40562339e+01 -1.78404502e-04 
 2.37137371e+00  2.40562339e+01 -1.83614007e-04 
 2.44061907e+00  2.40562339e+01 -1.88975633e-04 
 2.51188643e+00  2.40562339e+01 -1.94493821e-04 
 2.58523484e+00  2.40562339e+01 -2.00173143e-04 
 2.66072506e+00  2.40562339e+01 -2.06018305e-04 
 2.73841963e+00  2.40562339e+01 -2.12034148e-04 
 2.81838293e+00  2.40562339e+01 -2.18225657e-04 
 2.90068120e+00  2.40562339e+01 -2.24597961e-04 
 2.98538262e+00  2.40562339e+01 -2.31156340e-04 
 3.07255737e+00  2.40562339e+01 -2.37906227e-04 
 3.16227766e+00  2.40562339e+01 -2.44853214e-04 
 3.25461783e+00  2.40562339e+01 -2.52003057e-04 
 3.34965439e+00  2.40562339e+01 -2.59361679e-04 
 3.44746607e+00  2.40562339e+01 -2.66935177e-04 
 3.54813389e+00  2.40562339e+01 -2.74729825e-04 
 3.65174127e+00  2.40562339e+01 -2.82752080e-04 
 3.75837404e+00  2.40562339e+01 -2.91008590e-04 
 3.86812055e+00  2.40562339e+01 -2.99506194e-04 
 3.98107171e+00  2.40562339e+01 -3.08251933e-04 
 4.09732110e+00  2.40562339e+01 -3.17253052e-04 
 4.21696503e+00  2.40562339e+01 -3.26517008e-04 
 4.34010264e+00  2.40562339e+01 -3.36051477e-04 
 4.46683592e+00  2.40562339e+01 -3.45864357e-04 
 4.59726989e+00  2.40562339e+01 -3.55963779e-04 
 4.73151259e+00  2.40562339e+01 -3.66358109e-04 
 4.86967525e+00  2.40562339e+01 -3.77055959e-04 
 5.01187234e+00  2.40562339e+01 -3.88066192e-04 
 5.15822165e+00  2.40562339e+01 -3.99397929e-04 
 5.30884444e+00  2.40562339e+01 -4.11060559e-04 
 5.46386550e+00  2.40562339e+01 -4.23063744e-04 
 5.62341325e+00  2.40562339e+01 -4.35417429e-04 
 5.78761988e+00  2.40562339e+01 -4.48131847e-04 
 5.95662144e+00  2.40562339e+01 -4.61217533e-04 
 6.13055792e+00  2.40562339e+01 -4.74685328e-04 
 6.30957344e+00  2.40562339e+01 -4.88546390e-04 
 6.49381632e+00  2.40562339e+01 -5.02812202e-04 
 6.68343918e+00  2.40562339e+01 -5.17494584e-04 
 6.87859912e+00  2.40562339e+01 -5.32605699e-04 
 7.07945784e+00  2.40562339e+01 -5.48158066e-04 
 7.28618175e+00  2.40562339e+01 -5.64164570e-04 
 7.49894209e+00  2.40562339e+01 -5.80638473e-04 
 7.71791516e+00  2.40562339e+01 -5.97593423e-04 
 7.94328235e+00  2.40562339e+01 -6.15043466e-04 
 8.17523038e+00  2.40562339e+01 -6.33003059e-04 
 8.41395142e+00  2.40562339e+01 -6.51487082e-04 
 8.65964323e+00  2.40562339e+01 -6.70510848e-04 
 8.91250938e+00  2.40562339e+01 -6.90090119e-04 
 9.17275935e+00  2.40562339e+01 -7.10241114e-04 
 9.44060876e+00  2.40562339e+01 -7.30980529e-04 
 9.71627952e+00  2.40562339e+01 -7.52325546e-04 
 1.00000000e+01  2.40562339e+01 -7.74293848e-04 
 1.02920053e+01  2.40562339e+01 -7.96903637e-04 
 1.05925373e+01  2.40562339e+01 -8.20173643e-04 
 1.09018449e+01  2.40562339e+01 -8.44123146e-04 
 1.12201845e+01  2.40562339e+01 -8.68771987e-04 
 1.15478198e+01  2.40562339e+01 -8.94140587e-04 
 1.18850223e+01  2.40562339e+01 -9.20249963e-04 
 1.22320712e+01  2.40562339e+01 -9.47121747e-04 
 1.25892541e+01  2.40562339e+01 -9.74778202e-04 
 1.29568670e+01  2.40562339e+01 -1.00324224e-03 
 1.33352143e+01  2.40562339e+01 -1.03253744e-03 
 1.37246096e+01  2.40562339e+01 -1.06268808e-03 
 1.41253754e+01  2.40562339e+01 -1.09371913e-03 
 1.45378439e+01  2.40562339e+01 -1.12565631e-03 
 1.49623566e+01  2.40562339e+01 -1.15852606e-03 
 1.53992653e+01  2.40562339e+01 -1.19235564e-03 
 1.58489319e+01  2.40562339e+01 -1.22717305e-03 
 1.63117291e+01  2.40562339e+01 -1.26300715e-03 
 1.67880402e+01  2.40562339e+01 -1.29988762e-03 
 1.72782598e+01  2.40562339e+01 -1.33784503e-03 
 1.77827941e+01  2.40562339e+01 -1.37691081e-03 
 1.83020611e+01  2.40562339e+01 -1.41711733e-03 
 1.88364909e+01  2.40562339e+01 -1.45849790e-03 
 1.93865264e+01  2.40562339e+01 -1.50108681e-03 
 1.99526231e+01  2.40562339e+01 -1.54491934e-03 
 2.05352503e+01  2.40562339e+01 -1.59003179e-03 
 2.11348904e+01  2.40562339e+01 -1.63646156e-03 
 2.17520403e+01  2.40562339e+01 -1.68424710e-03 
 2.23872114e+01  2.40562339e+01 -1.73342801e-03 
 2.30409298e+01  2.40562339e+01 -1.78404502e-03 
 2.37137371e+01  2.40562339e+01 -1.83614007e-03 
 2.44061907e+01  2.40562339e+01 -1.88975633e-03 
 2.51188643e+01  2.40562339e+01 -1.94493821e-03 
 2.58523484e+01  2.40562339e+01 -2.00173143e-03 
 2.66072506e+01  2.40562339e+01 -2.06018305e-03 
 2.73841963e+01  2.40562339e+01 -2.12034148e-03 
 2.81838293e+01  2.40562339e+01 -2.18225657e-03 
 2.90068120e+01  2.40562339e+01 -2.24597961e-03 
 2.98538262e+01  2.40562339e+01 -2.31156340e-03 
 3.07255737e+01  2.40562339e+01 -2.37906227e-03 
 3.16227766e+01  2.40562339e+01 -2.44853214e-03 
 3.25461783e+01  2.40562339e+01 -2.52003057e-03 
 3.34965439e+01  2.40562339e+01 -2.59361679e-03 
 3.44746607e+01  2.40562339e+01 -2.66935177e-03 
 3.54813389e+01  2.40562339e+01 -2.74729824e-03 
 3.65174127e+01  2.40562339e+01 -2.82752080e-03 
 3.75837404e+01  2.40562339e+01 -2.91008590e-03 
 3.86812055e+01  2.40562339e+01 -2.99506194e-03 
 3.98107171e+01  2.40562339e+01 -3.08251933e-03 
 4.09732110e+01  2.40562339e+01 -3.17253052e-03 
 4.21696503e+01  2.40562339e+01 -3.26517008e-03 
 4.34010264e+01  2.40562339e+01 -3.36051477e-03 
 4.46683592e+01  2.40562339e+01 -3.45864357e-03 
 4.59726989e+01  2.40562339e+01 -3.55963779e-03 
 4.73151259e+01  2.40562339e+01 -3.66358109e-03 
 4.86967525e+01  2.40562339e+01 -3.77055959e-03 
 5.01187234e+01  2.40562339e+01 -3.88066192e-03 
 5.15822165e+01  2.40562339e+01 -3.99397929e-03 
 5.30884444e+01  2.40562339e+01 -4.11060559e-03 
 5.46386550e+01  2.40562339e+01 -4.23063744e-03 
 5.62341325e+01  2.40562339e+01 -4.35417429e-03 
 5.78761988e+01  2.40562339e+01 -4.48131847e-03 
 5.95662144e+01  2.40562339e+01 -4.61217533e-03 
 6.13055792e+01  2.40562339e+01 -4.74685328e-03 
 6.30957344e+01  2.40562339e+01 -4.88546390e-03 
 6.49381632e+01  2.40562339e+01 -5.02812202e-03 
 6.68343918e+01  2.40562339e+01 -5.17494584e-03 
 6.87859912e+01  2.40562339e+01 -5.32605698e-03 
 7.07945784e+01  2.40562339e+01 -5.48158065e-03 
 7.28618175e+01  2.40562339e+01 -5.64164570e-03 
 7.49894209e+01  2.40562339e+01 -5.80638473e-03 
 7.71791516e+01  2.40562339e+01 -5.97593422e-03 
 7.94328235e+01  2.40562339e+01 -6.15043465e-03 
 8.17523038e+01  2.40562339e+01 -6.33003059e-03 
 8.41395142e+01  2.40562339e+01 -6.51487082e-03 
 8.65964323e+01  2.40562339e+01 -6.70510848e-03 
 8.91250938e+01  2.40562339e+01 -6.90090118e-03 
 9.17275935e+01  2.40562339e+01 -7.10241113e-03 
 9.44060876e+01  2.40562339e+01 -7.30980528e-03 
 9.71627952e+01  2.40562339e+01 -7.52325545e-03 
 1.00000000e+02  2.40562339e+01 -7.74293847e-03 
 1.02920053e+02  2.40562339e+01 -7.96903636e-03 
 1.05925373e+02  2.40562339e+01 -8.20173642e-03 
 1.09018449e+02  2.40562339e+01 -8.44123145e-03 
 1.12201845e+02  2.40562339e+01 -8.68771986e-03 
 1.15478198e+02  2.40562339e+01 -8.94140586e-03 
 1.18850223e+02  2.40562339e+01 -9.20249962e-03 
 1.22320712e+02  2.40562339e+01 -9.47121746e-03 
 1.25892541e+02  2.40562339e+01 -9.74778200e-03 
 1.29568670e+02  2.40562339e+01 -1.00324224e-02 
 1.33352143e+02  2.40562339e+01 -1.03253744e-02 
 1.37246096e+02  2.40562339e+01 -1.06268808e-02 
 1.41253754e+02  2.40562339e+01 -1.09371913e-02 
 1.45378439e+02  2.40562339e+01 -1.12565630e-02 
 1.49623566e+02  2.40562339e+01 -1.15852606e-02 
 1.53992653e+02  2.40562339e+01 -1.19235563e-02 
 1.58489319e+02  2.40562339e+01 -1.22717305e-02 
 1.63117291e+02  2.40562338e+01 -1.26300715e-02 
 1.67880402e+02  2.40562338e+01 -1.29988762e-02 
 1.72782598e+02  2.40562338e+01 -1.33784502e-02 
 1.77827941e+02  2.40562338e+01 -1.37691080e-02 
 1.83020611e+02  2.40562338e+01 -1.41711732e-02 
 1.88364909e+02  2.40562338e+01 -1.45849790e-02 
 1.93865264e+02  2.40562338e+01 -1.50108680e-02 
 1.99526231e+02  2.40562338e+01 -1.54491933e-02 
 2.05352503e+02  2.40562338e+01 -1.59003179e-02 
 2.11348904e+02  2.40562338e+01 -1.63646155e-02 
 2.17520403e+02  2.40562338e+01 -1.68424709e-02 
 2.23872114e+02  2.40562338e+01 -1.73342800e-02 
 2.30409298e+02  2.40562338e+01 -1.78404501e-02 
 2.37137371e+02  2.40562337e+01 -1.83614006e-02 
 2.44061907e+02  2.40562337e+01 -1.88975632e-02 
 2.51188643e+02  2.40562337e+01 -1.94493820e-02 
 2.58523484e+02  2.40562337e+01 -2.00173142e-02 
 2.66072506e+02  2.40562337e+01 -2.06018303e-02 
 2.73841963e+02  2.40562337e+01 -2.12034146e-02 
 2.81838293e+02  2.40562337e+01 -2.18225655e-02 
 2.90068120e+02  2.40562336e+01 -2.24597959e-02 
 2.98538262e+02  2.40562336e+01 -2.31156338e-02 
 3.07255737e+02  2.40562336e+01 -2.37906224e-02 
 3.16227766e+02  2.40562336e+01 -2.44853211e-02 
 3.25461783e+02  2.40562336e+01 -2.52003054e-02 
 3.34965439e+02  2.40562335e+01 -2.59361676e-02 
 3.44746607e+02  2.40562335e+01 -2.66935173e-02 
 3.54813389e+02  2.40562335e+01 -2.74729821e-02 
 3.65174127e+02  2.40562335e+01 -2.82752076e-02 
 3.75837404e+02  2.40562334e+01 -2.91008586e-02 
 3.86812055e+02  2.40562334e+01 -2.99506190e-02 
 3.98107171e+02  2.40562334e+01 -3.08251928e-02 
 4.09732110e+02  2.40562334e+01 -3.17253047e-02 
 4.21696503e+02  2.40562333e+01 -3.26517003e-02 
 4.34010264e+02  2.40562333e+01 -3.36051471e-02 
 4.46683592e+02  2.40562332e+01 -3.45864351e-02 
 4.59726989e+02  2.40562332e+01 -3.55963772e-02 
 4.73151259e+02  2.40562332e+01 -3.66358101e-02 
 4.86967525e+02  2.40562331e+01 -3.77055950e-02 
 5.01187234e+02  2.40562331e+01 -3.88066182e-02 
 5.15822165e+02  2.40562330e+01 -3.99397919e-02 
 5.30884444e+02  2.40562330e+01 -4.11060548e-02 
 5.46386550e+02  2.40562329e+01 -4.23063732e-02 
 5.62341325e+02  2.40562328e+01 -4.35417415e-02 
 5.78761988e+02  2.40562328e+01 -4.48131832e-02 
 5.95662144e+02  2.40562327e+01 -4.61217517e-02 
 6.13055792e+02  2.40562326e+01 -4.74685311e-02 
 6.30957344e+02  2.40562325e+01 -4.88546371e-02 
 6.49381632e+02  2.40562325e+01 -5.02812181e-02 
 6.68343918e+02  2.40562324e+01 -5.17494561e-02 
 6.87859912e+02  2.40562323e+01 -5.32605673e-02 
 7.07945784e+02  2.40562322e+01 -5.48158038e-02 
 7.28618175e+02  2.40562321e+01 -5.64164540e-02 
 7.49894209e+02  2.40562320e+01 -5.80638441e-02 
 7.71791516e+02  2.40562319e+01 -5.97593387e-02 
 7.94328235e+02  2.40562317e+01 -6.15043427e-02 
 8.17523038e+02  2.40562316e+01 -6.33003017e-02 
 8.41395142e+02  2.40562315e+01 -6.51487036e-02 
 8.65964323e+02  2.40562313e+01 -6.70510798e-02 
 8.91250938e+02  2.40562312e+01 -6.90090064e-02 
 9.17275935e+02  2.40562310e+01 -7.10241054e-02 
 9.44060876e+02  2.40562308e+01 -7.30980464e-02 
 9.71627952e+02  2.40562306e+01 -7.52325475e-02 
 1.00000000e+03  2.40562304e+01 -7.74293771e-02 
 1.02920053e+03  2.40562302e+01 -7.96903553e-02 
 1.05925373e+03  2.40562300e+01 -8.20173552e-02 
 1.09018449e+03  2.40562298e+01 -8.44123046e-02 
 1.12201845e+03  2.40562295e+01 -8.68771878e-02 
 1.15478198e+03  2.40562293e+01 -8.94140468e-02 
 1.18850223e+03  2.40562290e+01 -9.20249834e-02 
 1.22320712e+03  2.40562287e+01 -9.47121606e-02 
 1.25892541e+03  2.40562284e+01 -9.74778048e-02 
 1.29568670e+03  2.40562281e+01 -1.00324207e-01 
 1.33352143e+03  2.40562277e+01 -1.03253726e-01 
 1.37246096e+03  2.40562273e+01 -1.06268788e-01 
 1.41253754e+03  2.40562270e+01 -1.09371891e-01 
 1.45378439e+03  2.40562265e+01 -1.12565607e-01 
 1.49623566e+03  2.40562261e+01 -1.15852581e-01 
 1.53992653e+03  2.40562256e+01 -1.19235535e-01 
 1.58489319e+03  2.40562251e+01 -1.22717274e-01 
 1.63117291e+03  2.40562246e+01 -1.26300681e-01 
 1.67880402e+03  2.40562241e+01 -1.29988726e-01 
 1.72782598e+03  2.40562235e+01 -1.33784463e-01 
 1.77827941e+03  2.40562229e+01 -1.37691037e-01 
 1.83020611e+03  2.40562222e+01 -1.41711686e-01 
 1.88364909e+03  2.40562215e+01 -1.45849739e-01 
 1.93865264e+03  2.40562208e+01 -1.50108625e-01 
 1.99526231e+03  2.40562200e+01 -1.54491872e-01 
 2.05352503e+03  2.40562192e+01 -1.59003113e-01 
 2.11348904e+03  2.40562183e+01 -1.63646084e-01 
 2.17520403e+03  2.40562174e+01 -1.68424631e-01 
 2.23872114e+03  2.40562164e+01 -1.73342714e-01 
 2.30409298e+03  2.40562154e+01 -1.78404408e-01 
 2.37137371e+03  2.40562143e+01 -1.83613905e-01 
 2.44061907e+03  2.40562131e+01 -1.88975521e-01 
 2.51188643e+03  2.40562119e+01 -1.94493699e-01 
 2.58523484e+03  2.40562105e+01 -2.00173010e-01 
 2.66072506e+03  2.40562092e+01 -2.06018160e-01 
 2.73841963e+03  2.40562077e+01 -2.12033990e-01 
 2.81838293e+03  2.40562061e+01 -2.18225484e-01 
 2.90068120e+03  2.40562045e+01 -2.24597773e-01 
 2.98538262e+03  2.40562027e+01 -2.31156135e-01 
 3.07255737e+03  2.40562009e+01 -2.37906003e-01 
 3.16227766e+03  2.40561989e+01 -2.44852971e-01 
 3.25461783e+03  2.40561969e+01 -2.52002792e-01 
 3.34965439e+03  2.40561947e+01 -2.59361390e-01 
 3.44746607e+03  2.40561923e+01 -2.66934861e-01 
 3.54813389e+03  2.40561899e+01 -2.74729481e-01 
 3.65174127e+03  2.40561873e+01 -2.82751706e-01 
 3.75837404e+03  2.40561845e+01 -2.91008182e-01 
 3.86812055e+03  2.40561816e+01 -2.99505749e-01 
 3.98107171e+03  2.40561785e+01 -3.08251448e-01 
 4.09732110e+03  2.40561752e+01 -3.17252523e-01 
 4.21696503e+03  2.40561717e+01 -3.26516431e-01 
 4.34010264e+03  2.40561680e+01 -3.36050848e-01 
 4.46683592e+03  2.40561641e+01 -3.45863672e-01 
 4.59726989e+03  2.40561600e+01 -3.55963031e-01 
 4.73151259e+03  2.40561556e+01 -3.66357294e-01 
 4.86967525e+03  2.40561509e+01 -3.77055070e-01 
 5.01187234e+03  2.40561460e+01 -3.88065223e-01 
 5.15822165e+03  2.40561408e+01 -3.99396873e-01 
 5.30884444e+03  2.40561353e+01 -4.11059408e-01 
 5.46386550e+03  2.40561294e+01 -4.23062489e-01 
 5.62341325e+03  2.40561232e+01 -4.35416060e-01 
 5.78761988e+03  2.40561167e+01 -4.48130355e-01 
 5.95662144e+03  2.40561097e+01 -4.61215907e-01 
 6.13055792e+03  2.40561024e+01 -4.74683556e-01 
 6.30957344e+03  2.40560946e+01 -4.88544457e-01 
 6.49381632e+03  2.40560863e+01 -5.02810095e-01 
 6.68343918e+03  2.40560776e+01 -5.17492287e-01 
 6.87859912e+03  2.40560683e+01 -5.32603194e-01 
 7.07945784e+03  2.40560585e+01 -5.48155336e-01 
 7.28618175e+03  2.40560481e+01 -5.64161594e-01 
 7.49894209e+03  2.40560371e+01 -5.80635228e-01 
 7.71791516e+03  2.40560254e+01 -5.97589885e-01 
 7.94328235e+03  2.40560131e+01 -6.15039609e-01 
 8.17523038e+03  2.40560000e+01 -6.32998855e-01 
 8.41395142e+03  2.40559861e+01 -6.51482499e-01 
 8.65964323e+03  2.40559714e+01 -6.70505852e-01 
 8.91250938e+03  2.40559559e+01 -6.90084671e-01 
 9.17275935e+03  2.40559394e+01 -7.10235175e-01 
 9.44060876e+03  2.40559220e+01 -7.30974055e-01 
 9.71627952e+03  2.40559035e+01 -7.52318488e-01 
 1.00000000e+04  2.40558839e+01 -7.74286154e-01 
 1.02920053e+04  2.40558632e+01 -7.96895248e-01 
 1.05925373e+04  2.40558412e+01 -8.20164498e-01 
 1.09018449e+04  2.40558179e+01 -8.44113176e-01 
 1.12201845e+04  2.40557933e+01 -8.68761118e-01 
 1.15478198e+04  2.40557672e+01 -8.94128738e-01 
 1.18850223e+04  2.40557395e+01 -9.20237045e-01 
 1.22320712e+04  2.40557102e+01 -9.47107665e-01 
 1.25892541e+04  2.40556792e+01 -9.74762849e-01 
 1.29568670e+04  2.40556463e+01 -1.00322550e+00 
 1.33352143e+04  2.40556115e+01 -1.03251919e+00 
 1.37246096e+04  2.40555746e+01 -1.06266819e+00 
 1.41253754e+04  2.40555355e+01 -1.09369744e+00 
 1.45378439e+04  2.40554941e+01 -1.12563266e+00 
 1.49623566e+04  2.40554503e+01 -1.15850029e+00 
 1.53992653e+04  2.40554039e+01 -1.19232754e+00 
 1.58489319e+04  2.40553547e+01 -1.22714242e+00 
 1.63117291e+04  2.40553026e+01 -1.26297375e+00 
 1.67880402e+04  2.40552474e+01 -1.29985122e+00 
 1.72782598e+04  2.40551890e+01 -1.33780534e+00 
 1.77827941e+04  2.40551270e+01 -1.37686754e+00 
 1.83020611e+04  2.40550615e+01 -1.41707016e+00 
 1.88364909e+04  2.40549920e+01 -1.45844648e+00 
 1.93865264e+04  2.40549184e+01 -1.50103074e+00 
 1.99526231e+04  2.40548404e+01 -1.54485821e+00 
 2.05352503e+04  2.40547579e+01 -1.58996516e+00 
 2.11348904e+04  2.40546704e+01 -1.63638892e+00 
 2.17520403e+04  2.40545778e+01 -1.68416791e+00 
 2.23872114e+04  2.40544796e+01 -1.73334167e+00 
 2.30409298e+04  2.40543757e+01 -1.78395089e+00 
 2.37137371e+04  2.40542656e+01 -1.83603746e+00 
 2.44061907e+04  2.40541490e+01 -1.88964446e+00 
 2.51188643e+04  2.40540254e+01 -1.94481626e+00 
 2.58523484e+04  2.40538946e+01 -2.00159848e+00 
 2.66072506e+04  2.40537560e+01 -2.06003810e+00 
 2.73841963e+04  2.40536092e+01 -2.12018346e+00 
 2.81838293e+04  2.40534536e+01 -2.18208430e+00 
 2.90068120e+04  2.40532889e+01 -2.24579181e+00 
 2.98538262e+04  2.40531144e+01 -2.31135866e+00 
 3.07255737e+04  2.40529296e+01 -2.37883906e+00 
 3.16227766e+04  2.40527338e+01 -2.44828881e+00 
 3.25461783e+04  2.40525264e+01 -2.51976529e+00 
 3.34965439e+04  2.40523068e+01 -2.59332759e+00 
 3.44746607e+04  2.40520741e+01 -2.66903648e+00 
 3.54813389e+04  2.40518276e+01 -2.74695453e+00 
 3.65174127e+04  2.40515666e+01 -2.82714608e+00 
 3.75837404e+04  2.40512900e+01 -2.90967739e+00 
 3.86812055e+04  2.40509971e+01 -2.99461659e+00 
 3.98107171e+04  2.40506869e+01 -3.08203381e+00 
 4.09732110e+04  2.40503582e+01 -3.17200121e+00 
 4.21696503e+04  2.40500101e+01 -3.26459304e+00 
 4.34010264e+04  2.40496414e+01 -3.35988568e+00 
 4.46683592e+04  2.40492508e+01 -3.45795775e+00 
 4.59726989e+04  2.40488371e+01 -3.55889011e+00 
 4.73151259e+04  2.40483989e+01 -3.66276598e+00 
 4.86967525e+04  2.40479348e+01 -3.76967096e+00 
 5.01187234e+04  2.40474431e+01 -3.87969314e+00 
 5.15822165e+04  2.40469224e+01 -3.99292314e+00 
 5.30884444e+04  2.40463707e+01 -4.10945419e+00 
 5.46386550e+04  2.40457865e+01 -4.22938219e+00 
 5.62341325e+04  2.40451676e+01 -4.35280583e+00 
 5.78761988e+04  2.40445120e+01 -4.47982659e+00 
 5.95662144e+04  2.40438177e+01 -4.61054889e+00 
 6.13055792e+04  2.40430822e+01 -4.74508015e+00 
 6.30957344e+04  2.40423032e+01 -4.88353085e+00 
 6.49381632e+04  2.40414780e+01 -5.02601462e+00 
 6.68343918e+04  2.40406040e+01 -5.17264836e+00 
 6.87859912e+04  2.40396782e+01 -5.32355229e+00 
 7.07945784e+04  2.40386976e+01 -5.47885005e+00 
 7.28618175e+04  2.40376590e+01 -5.63866881e+00 
 7.49894209e+04  2.40365589e+01 -5.80313934e+00 
 7.71791516e+04  2.40353937e+01 -5.97239611e+00 
 7.94328235e+04  2.40341594e+01 -6.14657741e+00 
 8.17523038e+04  2.40328522e+01 -6.32582543e+00 
 8.41395142e+04  2.40314676e+01 -6.51028637e+00 
 8.65964323e+04  2.40300010e+01 -6.70011052e+00 
 8.91250938e+04  2.40284476e+01 -6.89545240e+00 
 9.17275935e+04  2.40268023e+01 -7.09647087e+00 
 9.44060876e+04  2.40250597e+01 -7.30332920e+00 
 9.71627952e+04  2.40232140e+01 -7.51619521e+00 
 1.00000000e+05  2.40212591e+01 -7.73524137e+00 
 1.02920053e+05  2.40191886e+01 -7.96064494e+00 
 1.05925373e+05  2.40169956e+01 -8.19258805e+00 
 1.09018449e+05  2.40146729e+01 -8.43125783e+00 
 1.12201845e+05  2.40122129e+01 -8.67684654e+00 
 1.15478198e+05  2.40096074e+01 -8.92955166e+00 
 1.18850223e+05  2.40068479e+01 -9.18957605e+00 
 1.22320712e+05  2.40039253e+01 -9.45712803e+00 
 1.25892541e+05  2.40008300e+01 -9.73242151e+00 
 1.29568670e+05  2.39975518e+01 -1.00156761e+01 
 1.33352143e+05  2.39940799e+01 -1.03071174e+01 
 1.37246096e+05  2.39904029e+01 -1.06069766e+01 
 1.41253754e+05  2.39865088e+01 -1.09154914e+01 
 1.45378439e+05  2.39823848e+01 -1.12329054e+01 
 1.49623566e+05  2.39780174e+01 -1.15594685e+01 
 1.53992653e+05  2.39733921e+01 -1.18954371e+01 
 1.58489319e+05  2.39684940e+01 -1.22410741e+01 
 1.63117291e+05  2.39633069e+01 -1.25966490e+01 
 1.67880402e+05  2.39578140e+01 -1.29624380e+01 
 1.72782598e+05  2.39519972e+01 -1.33387241e+01 
 1.77827941e+05  2.39458376e+01 -1.37257973e+01 
 1.83020611e+05  2.39393152e+01 -1.41239542e+01 
 1.88364909e+05  2.39324085e+01 -1.45334990e+01 
 1.93865264e+05  2.39250953e+01 -1.49547424e+01 
 1.99526231e+05  2.39173517e+01 -1.53880027e+01 
 2.05352503e+05  2.39091526e+01 -1.58336052e+01 
 2.11348904e+05  2.39004715e+01 -1.62918822e+01 
 2.17520403e+05  2.38912801e+01 -1.67631735e+01 
 2.23872114e+05  2.38815489e+01 -1.72478258e+01 
 2.30409298e+05  2.38712464e+01 -1.77461932e+01 
 2.37137371e+05  2.38603395e+01 -1.82586366e+01 
 2.44061907e+05  2.38487932e+01 -1.87855242e+01 
 2.51188643e+05  2.38365702e+01 -1.93272307e+01 
 2.58523484e+05  2.38236317e+01 -1.98841378e+01 
 2.66072506e+05  2.38099361e+01 -2.04566337e+01 
 2.73841963e+05  2.37954400e+01 -2.10451128e+01 
 2.81838293e+05  2.37800973e+01 -2.16499757e+01 
 2.90068120e+05  2.37638593e+01 -2.22716286e+01 
 2.98538262e+05  2.37466747e+01 -2.29104834e+01 
 3.07255737e+05  2.37284896e+01 -2.35669567e+01 
 3.16227766e+05  2.37092468e+01 -2.42414696e+01 
 3.25461783e+05  2.36888862e+01 -2.49344473e+01 
 3.34965439e+05  2.36673445e+01 -2.56463184e+01 
 3.44746607e+05  2.36445549e+01 -2.63775140e+01 
 3.54813389e+05  2.36204471e+01 -2.71284672e+01 
 3.65174127e+05  2.35949471e+01 -2.78996120e+01 
 3.75837404e+05  2.35679772e+01 -2.86913827e+01 
 3.86812055e+05  2.35394555e+01 -2.95042123e+01 
 3.98107171e+05  2.35092960e+01 -3.03385317e+01 
 4.09732110e+05  2.34774084e+01 -3.11947684e+01 
 4.21696503e+05  2.34436980e+01 -3.20733448e+01 
 4.34010264e+05  2.34080652e+01 -3.29746769e+01 
 4.46683592e+05  2.33704060e+01 -3.38991723e+01 
 4.59726989e+05  2.33306112e+01 -3.48472286e+01 
 4.73151259e+05  2.32885666e+01 -3.58192313e+01 
 4.86967525e+05  2.32441529e+01 -3.68155514e+01 
 5.01187234e+05  2.31972454e+01 -3.78365433e+01 
 5.15822165e+05  2.31477142e+01 -3.88825422e+01 
 5.30884444e+05  2.30954239e+01 -3.99538610e+01 
 5.46386550e+05  2.30402335e+01 -4.10507882e+01 
 5.62341325e+05  2.29819965e+01 -4.21735838e+01 
 5.78761988e+05  2.29205611e+01 -4.33224769e+01 
 5.95662144e+05  2.28557699e+01 -4.44976618e+01 
 6.13055792e+05  2.27874602e+01 -4.56992947e+01 
 6.30957344e+05  2.27154640e+01 -4.69274895e+01 
 6.49381632e+05  2.26396083e+01 -4.81823147e+01 
 6.68343918e+05  2.25597154e+01 -4.94637886e+01 
 6.87859912e+05  2.24756029e+01 -5.07718760e+01 
 7.07945784e+05  2.23870845e+01 -5.21064837e+01 
 7.28618175e+05  2.22939700e+01 -5.34674567e+01 
 7.49894209e+05  2.21960661e+01 -5.48545739e+01 
 7.71791516e+05  2.20931770e+01 -5.62675446e+01 
 7.94328235e+05  2.19851046e+01 -5.77060046e+01 
 8.17523038e+05  2.18716500e+01 -5.91695127e+01 
 8.41395142e+05  2.17526136e+01 -6.06575477e+01 
 8.65964323e+05  2.16277965e+01 -6.21695054e+01 
 8.91250938e+05  2.14970010e+01 -6.37046963e+01 
 9.17275935e+05  2.13600321e+01 -6.52623442e+01 
 9.44060876e+05  2.12166985e+01 -6.68415844e+01 
 9.71627952e+05  2.10668134e+01 -6.84414639e+01 
 1.00000000e+06  2.09101962e+01 -7.00609411e+01 
 1.02920053e+06  2.07466732e+01 -7.16988875e+01 
 1.05925373e+06  2.05760792e+01 -7.33540891e+01 
 1.09018449e+06  2.03982590e+01 -7.50252498e+01 
 1.12201845e+06  2.02130677e+01 -7.67109949e+01 
 1.15478198e+06  2.00203728e+01 -7.84098761e+01 
 1.18850223e+06  1.98200548e+01 -8.01203770e+01 
 1.22320712e+06  1.96120086e+01 -8.18409201e+01 
 1.25892541e+06  1.93961440e+01 -8.35698735e+01 
 1.29568670e+06  1.91723867e+01 -8.53055597e+01 
 1.33352143e+06  1.89406793e+01 -8.70462642e+01 
 1.37246096e+06  1.87009814e+01 -8.87902448e+01 
 1.41253754e+06  1.84532702e+01 -9.05357414e+01 
 1.45378439e+06  1.81975408e+01 -9.22809861e+01 
 1.49623566e+06  1.79338058e+01 -9.40242132e+01 
 1.53992653e+06  1.76620959e+01 -9.57636697e+01 
 1.58489319e+06  1.73824590e+01 -9.74976247e+01 
 1.63117291e+06  1.70949601e+01 -9.92243794e+01 
 1.67880402e+06  1.67996804e+01 -1.00942276e+02 
 1.72782598e+06  1.64967167e+01 -1.02649707e+02 
 1.77827941e+06  1.61861809e+01 -1.04345121e+02 
 1.83020611e+06  1.58681981e+01 -1.06027032e+02 
 1.88364909e+06  1.55429064e+01 -1.07694026e+02 
 1.93865264e+06  1.52104556e+01 -1.09344763e+02 
 1.99526231e+06  1.48710054e+01 -1.10977985e+02 
 2.05352503e+06  1.45247250e+01 -1.12592518e+02 
 2.11348904e+06  1.41717913e+01 -1.14187271e+02 
 2.17520403e+06  1.38123878e+01 -1.15761247e+02 
 2.23872114e+06  1.34467037e+01 -1.17313533e+02 
 2.30409298e+06  1.30749321e+01 -1.18843306e+02 
 2.37137371e+06  1.26972696e+01 -1.20349832e+02 
 2.44061907e+06  1.23139144e+01 -1.21832463e+02 
 2.51188643e+06  1.19250662e+01 -1.23290635e+02 
 2.58523484e+06  1.15309245e+01 -1.24723866e+02 
 2.66072506e+06  1.11316882e+01 -1.26131754e+02 
 2.73841963e+06  1.07275545e+01 -1.27513972e+02 
 2.81838293e+06  1.03187186e+01 -1.28870265e+02 
 2.90068120e+06  9.90537269e+00 -1.30200448e+02 
 2.98538262e+06  9.48770547e+00 -1.31504397e+02 
 3.07255737e+06  9.06590190e+00 -1.32782052e+02 
 3.16227766e+06  8.64014259e+00 -1.34033408e+02 
 3.25461783e+06  8.21060354e+00 -1.35258512e+02 
 3.34965439e+06  7.77745583e+00 -1.36457460e+02 
 3.44746607e+06  7.34086547e+00 -1.37630392e+02 
 3.54813389e+06  6.90099317e+00 -1.38777488e+02 
 3.65174127e+06  6.45799427e+00 -1.39898968e+02 
 3.75837404e+06  6.01201865e+00 -1.40995082e+02 
 3.86812055e+06  5.56321071e+00 -1.42066112e+02 
 3.98107171e+06  5.11170936e+00 -1.43112366e+02 
 4.09732110e+06  4.65764806e+00 -1.44134177e+02 
 4.21696503e+06  4.20115490e+00 -1.45131898e+02 
 4.34010264e+06  3.74235263e+00 -1.46105902e+02 
 4.46683592e+06  3.28135880e+00 -1.47056577e+02 
 4.59726989e+06  2.81828588e+00 -1.47984325e+02 
 4.73151259e+06  2.35324134e+00 -1.48889560e+02 
 4.86967525e+06  1.88632784e+00 -1.49772705e+02 
 5.01187234e+06  1.41764336e+00 -1.50634191e+02 
 5.15822165e+06  9.47281326e-01 -1.51474456e+02 
 5.30884444e+06  4.75330815e-01 -1.52293943e+02 
 5.46386550e+06  1.87667030e-03 -1.53093098e+02 
 5.62341325e+06 -4.73000316e-01 -1.53872368e+02 
 5.78761988e+06 -9.49223247e-01 -1.54632203e+02 
 5.95662144e+06 -1.42671896e+00 -1.55373051e+02 
 6.13055792e+06 -1.90541787e+00 -1.56095362e+02 
 6.30957344e+06 -2.38525382e+00 -1.56799581e+02 
 6.49381632e+06 -2.86616390e+00 -1.57486154e+02 
 6.68343918e+06 -3.34808834e+00 -1.58155522e+02 
 6.87859912e+06 -3.83097032e+00 -1.58808121e+02 
 7.07945784e+06 -4.31475587e+00 -1.59444387e+02 
 7.28618175e+06 -4.79939369e+00 -1.60064748e+02 
 7.49894209e+06 -5.28483504e+00 -1.60669630e+02 
 7.71791516e+06 -5.77103362e+00 -1.61259450e+02 
 7.94328235e+06 -6.25794541e+00 -1.61834623e+02 
 8.17523038e+06 -6.74552860e+00 -1.62395558e+02 
 8.41395142e+06 -7.23374341e+00 -1.62942657e+02 
 8.65964323e+06 -7.72255203e+00 -1.63476317e+02 
 8.91250938e+06 -8.21191850e+00 -1.63996929e+02 
 9.17275935e+06 -8.70180860e+00 -1.64504877e+02 
 9.44060876e+06 -9.19218976e+00 -1.65000539e+02 
 9.71627952e+06 -9.68303093e+00 -1.65484290e+02 
 1.00000000e+07 -1.01743025e+01 -1.65956494e+02 
 1.02920053e+07 -1.06659764e+01 -1.66417513e+02 
 1.05925373e+07 -1.11580256e+01 -1.66867701e+02 
 1.09018449e+07 -1.16504244e+01 -1.67307408e+02 
 1.12201845e+07 -1.21431483e+01 -1.67736975e+02 
 1.15478198e+07 -1.26361738e+01 -1.68156740e+02 
 1.18850223e+07 -1.31294782e+01 -1.68567036e+02 
 1.22320712e+07 -1.36230401e+01 -1.68968188e+02 
 1.25892541e+07 -1.41168386e+01 -1.69360518e+02 
 1.29568670e+07 -1.46108539e+01 -1.69744343e+02 
 1.33352143e+07 -1.51050666e+01 -1.70119973e+02 
 1.37246096e+07 -1.55994584e+01 -1.70487717e+02 
 1.41253754e+07 -1.60940112e+01 -1.70847875e+02 
 1.45378439e+07 -1.65887078e+01 -1.71200747e+02 
 1.49623566e+07 -1.70835313e+01 -1.71546627e+02 
 1.53992653e+07 -1.75784656e+01 -1.71885806e+02 
 1.58489319e+07 -1.80734946e+01 -1.72218570e+02 
 1.63117291e+07 -1.85686030e+01 -1.72545203e+02 
 1.67880402e+07 -1.90637755e+01 -1.72865986e+02 
 1.72782598e+07 -1.95589976e+01 -1.73181198e+02 
 1.77827941e+07 -2.00542546e+01 -1.73491114e+02 
 1.83020611e+07 -2.05495322e+01 -1.73796008e+02 
 1.88364909e+07 -2.10448166e+01 -1.74096152e+02 
 1.93865264e+07 -2.15400937e+01 -1.74391815e+02 
 1.99526231e+07 -2.20353501e+01 -1.74683268e+02 
 2.05352503e+07 -2.25305721e+01 -1.74970778e+02 
 2.11348904e+07 -2.30257464e+01 -1.75254613e+02 
 2.17520403e+07 -2.35208596e+01 -1.75535040e+02 
 2.23872114e+07 -2.40158986e+01 -1.75812327e+02 
 2.30409298e+07 -2.45108502e+01 -1.76086742e+02 
 2.37137371e+07 -2.50057013e+01 -1.76358555e+02 
 2.44061907e+07 -2.55004390e+01 -1.76628035e+02 
 2.51188643e+07 -2.59950501e+01 -1.76895454e+02 
 2.58523484e+07 -2.64895219e+01 -1.77161086e+02 
 2.66072506e+07 -2.69838413e+01 -1.77425207e+02 
 2.73841963e+07 -2.74779957e+01 -1.77688096e+02 
 2.81838293e+07 -2.79719721e+01 -1.77950035e+02 
 2.90068120e+07 -2.84657580e+01 -1.78211311e+02 
 2.98538262e+07 -2.89593406e+01 -1.78472211e+02 
 3.07255737e+07 -2.94527076e+01 -1.78733030e+02 
 3.16227766e+07 -2.99458465e+01 -1.78994067e+02 
 3.25461783e+07 -3.04387451e+01 -1.79255624e+02 
 3.34965439e+07 -3.09313915e+01 -1.79518011e+02 
 3.44746607e+07 -3.14237739e+01 -1.79781542e+02 
 3.54813389e+07 -3.19158809e+01 -1.80046537e+02 
 3.65174127e+07 -3.24077013e+01 -1.80313324e+02 
 3.75837404e+07 -3.28992243e+01 -1.80582235e+02 
 3.86812055e+07 -3.33904396e+01 -1.80853609e+02 
 3.98107171e+07 -3.38813374e+01 -1.81127795e+02 
 4.09732110e+07 -3.43719084e+01 -1.81405146e+02 
 4.21696503e+07 -3.48621440e+01 -1.81686024e+02 
 4.34010264e+07 -3.53520361e+01 -1.81970795e+02 
 4.46683592e+07 -3.58415775e+01 -1.82259837e+02 
 4.59726989e+07 -3.63307619e+01 -1.82553532e+02 
 4.73151259e+07 -3.68195837e+01 -1.82852270e+02 
 4.86967525e+07 -3.73080384e+01 -1.83156447e+02 
 5.01187234e+07 -3.77961223e+01 -1.83466467e+02 
 5.15822165e+07 -3.82838331e+01 -1.83782739e+02 
 5.30884444e+07 -3.87711692e+01 -1.84105680e+02 
 5.46386550e+07 -3.92581306e+01 -1.84435710e+02 
 5.62341325e+07 -3.97447183e+01 -1.84773257e+02 
 5.78761988e+07 -4.02309346e+01 -1.85118750e+02 
 5.95662144e+07 -4.07167829e+01 -1.85472625e+02 
 6.13055792e+07 -4.12022680e+01 -1.85835320e+02 
 6.30957344e+07 -4.16873961e+01 -1.86207275e+02 
 6.49381632e+07 -4.21721744e+01 -1.86588933e+02 
 6.68343918e+07 -4.26566114e+01 -1.86980738e+02 
 6.87859912e+07 -4.31407168e+01 -1.87383133e+02 
 7.07945784e+07 -4.36245014e+01 -1.87796564e+02 
 7.28618175e+07 -4.41079769e+01 -1.88221473e+02 
 7.49894209e+07 -4.45911561e+01 -1.88658300e+02 
 7.71791516e+07 -4.50740524e+01 -1.89107486e+02 
 7.94328235e+07 -4.55566800e+01 -1.89569464e+02 
 8.17523038e+07 -4.60390537e+01 -1.90044669e+02 
 8.41395142e+07 -4.65211884e+01 -1.90533528e+02 
 8.65964323e+07 -4.70030995e+01 -1.91036466e+02 
 8.91250938e+07 -4.74848023e+01 -1.91553901e+02 
 9.17275935e+07 -4.79663120e+01 -1.92086248e+02 
 9.44060876e+07 -4.84476434e+01 -1.92633917e+02 
 9.71627952e+07 -4.89288108e+01 -1.93197313e+02 
 1.00000000e+08 -4.94098279e+01 -1.93776836e+02 
 1.02920053e+08 -4.98907073e+01 -1.94372880e+02 
 1.05925373e+08 -5.03714606e+01 -1.94985838e+02 
 1.09018449e+08 -5.08520981e+01 -1.95616097e+02 
 1.12201845e+08 -5.13326286e+01 -1.96264041e+02 
 1.15478198e+08 -5.18130595e+01 -1.96930051e+02 
 1.18850223e+08 -5.22933961e+01 -1.97614506e+02 
 1.22320712e+08 -5.27736421e+01 -1.98317783e+02 
 1.25892541e+08 -5.32537989e+01 -1.99040260e+02 
 1.29568670e+08 -5.37338660e+01 -1.99782312e+02 
 1.33352143e+08 -5.42138406e+01 -2.00544317e+02 
 1.37246096e+08 -5.46937173e+01 -2.01326652e+02 
 1.41253754e+08 -5.51734887e+01 -2.02129698e+02 
 1.45378439e+08 -5.56531448e+01 -2.02953837e+02 
 1.49623566e+08 -5.61326730e+01 -2.03799452e+02 
 1.53992653e+08 -5.66120583e+01 -2.04666933e+02 
 1.58489319e+08 -5.70912834e+01 -2.05556672e+02 
 1.63117291e+08 -5.75703280e+01 -2.06469063e+02 
 1.67880402e+08 -5.80491698e+01 -2.07404505e+02 
 1.72782598e+08 -5.85277837e+01 -2.08363403e+02 
 1.77827941e+08 -5.90061422e+01 -2.09346163e+02 
 1.83020611e+08 -5.94842156e+01 -2.10353194e+02 
 1.88364909e+08 -5.99619715e+01 -2.11384911e+02 
 1.93865264e+08 -6.04393756e+01 -2.12441728e+02 
 1.99526231e+08 -6.09163910e+01 -2.13524063e+02 
 2.05352503e+08 -6.13929788e+01 -2.14632333e+02 
 2.11348904e+08 -6.18690979e+01 -2.15766956e+02 
 2.17520403e+08 -6.23447053e+01 -2.16928348e+02 
 2.23872114e+08 -6.28197558e+01 -2.18116923e+02 
 2.30409298e+08 -6.32942027e+01 -2.19333089e+02 
 2.37137371e+08 -6.37679971e+01 -2.20577249e+02 
 2.44061907e+08 -6.42410887e+01 -2.21849799e+02 
 2.51188643e+08 -6.47134254e+01 -2.23151125e+02 
 2.58523484e+08 -6.51849537e+01 -2.24481600e+02 
 2.66072506e+08 -6.56556186e+01 -2.25841584e+02 
 2.73841963e+08 -6.61253640e+01 -2.27231423e+02 
 2.81838293e+08 -6.65941323e+01 -2.28651441e+02 
 2.90068120e+08 -6.70618651e+01 -2.30101943e+02 
 2.98538262e+08 -6.75285030e+01 -2.31583211e+02 
 3.07255737e+08 -6.79939857e+01 -2.33095499e+02 
 3.16227766e+08 -6.84582523e+01 -2.34639034e+02 
 3.25461783e+08 -6.89212415e+01 -2.36214010e+02 
 3.34965439e+08 -6.93828912e+01 -2.37820586e+02 
 3.44746607e+08 -6.98431397e+01 -2.39458886e+02 
 3.54813389e+08 -7.03019246e+01 -2.41128992e+02 
 3.65174127e+08 -7.07591842e+01 -2.42830943e+02 
 3.75837404e+08 -7.12148565e+01 -2.44564733e+02 
 3.86812055e+08 -7.16688805e+01 -2.46330308e+02 
 3.98107171e+08 -7.21211954e+01 -2.48127562e+02 
 4.09732110e+08 -7.25717414e+01 -2.49956335e+02 
 4.21696503e+08 -7.30204596e+01 -2.51816414e+02 
 4.34010264e+08 -7.34672923e+01 -2.53707525e+02 
 4.46683592e+08 -7.39121831e+01 -2.55629334e+02 
 4.59726989e+08 -7.43550770e+01 -2.57581447e+02 
 4.73151259e+08 -7.47959208e+01 -2.59563405e+02 
 4.86967525e+08 -7.52346626e+01 -2.61574685e+02 
 5.01187234e+08 -7.56712530e+01 -2.63614696e+02 
 5.15822165e+08 -7.61056441e+01 -2.65682783e+02 
 5.30884444e+08 -7.65377902e+01 -2.67778223e+02 
 5.46386550e+08 -7.69676479e+01 -2.69900223e+02 
 5.62341325e+08 -7.73951758e+01 -2.72047927e+02 
 5.78761988e+08 -7.78203348e+01 -2.74220409e+02 
 5.95662144e+08 -7.82430882e+01 -2.76416679e+02 
 6.13055792e+08 -7.86634013e+01 -2.78635682e+02 
 6.30957344e+08 -7.90812417e+01 -2.80876300e+02 
 6.49381632e+08 -7.94965793e+01 -2.83137354e+02 
 6.68343918e+08 -7.99093858e+01 -2.85417606e+02 
 6.87859912e+08 -8.03196354e+01 -2.87715762e+02 
 7.07945784e+08 -8.07273038e+01 -2.90030477e+02 
 7.28618175e+08 -8.11323687e+01 -2.92360353e+02 
 7.49894209e+08 -8.15348095e+01 -2.94703949e+02 
 7.71791516e+08 -8.19346073e+01 -2.97059778e+02 
 7.94328235e+08 -8.23317446e+01 -2.99426319e+02 
 8.17523038e+08 -8.27262055e+01 -3.01802013e+02 
 8.41395142e+08 -8.31179752e+01 -3.04185274e+02 
 8.65964323e+08 -8.35070402e+01 -3.06574491e+02 
 8.91250938e+08 -8.38933882e+01 -3.08968033e+02 
 9.17275935e+08 -8.42770081e+01 -3.11364254e+02 
 9.44060876e+08 -8.46578897e+01 -3.13761497e+02 
 9.71627952e+08 -8.50360240e+01 -3.16158102e+02 
 1.00000000e+09 -8.54114032e+01 -3.18552407e+02 
