 frequency       av              ph             
 1.00000000e+00  2.40562339e+01 -7.44475685e-05 
 1.02920053e+00  2.40562339e+01 -7.66214767e-05 
 1.05925373e+00  2.40562339e+01 -7.88588642e-05 
 1.09018449e+00  2.40562339e+01 -8.11615846e-05 
 1.12201845e+00  2.40562339e+01 -8.35315457e-05 
 1.15478198e+00  2.40562339e+01 -8.59707109e-05 
 1.18850223e+00  2.40562339e+01 -8.84811009e-05 
 1.22320712e+00  2.40562339e+01 -9.10647957e-05 
 1.25892541e+00  2.40562339e+01 -9.37239358e-05 
 1.29568670e+00  2.40562339e+01 -9.64607241e-05 
 1.33352143e+00  2.40562339e+01 -9.92774281e-05 
 1.37246096e+00  2.40562339e+01 -1.02176381e-04 
 1.41253754e+00  2.40562339e+01 -1.05159986e-04 
 1.45378439e+00  2.40562339e+01 -1.08230713e-04 
 1.49623566e+00  2.40562339e+01 -1.11391106e-04 
 1.53992653e+00  2.40562339e+01 -1.14643785e-04 
 1.58489319e+00  2.40562339e+01 -1.17991444e-04 
 1.63117291e+00  2.40562339e+01 -1.21436857e-04 
 1.67880402e+00  2.40562339e+01 -1.24982877e-04 
 1.72782598e+00  2.40562339e+01 -1.28632443e-04 
 1.77827941e+00  2.40562339e+01 -1.32388578e-04 
 1.83020611e+00  2.40562339e+01 -1.36254394e-04 
 1.88364909e+00  2.40562339e+01 -1.40233095e-04 
 1.93865264e+00  2.40562339e+01 -1.44327975e-04 
 1.99526231e+00  2.40562339e+01 -1.48542428e-04 
 2.05352503e+00  2.40562339e+01 -1.52879945e-04 
 2.11348904e+00  2.40562339e+01 -1.57344120e-04 
 2.17520403e+00  2.40562339e+01 -1.61938651e-04 
 2.23872114e+00  2.40562339e+01 -1.66667345e-04 
 2.30409298e+00  2.40562339e+01 -1.71534120e-04 
 2.37137371e+00  2.40562339e+01 -1.76543006e-04 
 2.44061907e+00  2.40562339e+01 -1.81698155e-04 
 2.51188643e+00  2.40562339e+01 -1.87003837e-04 
 2.58523484e+00  2.40562339e+01 -1.92464448e-04 
 2.66072506e+00  2.40562339e+01 -1.98084511e-04 
 2.73841963e+00  2.40562339e+01 -2.03868683e-04 
 2.81838293e+00  2.40562339e+01 -2.09821756e-04 
 2.90068120e+00  2.40562339e+01 -2.15948662e-04 
 2.98538262e+00  2.40562339e+01 -2.22254477e-04 
 3.07255737e+00  2.40562339e+01 -2.28744425e-04 
 3.16227766e+00  2.40562339e+01 -2.35423883e-04 
 3.25461783e+00  2.40562339e+01 -2.42298384e-04 
 3.34965439e+00  2.40562339e+01 -2.49373625e-04 
 3.44746607e+00  2.40562339e+01 -2.56655466e-04 
 3.54813389e+00  2.40562339e+01 -2.64149941e-04 
 3.65174127e+00  2.40562339e+01 -2.71863258e-04 
 3.75837404e+00  2.40562339e+01 -2.79801809e-04 
 3.86812055e+00  2.40562339e+01 -2.87972169e-04 
 3.98107171e+00  2.40562339e+01 -2.96381108e-04 
 4.09732110e+00  2.40562339e+01 -3.05035593e-04 
 4.21696503e+00  2.40562339e+01 -3.13942793e-04 
 4.34010264e+00  2.40562339e+01 -3.23110088e-04 
 4.46683592e+00  2.40562339e+01 -3.32545073e-04 
 4.59726989e+00  2.40562339e+01 -3.42255564e-04 
 4.73151259e+00  2.40562339e+01 -3.52249607e-04 
 4.86967525e+00  2.40562339e+01 -3.62535482e-04 
 5.01187234e+00  2.40562339e+01 -3.73121709e-04 
 5.15822165e+00  2.40562339e+01 -3.84017059e-04 
 5.30884444e+00  2.40562339e+01 -3.95230560e-04 
 5.46386550e+00  2.40562339e+01 -4.06771501e-04 
 5.62341325e+00  2.40562339e+01 -4.18649443e-04 
 5.78761988e+00  2.40562339e+01 -4.30874227e-04 
 5.95662144e+00  2.40562339e+01 -4.43455982e-04 
 6.13055792e+00  2.40562339e+01 -4.56405130e-04 
 6.30957344e+00  2.40562339e+01 -4.69732401e-04 
 6.49381632e+00  2.40562339e+01 -4.83448835e-04 
 6.68343918e+00  2.40562339e+01 -4.97565796e-04 
 6.87859912e+00  2.40562339e+01 -5.12094979e-04 
 7.07945784e+00  2.40562339e+01 -5.27048422e-04 
 7.28618175e+00  2.40562339e+01 -5.42438514e-04 
 7.49894209e+00  2.40562339e+01 -5.58278005e-04 
 7.71791516e+00  2.40562339e+01 -5.74580017e-04 
 7.94328235e+00  2.40562339e+01 -5.91358056e-04 
 8.17523038e+00  2.40562339e+01 -6.08626023e-04 
 8.41395142e+00  2.40562339e+01 -6.26398224e-04 
 8.65964323e+00  2.40562339e+01 -6.44689382e-04 
 8.91250938e+00  2.40562339e+01 -6.63514652e-04 
 9.17275935e+00  2.40562339e+01 -6.82889630e-04 
 9.44060876e+00  2.40562339e+01 -7.02830367e-04 
 9.71627952e+00  2.40562339e+01 -7.23353384e-04 
 1.00000000e+01  2.40562339e+01 -7.44475684e-04 
 1.02920053e+01  2.40562339e+01 -7.66214767e-04 
 1.05925373e+01  2.40562339e+01 -7.88588642e-04 
 1.09018449e+01  2.40562339e+01 -8.11615846e-04 
 1.12201845e+01  2.40562339e+01 -8.35315457e-04 
 1.15478198e+01  2.40562339e+01 -8.59707108e-04 
 1.18850223e+01  2.40562339e+01 -8.84811009e-04 
 1.22320712e+01  2.40562339e+01 -9.10647957e-04 
 1.25892541e+01  2.40562339e+01 -9.37239358e-04 
 1.29568670e+01  2.40562339e+01 -9.64607241e-04 
 1.33352143e+01  2.40562339e+01 -9.92774281e-04 
 1.37246096e+01  2.40562339e+01 -1.02176381e-03 
 1.41253754e+01  2.40562339e+01 -1.05159986e-03 
 1.45378439e+01  2.40562339e+01 -1.08230713e-03 
 1.49623566e+01  2.40562339e+01 -1.11391106e-03 
 1.53992653e+01  2.40562339e+01 -1.14643785e-03 
 1.58489319e+01  2.40562339e+01 -1.17991444e-03 
 1.63117291e+01  2.40562339e+01 -1.21436857e-03 
 1.67880402e+01  2.40562339e+01 -1.24982877e-03 
 1.72782598e+01  2.40562339e+01 -1.28632443e-03 
 1.77827941e+01  2.40562339e+01 -1.32388578e-03 
 1.83020611e+01  2.40562339e+01 -1.36254394e-03 
 1.88364909e+01  2.40562339e+01 -1.40233095e-03 
 1.93865264e+01  2.40562339e+01 -1.44327975e-03 
 1.99526231e+01  2.40562339e+01 -1.48542428e-03 
 2.05352503e+01  2.40562339e+01 -1.52879945e-03 
 2.11348904e+01  2.40562339e+01 -1.57344120e-03 
 2.17520403e+01  2.40562339e+01 -1.61938651e-03 
 2.23872114e+01  2.40562339e+01 -1.66667345e-03 
 2.30409298e+01  2.40562339e+01 -1.71534120e-03 
 2.37137371e+01  2.40562339e+01 -1.76543006e-03 
 2.44061907e+01  2.40562339e+01 -1.81698155e-03 
 2.51188643e+01  2.40562339e+01 -1.87003837e-03 
 2.58523484e+01  2.40562339e+01 -1.92464448e-03 
 2.66072506e+01  2.40562339e+01 -1.98084511e-03 
 2.73841963e+01  2.40562339e+01 -2.03868683e-03 
 2.81838293e+01  2.40562339e+01 -2.09821756e-03 
 2.90068120e+01  2.40562339e+01 -2.15948662e-03 
 2.98538262e+01  2.40562339e+01 -2.22254477e-03 
 3.07255737e+01  2.40562339e+01 -2.28744425e-03 
 3.16227766e+01  2.40562339e+01 -2.35423882e-03 
 3.25461783e+01  2.40562339e+01 -2.42298384e-03 
 3.34965439e+01  2.40562339e+01 -2.49373624e-03 
 3.44746607e+01  2.40562339e+01 -2.56655466e-03 
 3.54813389e+01  2.40562339e+01 -2.64149941e-03 
 3.65174127e+01  2.40562339e+01 -2.71863258e-03 
 3.75837404e+01  2.40562339e+01 -2.79801809e-03 
 3.86812055e+01  2.40562339e+01 -2.87972169e-03 
 3.98107171e+01  2.40562339e+01 -2.96381108e-03 
 4.09732110e+01  2.40562339e+01 -3.05035593e-03 
 4.21696503e+01  2.40562339e+01 -3.13942793e-03 
 4.34010264e+01  2.40562339e+01 -3.23110088e-03 
 4.46683592e+01  2.40562339e+01 -3.32545073e-03 
 4.59726989e+01  2.40562339e+01 -3.42255564e-03 
 4.73151259e+01  2.40562339e+01 -3.52249607e-03 
 4.86967525e+01  2.40562339e+01 -3.62535481e-03 
 5.01187234e+01  2.40562339e+01 -3.73121708e-03 
 5.15822165e+01  2.40562339e+01 -3.84017059e-03 
 5.30884444e+01  2.40562339e+01 -3.95230559e-03 
 5.46386550e+01  2.40562339e+01 -4.06771500e-03 
 5.62341325e+01  2.40562339e+01 -4.18649442e-03 
 5.78761988e+01  2.40562339e+01 -4.30874227e-03 
 5.95662144e+01  2.40562339e+01 -4.43455981e-03 
 6.13055792e+01  2.40562339e+01 -4.56405130e-03 
 6.30957344e+01  2.40562339e+01 -4.69732400e-03 
 6.49381632e+01  2.40562339e+01 -4.83448834e-03 
 6.68343918e+01  2.40562339e+01 -4.97565794e-03 
 6.87859912e+01  2.40562339e+01 -5.12094978e-03 
 7.07945784e+01  2.40562339e+01 -5.27048421e-03 
 7.28618175e+01  2.40562339e+01 -5.42438513e-03 
 7.49894209e+01  2.40562339e+01 -5.58278003e-03 
 7.71791516e+01  2.40562339e+01 -5.74580015e-03 
 7.94328235e+01  2.40562339e+01 -5.91358054e-03 
 8.17523038e+01  2.40562339e+01 -6.08626021e-03 
 8.41395142e+01  2.40562339e+01 -6.26398222e-03 
 8.65964323e+01  2.40562339e+01 -6.44689380e-03 
 8.91250938e+01  2.40562339e+01 -6.63514650e-03 
 9.17275935e+01  2.40562339e+01 -6.82889627e-03 
 9.44060876e+01  2.40562339e+01 -7.02830364e-03 
 9.71627952e+01  2.40562339e+01 -7.23353381e-03 
 1.00000000e+02  2.40562339e+01 -7.44475681e-03 
 1.02920053e+02  2.40562339e+01 -7.66214763e-03 
 1.05925373e+02  2.40562339e+01 -7.88588638e-03 
 1.09018449e+02  2.40562339e+01 -8.11615841e-03 
 1.12201845e+02  2.40562339e+01 -8.35315452e-03 
 1.15478198e+02  2.40562339e+01 -8.59707103e-03 
 1.18850223e+02  2.40562338e+01 -8.84811003e-03 
 1.22320712e+02  2.40562338e+01 -9.10647950e-03 
 1.25892541e+02  2.40562338e+01 -9.37239350e-03 
 1.29568670e+02  2.40562338e+01 -9.64607233e-03 
 1.33352143e+02  2.40562338e+01 -9.92774272e-03 
 1.37246096e+02  2.40562338e+01 -1.02176380e-02 
 1.41253754e+02  2.40562338e+01 -1.05159984e-02 
 1.45378439e+02  2.40562338e+01 -1.08230711e-02 
 1.49623566e+02  2.40562338e+01 -1.11391105e-02 
 1.53992653e+02  2.40562338e+01 -1.14643784e-02 
 1.58489319e+02  2.40562338e+01 -1.17991443e-02 
 1.63117291e+02  2.40562338e+01 -1.21436855e-02 
 1.67880402e+02  2.40562338e+01 -1.24982875e-02 
 1.72782598e+02  2.40562337e+01 -1.28632441e-02 
 1.77827941e+02  2.40562337e+01 -1.32388576e-02 
 1.83020611e+02  2.40562337e+01 -1.36254392e-02 
 1.88364909e+02  2.40562337e+01 -1.40233092e-02 
 1.93865264e+02  2.40562337e+01 -1.44327972e-02 
 1.99526231e+02  2.40562337e+01 -1.48542425e-02 
 2.05352503e+02  2.40562337e+01 -1.52879942e-02 
 2.11348904e+02  2.40562336e+01 -1.57344116e-02 
 2.17520403e+02  2.40562336e+01 -1.61938647e-02 
 2.23872114e+02  2.40562336e+01 -1.66667341e-02 
 2.30409298e+02  2.40562336e+01 -1.71534115e-02 
 2.37137371e+02  2.40562336e+01 -1.76543001e-02 
 2.44061907e+02  2.40562335e+01 -1.81698150e-02 
 2.51188643e+02  2.40562335e+01 -1.87003831e-02 
 2.58523484e+02  2.40562335e+01 -1.92464441e-02 
 2.66072506e+02  2.40562335e+01 -1.98084504e-02 
 2.73841963e+02  2.40562334e+01 -2.03868676e-02 
 2.81838293e+02  2.40562334e+01 -2.09821748e-02 
 2.90068120e+02  2.40562334e+01 -2.15948653e-02 
 2.98538262e+02  2.40562333e+01 -2.22254467e-02 
 3.07255737e+02  2.40562333e+01 -2.28744414e-02 
 3.16227766e+02  2.40562333e+01 -2.35423871e-02 
 3.25461783e+02  2.40562332e+01 -2.42298371e-02 
 3.34965439e+02  2.40562332e+01 -2.49373611e-02 
 3.44746607e+02  2.40562331e+01 -2.56655451e-02 
 3.54813389e+02  2.40562331e+01 -2.64149924e-02 
 3.65174127e+02  2.40562330e+01 -2.71863240e-02 
 3.75837404e+02  2.40562330e+01 -2.79801789e-02 
 3.86812055e+02  2.40562329e+01 -2.87972148e-02 
 3.98107171e+02  2.40562329e+01 -2.96381085e-02 
 4.09732110e+02  2.40562328e+01 -3.05035567e-02 
 4.21696503e+02  2.40562327e+01 -3.13942765e-02 
 4.34010264e+02  2.40562327e+01 -3.23110058e-02 
 4.46683592e+02  2.40562326e+01 -3.32545040e-02 
 4.59726989e+02  2.40562325e+01 -3.42255529e-02 
 4.73151259e+02  2.40562324e+01 -3.52249568e-02 
 4.86967525e+02  2.40562323e+01 -3.62535439e-02 
 5.01187234e+02  2.40562322e+01 -3.73121662e-02 
 5.15822165e+02  2.40562321e+01 -3.84017009e-02 
 5.30884444e+02  2.40562320e+01 -3.95230505e-02 
 5.46386550e+02  2.40562319e+01 -4.06771440e-02 
 5.62341325e+02  2.40562318e+01 -4.18649377e-02 
 5.78761988e+02  2.40562317e+01 -4.30874156e-02 
 5.95662144e+02  2.40562315e+01 -4.43455904e-02 
 6.13055792e+02  2.40562314e+01 -4.56405045e-02 
 6.30957344e+02  2.40562312e+01 -4.69732308e-02 
 6.49381632e+02  2.40562311e+01 -4.83448733e-02 
 6.68343918e+02  2.40562309e+01 -4.97565685e-02 
 6.87859912e+02  2.40562307e+01 -5.12094859e-02 
 7.07945784e+02  2.40562306e+01 -5.27048291e-02 
 7.28618175e+02  2.40562304e+01 -5.42438371e-02 
 7.49894209e+02  2.40562301e+01 -5.58277849e-02 
 7.71791516e+02  2.40562299e+01 -5.74579847e-02 
 7.94328235e+02  2.40562297e+01 -5.91357871e-02 
 8.17523038e+02  2.40562294e+01 -6.08625821e-02 
 8.41395142e+02  2.40562292e+01 -6.26398004e-02 
 8.65964323e+02  2.40562289e+01 -6.44689142e-02 
 8.91250938e+02  2.40562286e+01 -6.63514390e-02 
 9.17275935e+02  2.40562283e+01 -6.82889344e-02 
 9.44060876e+02  2.40562279e+01 -7.02830056e-02 
 9.71627952e+02  2.40562276e+01 -7.23353045e-02 
 1.00000000e+03  2.40562272e+01 -7.44475314e-02 
 1.02920053e+03  2.40562268e+01 -7.66214364e-02 
 1.05925373e+03  2.40562264e+01 -7.88588202e-02 
 1.09018449e+03  2.40562259e+01 -8.11615367e-02 
 1.12201845e+03  2.40562254e+01 -8.35314934e-02 
 1.15478198e+03  2.40562249e+01 -8.59706539e-02 
 1.18850223e+03  2.40562244e+01 -8.84810388e-02 
 1.22320712e+03  2.40562238e+01 -9.10647280e-02 
 1.25892541e+03  2.40562232e+01 -9.37238619e-02 
 1.29568670e+03  2.40562226e+01 -9.64606436e-02 
 1.33352143e+03  2.40562219e+01 -9.92773403e-02 
 1.37246096e+03  2.40562212e+01 -1.02176286e-01 
 1.41253754e+03  2.40562205e+01 -1.05159881e-01 
 1.45378439e+03  2.40562197e+01 -1.08230599e-01 
 1.49623566e+03  2.40562188e+01 -1.11390982e-01 
 1.53992653e+03  2.40562179e+01 -1.14643650e-01 
 1.58489319e+03  2.40562170e+01 -1.17991297e-01 
 1.63117291e+03  2.40562160e+01 -1.21436696e-01 
 1.67880402e+03  2.40562149e+01 -1.24982702e-01 
 1.72782598e+03  2.40562138e+01 -1.28632252e-01 
 1.77827941e+03  2.40562126e+01 -1.32388370e-01 
 1.83020611e+03  2.40562113e+01 -1.36254168e-01 
 1.88364909e+03  2.40562100e+01 -1.40232847e-01 
 1.93865264e+03  2.40562085e+01 -1.44327705e-01 
 1.99526231e+03  2.40562070e+01 -1.48542134e-01 
 2.05352503e+03  2.40562054e+01 -1.52879625e-01 
 2.11348904e+03  2.40562037e+01 -1.57343771e-01 
 2.17520403e+03  2.40562020e+01 -1.61938270e-01 
 2.23872114e+03  2.40562001e+01 -1.66666930e-01 
 2.30409298e+03  2.40561980e+01 -1.71533667e-01 
 2.37137371e+03  2.40561959e+01 -1.76542513e-01 
 2.44061907e+03  2.40561937e+01 -1.81697617e-01 
 2.51188643e+03  2.40561913e+01 -1.87003251e-01 
 2.58523484e+03  2.40561888e+01 -1.92463808e-01 
 2.66072506e+03  2.40561861e+01 -1.98083814e-01 
 2.73841963e+03  2.40561832e+01 -2.03867923e-01 
 2.81838293e+03  2.40561802e+01 -2.09820928e-01 
 2.90068120e+03  2.40561771e+01 -2.15947759e-01 
 2.98538262e+03  2.40561737e+01 -2.22253492e-01 
 3.07255737e+03  2.40561701e+01 -2.28743351e-01 
 3.16227766e+03  2.40561663e+01 -2.35422712e-01 
 3.25461783e+03  2.40561623e+01 -2.42297108e-01 
 3.34965439e+03  2.40561581e+01 -2.49372234e-01 
 3.44746607e+03  2.40561536e+01 -2.56653950e-01 
 3.54813389e+03  2.40561488e+01 -2.64148288e-01 
 3.65174127e+03  2.40561438e+01 -2.71861456e-01 
 3.75837404e+03  2.40561384e+01 -2.79799844e-01 
 3.86812055e+03  2.40561328e+01 -2.87970027e-01 
 3.98107171e+03  2.40561268e+01 -2.96378773e-01 
 4.09732110e+03  2.40561204e+01 -3.05033047e-01 
 4.21696503e+03  2.40561137e+01 -3.13940018e-01 
 4.34010264e+03  2.40561066e+01 -3.23107063e-01 
 4.46683592e+03  2.40560990e+01 -3.32541775e-01 
 4.59726989e+03  2.40560911e+01 -3.42251969e-01 
 4.73151259e+03  2.40560826e+01 -3.52245688e-01 
 4.86967525e+03  2.40560736e+01 -3.62531208e-01 
 5.01187234e+03  2.40560641e+01 -3.73117050e-01 
 5.15822165e+03  2.40560541e+01 -3.84011981e-01 
 5.30884444e+03  2.40560434e+01 -3.95225023e-01 
 5.46386550e+03  2.40560321e+01 -4.06765464e-01 
 5.62341325e+03  2.40560202e+01 -4.18642862e-01 
 5.78761988e+03  2.40560075e+01 -4.30867053e-01 
 5.95662144e+03  2.40559941e+01 -4.43448161e-01 
 6.13055792e+03  2.40559799e+01 -4.56396604e-01 
 6.30957344e+03  2.40559648e+01 -4.69723106e-01 
 6.49381632e+03  2.40559489e+01 -4.83438701e-01 
 6.68343918e+03  2.40559320e+01 -4.97554748e-01 
 6.87859912e+03  2.40559141e+01 -5.12082935e-01 
 7.07945784e+03  2.40558951e+01 -5.27035293e-01 
 7.28618175e+03  2.40558750e+01 -5.42424200e-01 
 7.49894209e+03  2.40558538e+01 -5.58262400e-01 
 7.71791516e+03  2.40558312e+01 -5.74563005e-01 
 7.94328235e+03  2.40558074e+01 -5.91339510e-01 
 8.17523038e+03  2.40557821e+01 -6.08605805e-01 
 8.41395142e+03  2.40557553e+01 -6.26376182e-01 
 8.65964323e+03  2.40557270e+01 -6.44665353e-01 
 8.91250938e+03  2.40556969e+01 -6.63488455e-01 
 9.17275935e+03  2.40556651e+01 -6.82861071e-01 
 9.44060876e+03  2.40556314e+01 -7.02799232e-01 
 9.71627952e+03  2.40555957e+01 -7.23319442e-01 
 1.00000000e+04  2.40555579e+01 -7.44438681e-01 
 1.02920053e+04  2.40555179e+01 -7.66174427e-01 
 1.05925373e+04  2.40554754e+01 -7.88544664e-01 
 1.09018449e+04  2.40554305e+01 -8.11567902e-01 
 1.12201845e+04  2.40553829e+01 -8.35263190e-01 
 1.15478198e+04  2.40553325e+01 -8.59650128e-01 
 1.18850223e+04  2.40552791e+01 -8.84748890e-01 
 1.22320712e+04  2.40552225e+01 -9.10580237e-01 
 1.25892541e+04  2.40551626e+01 -9.37165530e-01 
 1.29568670e+04  2.40550991e+01 -9.64526756e-01 
 1.33352143e+04  2.40550319e+01 -9.92686539e-01 
 1.37246096e+04  2.40549606e+01 -1.02166816e+00 
 1.41253754e+04  2.40548852e+01 -1.05149558e+00 
 1.45378439e+04  2.40548053e+01 -1.08219344e+00 
 1.49623566e+04  2.40547207e+01 -1.11378713e+00 
 1.53992653e+04  2.40546310e+01 -1.14630275e+00 
 1.58489319e+04  2.40545361e+01 -1.17976715e+00 
 1.63117291e+04  2.40544355e+01 -1.21420799e+00 
 1.67880402e+04  2.40543289e+01 -1.24965372e+00 
 1.72782598e+04  2.40542161e+01 -1.28613359e+00 
 1.77827941e+04  2.40540965e+01 -1.32367774e+00 
 1.83020611e+04  2.40539699e+01 -1.36231714e+00 
 1.88364909e+04  2.40538358e+01 -1.40208369e+00 
 1.93865264e+04  2.40536937e+01 -1.44301020e+00 
 1.99526231e+04  2.40535433e+01 -1.48513043e+00 
 2.05352503e+04  2.40533839e+01 -1.52847911e+00 
 2.11348904e+04  2.40532151e+01 -1.57309198e+00 
 2.17520403e+04  2.40530363e+01 -1.61900581e+00 
 2.23872114e+04  2.40528469e+01 -1.66625842e+00 
 2.30409298e+04  2.40526462e+01 -1.71488875e+00 
 2.37137371e+04  2.40524338e+01 -1.76493683e+00 
 2.44061907e+04  2.40522087e+01 -1.81644385e+00 
 2.51188643e+04  2.40519703e+01 -1.86945220e+00 
 2.58523484e+04  2.40517178e+01 -1.92400546e+00 
 2.66072506e+04  2.40514503e+01 -1.98014849e+00 
 2.73841963e+04  2.40511670e+01 -2.03792742e+00 
 2.81838293e+04  2.40508670e+01 -2.09738970e+00 
 2.90068120e+04  2.40505492e+01 -2.15858414e+00 
 2.98538262e+04  2.40502126e+01 -2.22156094e+00 
 3.07255737e+04  2.40498561e+01 -2.28637174e+00 
 3.16227766e+04  2.40494784e+01 -2.35306966e+00 
 3.25461783e+04  2.40490785e+01 -2.42170930e+00 
 3.34965439e+04  2.40486549e+01 -2.49234685e+00 
 3.44746607e+04  2.40482062e+01 -2.56504005e+00 
 3.54813389e+04  2.40477310e+01 -2.63984832e+00 
 3.65174127e+04  2.40472277e+01 -2.71683271e+00 
 3.75837404e+04  2.40466946e+01 -2.79605604e+00 
 3.86812055e+04  2.40461300e+01 -2.87758286e+00 
 3.98107171e+04  2.40455320e+01 -2.96147956e+00 
 4.09732110e+04  2.40448987e+01 -3.04781436e+00 
 4.21696503e+04  2.40442280e+01 -3.13665741e+00 
 4.34010264e+04  2.40435177e+01 -3.22808080e+00 
 4.46683592e+04  2.40427653e+01 -3.32215862e+00 
 4.59726989e+04  2.40419686e+01 -3.41896703e+00 
 4.73151259e+04  2.40411248e+01 -3.51858428e+00 
 4.86967525e+04  2.40402311e+01 -3.62109077e+00 
 5.01187234e+04  2.40392847e+01 -3.72656910e+00 
 5.15822165e+04  2.40382825e+01 -3.83510413e+00 
 5.30884444e+04  2.40372211e+01 -3.94678302e+00 
 5.46386550e+04  2.40360972e+01 -4.06169531e+00 
 5.62341325e+04  2.40349069e+01 -4.17993293e+00 
 5.78761988e+04  2.40336465e+01 -4.30159028e+00 
 5.95662144e+04  2.40323117e+01 -4.42676426e+00 
 6.13055792e+04  2.40308984e+01 -4.55555436e+00 
 6.30957344e+04  2.40294017e+01 -4.68806269e+00 
 6.49381632e+04  2.40278170e+01 -4.82439401e+00 
 6.68343918e+04  2.40261390e+01 -4.96465581e+00 
 6.87859912e+04  2.40243623e+01 -5.10895837e+00 
 7.07945784e+04  2.40224811e+01 -5.25741476e+00 
 7.28618175e+04  2.40204893e+01 -5.41014093e+00 
 7.49894209e+04  2.40183804e+01 -5.56725575e+00 
 7.71791516e+04  2.40161477e+01 -5.72888104e+00 
 7.94328235e+04  2.40137840e+01 -5.89514161e+00 
 8.17523038e+04  2.40112816e+01 -6.06616532e+00 
 8.41395142e+04  2.40086325e+01 -6.24208310e+00 
 8.65964323e+04  2.40058282e+01 -6.42302897e+00 
 8.91250938e+04  2.40028597e+01 -6.60914010e+00 
 9.17275935e+04  2.39997175e+01 -6.80055681e+00 
 9.44060876e+04  2.39963916e+01 -6.99742260e+00 
 9.71627952e+04  2.39928714e+01 -7.19988416e+00 
 1.00000000e+05  2.39891457e+01 -7.40809138e+00 
 1.02920053e+05  2.39852027e+01 -7.62219734e+00 
 1.05925373e+05  2.39810300e+01 -7.84235832e+00 
 1.09018449e+05  2.39766143e+01 -8.06873377e+00 
 1.12201845e+05  2.39719419e+01 -8.30148632e+00 
 1.15478198e+05  2.39669981e+01 -8.54078169e+00 
 1.18850223e+05  2.39617674e+01 -8.78678868e+00 
 1.22320712e+05  2.39562337e+01 -9.03967911e+00 
 1.25892541e+05  2.39503797e+01 -9.29962776e+00 
 1.29568670e+05  2.39441875e+01 -9.56681226e+00 
 1.33352143e+05  2.39376378e+01 -9.84141299e+00 
 1.37246096e+05  2.39307109e+01 -1.01236130e+01 
 1.41253754e+05  2.39233854e+01 -1.04135978e+01 
 1.45378439e+05  2.39156393e+01 -1.07115554e+01 
 1.49623566e+05  2.39074492e+01 -1.10176758e+01 
 1.53992653e+05  2.38987906e+01 -1.13321512e+01 
 1.58489319e+05  2.38896376e+01 -1.16551752e+01 
 1.63117291e+05  2.38799633e+01 -1.19869433e+01 
 1.67880402e+05  2.38697390e+01 -1.23276521e+01 
 1.72782598e+05  2.38589350e+01 -1.26774991e+01 
 1.77827941e+05  2.38475200e+01 -1.30366823e+01 
 1.83020611e+05  2.38354611e+01 -1.34054002e+01 
 1.88364909e+05  2.38227240e+01 -1.37838508e+01 
 1.93865264e+05  2.38092726e+01 -1.41722318e+01 
 1.99526231e+05  2.37950693e+01 -1.45707395e+01 
 2.05352503e+05  2.37800748e+01 -1.49795688e+01 
 2.11348904e+05  2.37642478e+01 -1.53989124e+01 
 2.17520403e+05  2.37475455e+01 -1.58289601e+01 
 2.23872114e+05  2.37299230e+01 -1.62698984e+01 
 2.30409298e+05  2.37113337e+01 -1.67219096e+01 
 2.37137371e+05  2.36917291e+01 -1.71851712e+01 
 2.44061907e+05  2.36710585e+01 -1.76598551e+01 
 2.51188643e+05  2.36492695e+01 -1.81461266e+01 
 2.58523484e+05  2.36263076e+01 -1.86441439e+01 
 2.66072506e+05  2.36021163e+01 -1.91540568e+01 
 2.73841963e+05  2.35766372e+01 -1.96760058e+01 
 2.81838293e+05  2.35498098e+01 -2.02101213e+01 
 2.90068120e+05  2.35215718e+01 -2.07565224e+01 
 2.98538262e+05  2.34918587e+01 -2.13153157e+01 
 3.07255737e+05  2.34606043e+01 -2.18865947e+01 
 3.16227766e+05  2.34277406e+01 -2.24704379e+01 
 3.25461783e+05  2.33931977e+01 -2.30669082e+01 
 3.34965439e+05  2.33569040e+01 -2.36760515e+01 
 3.44746607e+05  2.33187866e+01 -2.42978958e+01 
 3.54813389e+05  2.32787707e+01 -2.49324494e+01 
 3.65174127e+05  2.32367805e+01 -2.55797005e+01 
 3.75837404e+05  2.31927389e+01 -2.62396155e+01 
 3.86812055e+05  2.31465678e+01 -2.69121379e+01 
 3.98107171e+05  2.30981883e+01 -2.75971877e+01 
 4.09732110e+05  2.30475209e+01 -2.82946600e+01 
 4.21696503e+05  2.29944857e+01 -2.90044240e+01 
 4.34010264e+05  2.29390025e+01 -2.97263226e+01 
 4.46683592e+05  2.28809916e+01 -3.04601712e+01 
 4.59726989e+05  2.28203733e+01 -3.12057571e+01 
 4.73151259e+05  2.27570689e+01 -3.19628396e+01 
 4.86967525e+05  2.26910006e+01 -3.27311490e+01 
 5.01187234e+05  2.26220918e+01 -3.35103865e+01 
 5.15822165e+05  2.25502680e+01 -3.43002246e+01 
 5.30884444e+05  2.24754561e+01 -3.51003070e+01 
 5.46386550e+05  2.23975858e+01 -3.59102491e+01 
 5.62341325e+05  2.23165894e+01 -3.67296383e+01 
 5.78761988e+05  2.22324023e+01 -3.75580353e+01 
 5.95662144e+05  2.21449630e+01 -3.83949748e+01 
 6.13055792e+05  2.20542140e+01 -3.92399666e+01 
 6.30957344e+05  2.19601019e+01 -4.00924977e+01 
 6.49381632e+05  2.18625775e+01 -4.09520330e+01 
 6.68343918e+05  2.17615962e+01 -4.18180180e+01 
 6.87859912e+05  2.16571184e+01 -4.26898807e+01 
 7.07945784e+05  2.15491097e+01 -4.35670334e+01 
 7.28618175e+05  2.14375409e+01 -4.44488755e+01 
 7.49894209e+05  2.13223886e+01 -4.53347960e+01 
 7.71791516e+05  2.12036346e+01 -4.62241760e+01 
 7.94328235e+05  2.10812670e+01 -4.71163918e+01 
 8.17523038e+05  2.09552795e+01 -4.80108171e+01 
 8.41395142e+05  2.08256716e+01 -4.89068264e+01 
 8.65964323e+05  2.06924488e+01 -4.98037977e+01 
 8.91250938e+05  2.05556224e+01 -5.07011154e+01 
 9.17275935e+05  2.04152093e+01 -5.15981728e+01 
 9.44060876e+05  2.02712322e+01 -5.24943753e+01 
 9.71627952e+05  2.01237192e+01 -5.33891426e+01 
 1.00000000e+06  1.99727035e+01 -5.42819114e+01 
 1.02920053e+06  1.98182233e+01 -5.51721380e+01 
 1.05925373e+06  1.96603218e+01 -5.60593000e+01 
 1.09018449e+06  1.94990465e+01 -5.69428985e+01 
 1.12201845e+06  1.93344490e+01 -5.78224604e+01 
 1.15478198e+06  1.91665849e+01 -5.86975391e+01 
 1.18850223e+06  1.89955132e+01 -5.95677167e+01 
 1.22320712e+06  1.88212962e+01 -6.04326049e+01 
 1.25892541e+06  1.86439989e+01 -6.12918458e+01 
 1.29568670e+06  1.84636886e+01 -6.21451131e+01 
 1.33352143e+06  1.82804351e+01 -6.29921121e+01 
 1.37246096e+06  1.80943095e+01 -6.38325806e+01 
 1.41253754e+06  1.79053846e+01 -6.46662886e+01 
 1.45378439e+06  1.77137340e+01 -6.54930385e+01 
 1.49623566e+06  1.75194322e+01 -6.63126648e+01 
 1.53992653e+06  1.73225539e+01 -6.71250339e+01 
 1.58489319e+06  1.71231740e+01 -6.79300434e+01 
 1.63117291e+06  1.69213672e+01 -6.87276216e+01 
 1.67880402e+06  1.67172077e+01 -6.95177266e+01 
 1.72782598e+06  1.65107689e+01 -7.03003457e+01 
 1.77827941e+06  1.63021232e+01 -7.10754943e+01 
 1.83020611e+06  1.60913419e+01 -7.18432149e+01 
 1.88364909e+06  1.58784948e+01 -7.26035759e+01 
 1.93865264e+06  1.56636502e+01 -7.33566709e+01 
 1.99526231e+06  1.54468745e+01 -7.41026172e+01 
 2.05352503e+06  1.52282323e+01 -7.48415549e+01 
 2.11348904e+06  1.50077861e+01 -7.55736454e+01 
 2.17520403e+06  1.47855962e+01 -7.62990706e+01 
 2.23872114e+06  1.45617208e+01 -7.70180314e+01 
 2.30409298e+06  1.43362155e+01 -7.77307470e+01 
 2.37137371e+06  1.41091337e+01 -7.84374530e+01 
 2.44061907e+06  1.38805259e+01 -7.91384013e+01 
 2.51188643e+06  1.36504406e+01 -7.98338582e+01 
 2.58523484e+06  1.34189231e+01 -8.05241036e+01 
 2.66072506e+06  1.31860165e+01 -8.12094300e+01 
 2.73841963e+06  1.29517610e+01 -8.18901418e+01 
 2.81838293e+06  1.27161940e+01 -8.25665538e+01 
 2.90068120e+06  1.24793504e+01 -8.32389906e+01 
 2.98538262e+06  1.22412622e+01 -8.39077857e+01 
 3.07255737e+06  1.20019586e+01 -8.45732807e+01 
 3.16227766e+06  1.17614663e+01 -8.52358243e+01 
 3.25461783e+06  1.15198090e+01 -8.58957716e+01 
 3.34965439e+06  1.12770076e+01 -8.65534836e+01 
 3.44746607e+06  1.10330805e+01 -8.72093259e+01 
 3.54813389e+06  1.07880430e+01 -8.78636687e+01 
 3.65174127e+06  1.05419079e+01 -8.85168855e+01 
 3.75837404e+06  1.02946852e+01 -8.91693527e+01 
 3.86812055e+06  1.00463819e+01 -8.98214490e+01 
 3.98107171e+06  9.79700263e+00 -9.04735548e+01 
 4.09732110e+06  9.54654896e+00 -9.11260511e+01 
 4.21696503e+06  9.29501983e+00 -9.17793196e+01 
 4.34010264e+06  9.04241142e+00 -9.24337415e+01 
 4.46683592e+06  8.78871715e+00 -9.30896970e+01 
 4.59726989e+06  8.53392769e+00 -9.37475649e+01 
 4.73151259e+06  8.27803096e+00 -9.44077216e+01 
 4.86967525e+06  8.02101212e+00 -9.50705406e+01 
 5.01187234e+06  7.76285361e+00 -9.57363919e+01 
 5.15822165e+06  7.50353510e+00 -9.64056412e+01 
 5.30884444e+06  7.24303351e+00 -9.70786491e+01 
 5.46386550e+06  6.98132303e+00 -9.77557706e+01 
 5.62341325e+06  6.71837511e+00 -9.84373540e+01 
 5.78761988e+06  6.45415850e+00 -9.91237403e+01 
 5.95662144e+06  6.18863919e+00 -9.98152624e+01 
 6.13055792e+06  5.92178053e+00 -1.00512244e+02 
 6.30957344e+06  5.65354315e+00 -1.01214999e+02 
 6.49381632e+06  5.38388509e+00 -1.01923831e+02 
 6.68343918e+06  5.11276172e+00 -1.02639030e+02 
 6.87859912e+06  4.84012590e+00 -1.03360874e+02 
 7.07945784e+06  4.56592795e+00 -1.04089629e+02 
 7.28618175e+06  4.29011573e+00 -1.04825543e+02 
 7.49894209e+06  4.01263475e+00 -1.05568850e+02 
 7.71791516e+06  3.73342819e+00 -1.06319765e+02 
 7.94328235e+06  3.45243706e+00 -1.07078487e+02 
 8.17523038e+06  3.16960026e+00 -1.07845194e+02 
 8.41395142e+06  2.88485474e+00 -1.08620044e+02 
 8.65964323e+06  2.59813562e+00 -1.09403172e+02 
 8.91250938e+06  2.30937635e+00 -1.10194693e+02 
 9.17275935e+06  2.01850891e+00 -1.10994696e+02 
 9.44060876e+06  1.72546396e+00 -1.11803245e+02 
 9.71627952e+06  1.43017107e+00 -1.12620378e+02 
 1.00000000e+07  1.13255895e+00 -1.13446107e+02 
 1.02920053e+07  8.32555712e-01 -1.14280416e+02 
 1.05925373e+07  5.30089092e-01 -1.15123260e+02 
 1.09018449e+07  2.25086769e-01 -1.15974564e+02 
 1.12201845e+07 -8.25233540e-02 -1.16834225e+02 
 1.15478198e+07 -3.92812834e-01 -1.17702108e+02 
 1.18850223e+07 -7.05852357e-01 -1.18578048e+02 
 1.22320712e+07 -1.02171140e+00 -1.19461850e+02 
 1.25892541e+07 -1.34045789e+00 -1.20353287e+02 
 1.29568670e+07 -1.66215782e+00 -1.21252104e+02 
 1.33352143e+07 -1.98687491e+00 -1.22158013e+02 
 1.37246096e+07 -2.31467023e+00 -1.23070700e+02 
 1.41253754e+07 -2.64560185e+00 -1.23989819e+02 
 1.45378439e+07 -2.97972444e+00 -1.24914999e+02 
 1.49623566e+07 -3.31708896e+00 -1.25845844e+02 
 1.53992653e+07 -3.65774229e+00 -1.26781931e+02 
 1.58489319e+07 -4.00172692e+00 -1.27722815e+02 
 1.63117291e+07 -4.34908063e+00 -1.28668033e+02 
 1.67880402e+07 -4.69983619e+00 -1.29617100e+02 
 1.72782598e+07 -5.05402113e+00 -1.30569516e+02 
 1.77827941e+07 -5.41165751e+00 -1.31524768e+02 
 1.83020611e+07 -5.77276167e+00 -1.32482332e+02 
 1.88364909e+07 -6.13734413e+00 -1.33441674e+02 
 1.93865264e+07 -6.50540942e+00 -1.34402258e+02 
 1.99526231e+07 -6.87695602e+00 -1.35363543e+02 
 2.05352503e+07 -7.25197626e+00 -1.36324990e+02 
 2.11348904e+07 -7.63045640e+00 -1.37286065e+02 
 2.17520403e+07 -8.01237656e+00 -1.38246238e+02 
 2.23872114e+07 -8.39771088e+00 -1.39204992e+02 
 2.30409298e+07 -8.78642759e+00 -1.40161822e+02 
 2.37137371e+07 -9.17848915e+00 -1.41116238e+02 
 2.44061907e+07 -9.57385247e+00 -1.42067770e+02 
 2.51188643e+07 -9.97246911e+00 -1.43015969e+02 
 2.58523484e+07 -1.03742856e+01 -1.43960409e+02 
 2.66072506e+07 -1.07792435e+01 -1.44900693e+02 
 2.73841963e+07 -1.11872800e+01 -1.45836448e+02 
 2.81838293e+07 -1.15983282e+01 -1.46767335e+02 
 2.90068120e+07 -1.20123172e+01 -1.47693045e+02 
 2.98538262e+07 -1.24291727e+01 -1.48613303e+02 
 3.07255737e+07 -1.28488173e+01 -1.49527870e+02 
 3.16227766e+07 -1.32711710e+01 -1.50436540e+02 
 3.25461783e+07 -1.36961513e+01 -1.51339147e+02 
 3.34965439e+07 -1.41236739e+01 -1.52235560e+02 
 3.44746607e+07 -1.45536529e+01 -1.53125687e+02 
 3.54813389e+07 -1.49860012e+01 -1.54009474e+02 
 3.65174127e+07 -1.54206311e+01 -1.54886903e+02 
 3.75837404e+07 -1.58574543e+01 -1.55757997e+02 
 3.86812055e+07 -1.62963824e+01 -1.56622813e+02 
 3.98107171e+07 -1.67373274e+01 -1.57481449e+02 
 4.09732110e+07 -1.71802020e+01 -1.58334035e+02 
 4.21696503e+07 -1.76249195e+01 -1.59180739e+02 
 4.34010264e+07 -1.80713947e+01 -1.60021764e+02 
 4.46683592e+07 -1.85195438e+01 -1.60857344e+02 
 4.59726989e+07 -1.89692847e+01 -1.61687747e+02 
 4.73151259e+07 -1.94205375e+01 -1.62513272e+02 
 4.86967525e+07 -1.98732243e+01 -1.63334246e+02 
 5.01187234e+07 -2.03272698e+01 -1.64151025e+02 
 5.15822165e+07 -2.07826010e+01 -1.64963993e+02 
 5.30884444e+07 -2.12391481e+01 -1.65773557e+02 
 5.46386550e+07 -2.16968437e+01 -1.66580148e+02 
 5.62341325e+07 -2.21556237e+01 -1.67384217e+02 
 5.78761988e+07 -2.26154271e+01 -1.68186238e+02 
 5.95662144e+07 -2.30761959e+01 -1.68986701e+02 
 6.13055792e+07 -2.35378754e+01 -1.69786111e+02 
 6.30957344e+07 -2.40004139e+01 -1.70584991e+02 
 6.49381632e+07 -2.44637631e+01 -1.71383875e+02 
 6.68343918e+07 -2.49278779e+01 -1.72183306e+02 
 6.87859912e+07 -2.53927161e+01 -1.72983841e+02 
 7.07945784e+07 -2.58582385e+01 -1.73786040e+02 
 7.28618175e+07 -2.63244092e+01 -1.74590472e+02 
 7.49894209e+07 -2.67911946e+01 -1.75397710e+02 
 7.71791516e+07 -2.72585641e+01 -1.76208329e+02 
 7.94328235e+07 -2.77264895e+01 -1.77022908e+02 
 8.17523038e+07 -2.81949448e+01 -1.77842025e+02 
 8.41395142e+07 -2.86639062e+01 -1.78666259e+02 
 8.65964323e+07 -2.91333518e+01 -1.79496185e+02 
 8.91250938e+07 -2.96032613e+01 -1.80332378e+02 
 9.17275935e+07 -3.00736160e+01 -1.81175410e+02 
 9.44060876e+07 -3.05443983e+01 -1.82025849e+02 
 9.71627952e+07 -3.10155914e+01 -1.82884259e+02 
 1.00000000e+08 -3.14871797e+01 -1.83751199e+02 
 1.02920053e+08 -3.19591475e+01 -1.84627226e+02 
 1.05925373e+08 -3.24314798e+01 -1.85512889e+02 
 1.09018449e+08 -3.29041613e+01 -1.86408737e+02 
 1.12201845e+08 -3.33771768e+01 -1.87315312e+02 
 1.15478198e+08 -3.38505104e+01 -1.88233152e+02 
 1.18850223e+08 -3.43241457e+01 -1.89162795e+02 
 1.22320712e+08 -3.47980655e+01 -1.90104771e+02 
 1.25892541e+08 -3.52722517e+01 -1.91059613e+02 
 1.29568670e+08 -3.57466848e+01 -1.92027847e+02 
 1.33352143e+08 -3.62213443e+01 -1.93010001e+02 
 1.37246096e+08 -3.66962083e+01 -1.94006601e+02 
 1.41253754e+08 -3.71712531e+01 -1.95018172e+02 
 1.45378439e+08 -3.76464537e+01 -1.96045241e+02 
 1.49623566e+08 -3.81217833e+01 -1.97088332e+02 
 1.53992653e+08 -3.85972134e+01 -1.98147974e+02 
 1.58489319e+08 -3.90727138e+01 -1.99224693e+02 
 1.63117291e+08 -3.95482523e+01 -2.00319020e+02 
 1.67880402e+08 -4.00237950e+01 -2.01431485e+02 
 1.72782598e+08 -4.04993061e+01 -2.02562619e+02 
 1.77827941e+08 -4.09747481e+01 -2.03712956e+02 
 1.83020611e+08 -4.14500814e+01 -2.04883029e+02 
 1.88364909e+08 -4.19252649e+01 -2.06073372e+02 
 1.93865264e+08 -4.24002555e+01 -2.07284518e+02 
 1.99526231e+08 -4.28750083e+01 -2.08516999e+02 
 2.05352503e+08 -4.33494770e+01 -2.09771347e+02 
 2.11348904e+08 -4.38236134e+01 -2.11048089e+02 
 2.17520403e+08 -4.42973676e+01 -2.12347748e+02 
 2.23872114e+08 -4.47706884e+01 -2.13670842e+02 
 2.30409298e+08 -4.52435229e+01 -2.15017882e+02 
 2.37137371e+08 -4.57158169e+01 -2.16389372e+02 
 2.44061907e+08 -4.61875148e+01 -2.17785802e+02 
 2.51188643e+08 -4.66585596e+01 -2.19207653e+02 
 2.58523484e+08 -4.71288933e+01 -2.20655391e+02 
 2.66072506e+08 -4.75984566e+01 -2.22129465e+02 
 2.73841963e+08 -4.80671893e+01 -2.23630307e+02 
 2.81838293e+08 -4.85350303e+01 -2.25158326e+02 
 2.90068120e+08 -4.90019175e+01 -2.26713909e+02 
 2.98538262e+08 -4.94677882e+01 -2.28297417e+02 
 3.07255737e+08 -4.99325791e+01 -2.29909181e+02 
 3.16227766e+08 -5.03962265e+01 -2.31549503e+02 
 3.25461783e+08 -5.08586662e+01 -2.33218649e+02 
 3.34965439e+08 -5.13198339e+01 -2.34916850e+02 
 3.44746607e+08 -5.17796652e+01 -2.36644296e+02 
 3.54813389e+08 -5.22380959e+01 -2.38401135e+02 
 3.65174127e+08 -5.26950618e+01 -2.40187470e+02 
 3.75837404e+08 -5.31504993e+01 -2.42003357e+02 
 3.86812055e+08 -5.36043453e+01 -2.43848800e+02 
 3.98107171e+08 -5.40565374e+01 -2.45723751e+02 
 4.09732110e+08 -5.45070141e+01 -2.47628107e+02 
 4.21696503e+08 -5.49557150e+01 -2.49561705e+02 
 4.34010264e+08 -5.54025808e+01 -2.51524325e+02 
 4.46683592e+08 -5.58475536e+01 -2.53515682e+02 
 4.59726989e+08 -5.62905771e+01 -2.55535430e+02 
 4.73151259e+08 -5.67315965e+01 -2.57583155e+02 
 4.86967525e+08 -5.71705589e+01 -2.59658379e+02 
 5.01187234e+08 -5.76074132e+01 -2.61760555e+02 
 5.15822165e+08 -5.80421103e+01 -2.63889067e+02 
 5.30884444e+08 -5.84746032e+01 -2.66043232e+02 
 5.46386550e+08 -5.89048470e+01 -2.68222297e+02 
 5.62341325e+08 -5.93327989e+01 -2.70425440e+02 
 5.78761988e+08 -5.97584187e+01 -2.72651774e+02 
 5.95662144e+08 -6.01816678e+01 -2.74900341e+02 
 6.13055792e+08 -6.06025104e+01 -2.77170120e+02 
 6.30957344e+08 -6.10209124e+01 -2.79460025e+02 
 6.49381632e+08 -6.14368421e+01 -2.81768909e+02 
 6.68343918e+08 -6.18502699e+01 -2.84095565e+02 
 6.87859912e+08 -6.22611679e+01 -2.86438728e+02 
 7.07945784e+08 -6.26695103e+01 -2.88797081e+02 
 7.28618175e+08 -6.30752731e+01 -2.91169256e+02 
 7.49894209e+08 -6.34784340e+01 -2.93553839e+02 
 7.71791516e+08 -6.38789721e+01 -2.95949371e+02 
 7.94328235e+08 -6.42768681e+01 -2.98354358e+02 
 8.17523038e+08 -6.46721042e+01 -3.00767268e+02 
 8.41395142e+08 -6.50646636e+01 -3.03186542e+02 
 8.65964323e+08 -6.54545310e+01 -3.05610595e+02 
 8.91250938e+08 -6.58416922e+01 -3.08037822e+02 
 9.17275935e+08 -6.62261341e+01 -3.10466603e+02 
 9.44060876e+08 -6.66078445e+01 -3.12895308e+02 
 9.71627952e+08 -6.69868127e+01 -3.15322302e+02 
 1.00000000e+09 -6.73630287e+01 -3.17745951e+02 
