 frequency       av              ph             
 1.00000000e+00 -2.58114557e-02 -1.03960056e-05 
 1.02920053e+00 -2.58114557e-02 -1.06995744e-05 
 1.05925373e+00 -2.58114557e-02 -1.10120077e-05 
 1.09018449e+00 -2.58114557e-02 -1.13335641e-05 
 1.12201845e+00 -2.58114557e-02 -1.16645101e-05 
 1.15478198e+00 -2.58114557e-02 -1.20051200e-05 
 1.18850223e+00 -2.58114557e-02 -1.23556758e-05 
 1.22320712e+00 -2.58114557e-02 -1.27164681e-05 
 1.25892541e+00 -2.58114557e-02 -1.30877956e-05 
 1.29568670e+00 -2.58114557e-02 -1.34699662e-05 
 1.33352143e+00 -2.58114557e-02 -1.38632963e-05 
 1.37246096e+00 -2.58114557e-02 -1.42681118e-05 
 1.41253754e+00 -2.58114557e-02 -1.46847482e-05 
 1.45378439e+00 -2.58114557e-02 -1.51135506e-05 
 1.49623566e+00 -2.58114557e-02 -1.55548743e-05 
 1.53992653e+00 -2.58114557e-02 -1.60090848e-05 
 1.58489319e+00 -2.58114557e-02 -1.64765585e-05 
 1.63117291e+00 -2.58114557e-02 -1.69576827e-05 
 1.67880402e+00 -2.58114557e-02 -1.74528560e-05 
 1.72782598e+00 -2.58114557e-02 -1.79624886e-05 
 1.77827941e+00 -2.58114557e-02 -1.84870027e-05 
 1.83020611e+00 -2.58114557e-02 -1.90268329e-05 
 1.88364909e+00 -2.58114557e-02 -1.95824265e-05 
 1.93865264e+00 -2.58114557e-02 -2.01542437e-05 
 1.99526231e+00 -2.58114557e-02 -2.07427582e-05 
 2.05352503e+00 -2.58114557e-02 -2.13484577e-05 
 2.11348904e+00 -2.58114557e-02 -2.19718439e-05 
 2.17520403e+00 -2.58114557e-02 -2.26134333e-05 
 2.23872114e+00 -2.58114557e-02 -2.32737575e-05 
 2.30409298e+00 -2.58114557e-02 -2.39533635e-05 
 2.37137371e+00 -2.58114557e-02 -2.46528143e-05 
 2.44061907e+00 -2.58114557e-02 -2.53726895e-05 
 2.51188643e+00 -2.58114557e-02 -2.61135854e-05 
 2.58523484e+00 -2.58114557e-02 -2.68761159e-05 
 2.66072506e+00 -2.58114557e-02 -2.76609126e-05 
 2.73841963e+00 -2.58114557e-02 -2.84686258e-05 
 2.81838293e+00 -2.58114557e-02 -2.92999247e-05 
 2.90068120e+00 -2.58114557e-02 -3.01554980e-05 
 2.98538262e+00 -2.58114557e-02 -3.10360544e-05 
 3.07255737e+00 -2.58114557e-02 -3.19423236e-05 
 3.16227766e+00 -2.58114557e-02 -3.28750562e-05 
 3.25461783e+00 -2.58114557e-02 -3.38350252e-05 
 3.34965439e+00 -2.58114556e-02 -3.48230258e-05 
 3.44746607e+00 -2.58114556e-02 -3.58398765e-05 
 3.54813389e+00 -2.58114556e-02 -3.68864198e-05 
 3.65174127e+00 -2.58114556e-02 -3.79635227e-05 
 3.75837404e+00 -2.58114556e-02 -3.90720776e-05 
 3.86812055e+00 -2.58114556e-02 -4.02130028e-05 
 3.98107171e+00 -2.58114556e-02 -4.13872437e-05 
 4.09732110e+00 -2.58114556e-02 -4.25957731e-05 
 4.21696503e+00 -2.58114556e-02 -4.38395921e-05 
 4.34010264e+00 -2.58114556e-02 -4.51197313e-05 
 4.46683592e+00 -2.58114556e-02 -4.64372512e-05 
 4.59726989e+00 -2.58114556e-02 -4.77932435e-05 
 4.73151259e+00 -2.58114556e-02 -4.91888314e-05 
 4.86967525e+00 -2.58114556e-02 -5.06251712e-05 
 5.01187234e+00 -2.58114556e-02 -5.21034529e-05 
 5.15822165e+00 -2.58114556e-02 -5.36249011e-05 
 5.30884444e+00 -2.58114556e-02 -5.51907765e-05 
 5.46386550e+00 -2.58114556e-02 -5.68023763e-05 
 5.62341325e+00 -2.58114556e-02 -5.84610356e-05 
 5.78761988e+00 -2.58114556e-02 -6.01681287e-05 
 5.95662144e+00 -2.58114556e-02 -6.19250698e-05 
 6.13055792e+00 -2.58114556e-02 -6.37333145e-05 
 6.30957344e+00 -2.58114556e-02 -6.55943608e-05 
 6.49381632e+00 -2.58114556e-02 -6.75097508e-05 
 6.68343918e+00 -2.58114556e-02 -6.94810711e-05 
 6.87859912e+00 -2.58114556e-02 -7.15099550e-05 
 7.07945784e+00 -2.58114556e-02 -7.35980834e-05 
 7.28618175e+00 -2.58114556e-02 -7.57471862e-05 
 7.49894209e+00 -2.58114556e-02 -7.79590440e-05 
 7.71791516e+00 -2.58114556e-02 -8.02354891e-05 
 7.94328235e+00 -2.58114556e-02 -8.25784077e-05 
 8.17523038e+00 -2.58114556e-02 -8.49897408e-05 
 8.41395142e+00 -2.58114556e-02 -8.74714860e-05 
 8.65964323e+00 -2.58114556e-02 -9.00256995e-05 
 8.91250938e+00 -2.58114556e-02 -9.26544974e-05 
 9.17275935e+00 -2.58114556e-02 -9.53600576e-05 
 9.44060876e+00 -2.58114556e-02 -9.81446215e-05 
 9.71627952e+00 -2.58114556e-02 -1.01010496e-04 
 1.00000000e+01 -2.58114556e-02 -1.03960056e-04 
 1.02920053e+01 -2.58114556e-02 -1.06995744e-04 
 1.05925373e+01 -2.58114556e-02 -1.10120077e-04 
 1.09018449e+01 -2.58114556e-02 -1.13335641e-04 
 1.12201845e+01 -2.58114556e-02 -1.16645101e-04 
 1.15478198e+01 -2.58114556e-02 -1.20051200e-04 
 1.18850223e+01 -2.58114556e-02 -1.23556758e-04 
 1.22320712e+01 -2.58114556e-02 -1.27164681e-04 
 1.25892541e+01 -2.58114556e-02 -1.30877956e-04 
 1.29568670e+01 -2.58114556e-02 -1.34699662e-04 
 1.33352143e+01 -2.58114556e-02 -1.38632963e-04 
 1.37246096e+01 -2.58114556e-02 -1.42681118e-04 
 1.41253754e+01 -2.58114556e-02 -1.46847482e-04 
 1.45378439e+01 -2.58114556e-02 -1.51135506e-04 
 1.49623566e+01 -2.58114556e-02 -1.55548743e-04 
 1.53992653e+01 -2.58114556e-02 -1.60090848e-04 
 1.58489319e+01 -2.58114556e-02 -1.64765585e-04 
 1.63117291e+01 -2.58114556e-02 -1.69576827e-04 
 1.67880402e+01 -2.58114555e-02 -1.74528560e-04 
 1.72782598e+01 -2.58114555e-02 -1.79624886e-04 
 1.77827941e+01 -2.58114555e-02 -1.84870027e-04 
 1.83020611e+01 -2.58114555e-02 -1.90268329e-04 
 1.88364909e+01 -2.58114555e-02 -1.95824265e-04 
 1.93865264e+01 -2.58114555e-02 -2.01542437e-04 
 1.99526231e+01 -2.58114555e-02 -2.07427582e-04 
 2.05352503e+01 -2.58114555e-02 -2.13484577e-04 
 2.11348904e+01 -2.58114555e-02 -2.19718439e-04 
 2.17520403e+01 -2.58114555e-02 -2.26134333e-04 
 2.23872114e+01 -2.58114555e-02 -2.32737575e-04 
 2.30409298e+01 -2.58114554e-02 -2.39533635e-04 
 2.37137371e+01 -2.58114554e-02 -2.46528143e-04 
 2.44061907e+01 -2.58114554e-02 -2.53726895e-04 
 2.51188643e+01 -2.58114554e-02 -2.61135854e-04 
 2.58523484e+01 -2.58114554e-02 -2.68761159e-04 
 2.66072506e+01 -2.58114554e-02 -2.76609126e-04 
 2.73841963e+01 -2.58114554e-02 -2.84686258e-04 
 2.81838293e+01 -2.58114553e-02 -2.92999247e-04 
 2.90068120e+01 -2.58114553e-02 -3.01554980e-04 
 2.98538262e+01 -2.58114553e-02 -3.10360544e-04 
 3.07255737e+01 -2.58114553e-02 -3.19423236e-04 
 3.16227766e+01 -2.58114553e-02 -3.28750563e-04 
 3.25461783e+01 -2.58114552e-02 -3.38350252e-04 
 3.34965439e+01 -2.58114552e-02 -3.48230258e-04 
 3.44746607e+01 -2.58114552e-02 -3.58398765e-04 
 3.54813389e+01 -2.58114552e-02 -3.68864198e-04 
 3.65174127e+01 -2.58114551e-02 -3.79635227e-04 
 3.75837404e+01 -2.58114551e-02 -3.90720776e-04 
 3.86812055e+01 -2.58114551e-02 -4.02130028e-04 
 3.98107171e+01 -2.58114550e-02 -4.13872437e-04 
 4.09732110e+01 -2.58114550e-02 -4.25957731e-04 
 4.21696503e+01 -2.58114550e-02 -4.38395921e-04 
 4.34010264e+01 -2.58114549e-02 -4.51197313e-04 
 4.46683592e+01 -2.58114549e-02 -4.64372512e-04 
 4.59726989e+01 -2.58114548e-02 -4.77932435e-04 
 4.73151259e+01 -2.58114548e-02 -4.91888314e-04 
 4.86967525e+01 -2.58114547e-02 -5.06251712e-04 
 5.01187234e+01 -2.58114547e-02 -5.21034529e-04 
 5.15822165e+01 -2.58114546e-02 -5.36249012e-04 
 5.30884444e+01 -2.58114546e-02 -5.51907765e-04 
 5.46386550e+01 -2.58114545e-02 -5.68023763e-04 
 5.62341325e+01 -2.58114544e-02 -5.84610356e-04 
 5.78761988e+01 -2.58114544e-02 -6.01681287e-04 
 5.95662144e+01 -2.58114543e-02 -6.19250698e-04 
 6.13055792e+01 -2.58114542e-02 -6.37333145e-04 
 6.30957344e+01 -2.58114541e-02 -6.55943608e-04 
 6.49381632e+01 -2.58114540e-02 -6.75097508e-04 
 6.68343918e+01 -2.58114539e-02 -6.94810711e-04 
 6.87859912e+01 -2.58114538e-02 -7.15099550e-04 
 7.07945784e+01 -2.58114537e-02 -7.35980834e-04 
 7.28618175e+01 -2.58114536e-02 -7.57471862e-04 
 7.49894209e+01 -2.58114535e-02 -7.79590440e-04 
 7.71791516e+01 -2.58114533e-02 -8.02354892e-04 
 7.94328235e+01 -2.58114532e-02 -8.25784078e-04 
 8.17523038e+01 -2.58114531e-02 -8.49897408e-04 
 8.41395142e+01 -2.58114529e-02 -8.74714860e-04 
 8.65964323e+01 -2.58114527e-02 -9.00256995e-04 
 8.91250938e+01 -2.58114526e-02 -9.26544974e-04 
 9.17275935e+01 -2.58114524e-02 -9.53600576e-04 
 9.44060876e+01 -2.58114522e-02 -9.81446216e-04 
 9.71627952e+01 -2.58114520e-02 -1.01010496e-03 
 1.00000000e+02 -2.58114518e-02 -1.03960056e-03 
 1.02920053e+02 -2.58114515e-02 -1.06995744e-03 
 1.05925373e+02 -2.58114513e-02 -1.10120077e-03 
 1.09018449e+02 -2.58114510e-02 -1.13335641e-03 
 1.12201845e+02 -2.58114508e-02 -1.16645101e-03 
 1.15478198e+02 -2.58114505e-02 -1.20051200e-03 
 1.18850223e+02 -2.58114502e-02 -1.23556758e-03 
 1.22320712e+02 -2.58114499e-02 -1.27164681e-03 
 1.25892541e+02 -2.58114495e-02 -1.30877956e-03 
 1.29568670e+02 -2.58114492e-02 -1.34699662e-03 
 1.33352143e+02 -2.58114488e-02 -1.38632963e-03 
 1.37246096e+02 -2.58114484e-02 -1.42681118e-03 
 1.41253754e+02 -2.58114479e-02 -1.46847482e-03 
 1.45378439e+02 -2.58114475e-02 -1.51135506e-03 
 1.49623566e+02 -2.58114470e-02 -1.55548743e-03 
 1.53992653e+02 -2.58114465e-02 -1.60090848e-03 
 1.58489319e+02 -2.58114459e-02 -1.64765585e-03 
 1.63117291e+02 -2.58114453e-02 -1.69576827e-03 
 1.67880402e+02 -2.58114447e-02 -1.74528560e-03 
 1.72782598e+02 -2.58114441e-02 -1.79624886e-03 
 1.77827941e+02 -2.58114434e-02 -1.84870027e-03 
 1.83020611e+02 -2.58114427e-02 -1.90268330e-03 
 1.88364909e+02 -2.58114419e-02 -1.95824265e-03 
 1.93865264e+02 -2.58114411e-02 -2.01542437e-03 
 1.99526231e+02 -2.58114402e-02 -2.07427582e-03 
 2.05352503e+02 -2.58114393e-02 -2.13484577e-03 
 2.11348904e+02 -2.58114383e-02 -2.19718439e-03 
 2.17520403e+02 -2.58114373e-02 -2.26134334e-03 
 2.23872114e+02 -2.58114362e-02 -2.32737575e-03 
 2.30409298e+02 -2.58114351e-02 -2.39533635e-03 
 2.37137371e+02 -2.58114339e-02 -2.46528144e-03 
 2.44061907e+02 -2.58114326e-02 -2.53726896e-03 
 2.51188643e+02 -2.58114312e-02 -2.61135855e-03 
 2.58523484e+02 -2.58114298e-02 -2.68761159e-03 
 2.66072506e+02 -2.58114282e-02 -2.76609127e-03 
 2.73841963e+02 -2.58114266e-02 -2.84686259e-03 
 2.81838293e+02 -2.58114249e-02 -2.92999248e-03 
 2.90068120e+02 -2.58114231e-02 -3.01554981e-03 
 2.98538262e+02 -2.58114211e-02 -3.10360545e-03 
 3.07255737e+02 -2.58114191e-02 -3.19423237e-03 
 3.16227766e+02 -2.58114169e-02 -3.28750564e-03 
 3.25461783e+02 -2.58114146e-02 -3.38350254e-03 
 3.34965439e+02 -2.58114122e-02 -3.48230260e-03 
 3.44746607e+02 -2.58114096e-02 -3.58398767e-03 
 3.54813389e+02 -2.58114069e-02 -3.68864200e-03 
 3.65174127e+02 -2.58114040e-02 -3.79635229e-03 
 3.75837404e+02 -2.58114009e-02 -3.90720778e-03 
 3.86812055e+02 -2.58113977e-02 -4.02130031e-03 
 3.98107171e+02 -2.58113942e-02 -4.13872440e-03 
 4.09732110e+02 -2.58113906e-02 -4.25957734e-03 
 4.21696503e+02 -2.58113868e-02 -4.38395925e-03 
 4.34010264e+02 -2.58113827e-02 -4.51197317e-03 
 4.46683592e+02 -2.58113783e-02 -4.64372517e-03 
 4.59726989e+02 -2.58113738e-02 -4.77932439e-03 
 4.73151259e+02 -2.58113689e-02 -4.91888319e-03 
 4.86967525e+02 -2.58113638e-02 -5.06251717e-03 
 5.01187234e+02 -2.58113583e-02 -5.21034535e-03 
 5.15822165e+02 -2.58113526e-02 -5.36249018e-03 
 5.30884444e+02 -2.58113465e-02 -5.51907773e-03 
 5.46386550e+02 -2.58113400e-02 -5.68023771e-03 
 5.62341325e+02 -2.58113331e-02 -5.84610365e-03 
 5.78761988e+02 -2.58113259e-02 -6.01681296e-03 
 5.95662144e+02 -2.58113182e-02 -6.19250708e-03 
 6.13055792e+02 -2.58113100e-02 -6.37333156e-03 
 6.30957344e+02 -2.58113014e-02 -6.55943621e-03 
 6.49381632e+02 -2.58112923e-02 -6.75097521e-03 
 6.68343918e+02 -2.58112826e-02 -6.94810725e-03 
 6.87859912e+02 -2.58112723e-02 -7.15099566e-03 
 7.07945784e+02 -2.58112615e-02 -7.35980851e-03 
 7.28618175e+02 -2.58112500e-02 -7.57471881e-03 
 7.49894209e+02 -2.58112378e-02 -7.79590460e-03 
 7.71791516e+02 -2.58112249e-02 -8.02354914e-03 
 7.94328235e+02 -2.58112112e-02 -8.25784102e-03 
 8.17523038e+02 -2.58111967e-02 -8.49897435e-03 
 8.41395142e+02 -2.58111814e-02 -8.74714889e-03 
 8.65964323e+02 -2.58111651e-02 -9.00257027e-03 
 8.91250938e+02 -2.58111479e-02 -9.26545009e-03 
 9.17275935e+02 -2.58111296e-02 -9.53600614e-03 
 9.44060876e+02 -2.58111103e-02 -9.81446257e-03 
 9.71627952e+02 -2.58110899e-02 -1.01010501e-02 
 1.00000000e+03 -2.58110682e-02 -1.03960061e-02 
 1.02920053e+03 -2.58110452e-02 -1.06995750e-02 
 1.05925373e+03 -2.58110209e-02 -1.10120082e-02 
 1.09018449e+03 -2.58109952e-02 -1.13335647e-02 
 1.12201845e+03 -2.58109679e-02 -1.16645108e-02 
 1.15478198e+03 -2.58109390e-02 -1.20051207e-02 
 1.18850223e+03 -2.58109084e-02 -1.23556766e-02 
 1.22320712e+03 -2.58108759e-02 -1.27164690e-02 
 1.25892541e+03 -2.58108416e-02 -1.30877966e-02 
 1.29568670e+03 -2.58108052e-02 -1.34699672e-02 
 1.33352143e+03 -2.58107666e-02 -1.38632974e-02 
 1.37246096e+03 -2.58107258e-02 -1.42681131e-02 
 1.41253754e+03 -2.58106826e-02 -1.46847496e-02 
 1.45378439e+03 -2.58106368e-02 -1.51135521e-02 
 1.49623566e+03 -2.58105882e-02 -1.55548759e-02 
 1.53992653e+03 -2.58105368e-02 -1.60090866e-02 
 1.58489319e+03 -2.58104824e-02 -1.64765605e-02 
 1.63117291e+03 -2.58104247e-02 -1.69576848e-02 
 1.67880402e+03 -2.58103636e-02 -1.74528583e-02 
 1.72782598e+03 -2.58102989e-02 -1.79624911e-02 
 1.77827941e+03 -2.58102304e-02 -1.84870055e-02 
 1.83020611e+03 -2.58101578e-02 -1.90268359e-02 
 1.88364909e+03 -2.58100809e-02 -1.95824298e-02 
 1.93865264e+03 -2.58099994e-02 -2.01542472e-02 
 1.99526231e+03 -2.58099131e-02 -2.07427621e-02 
 2.05352503e+03 -2.58098217e-02 -2.13484619e-02 
 2.11348904e+03 -2.58097249e-02 -2.19718485e-02 
 2.17520403e+03 -2.58096224e-02 -2.26134384e-02 
 2.23872114e+03 -2.58095137e-02 -2.32737630e-02 
 2.30409298e+03 -2.58093987e-02 -2.39533695e-02 
 2.37137371e+03 -2.58092768e-02 -2.46528209e-02 
 2.44061907e+03 -2.58091477e-02 -2.53726966e-02 
 2.51188643e+03 -2.58090109e-02 -2.61135932e-02 
 2.58523484e+03 -2.58088661e-02 -2.68761244e-02 
 2.66072506e+03 -2.58087126e-02 -2.76609219e-02 
 2.73841963e+03 -2.58085501e-02 -2.84686359e-02 
 2.81838293e+03 -2.58083779e-02 -2.92999357e-02 
 2.90068120e+03 -2.58081956e-02 -3.01555100e-02 
 2.98538262e+03 -2.58080024e-02 -3.10360675e-02 
 3.07255737e+03 -2.58077978e-02 -3.19423378e-02 
 3.16227766e+03 -2.58075810e-02 -3.28750718e-02 
 3.25461783e+03 -2.58073514e-02 -3.38350422e-02 
 3.34965439e+03 -2.58071083e-02 -3.48230443e-02 
 3.44746607e+03 -2.58068507e-02 -3.58398967e-02 
 3.54813389e+03 -2.58065778e-02 -3.68864418e-02 
 3.65174127e+03 -2.58062888e-02 -3.79635467e-02 
 3.75837404e+03 -2.58059826e-02 -3.90721037e-02 
 3.86812055e+03 -2.58056583e-02 -4.02130313e-02 
 3.98107171e+03 -2.58053148e-02 -4.13872748e-02 
 4.09732110e+03 -2.58049509e-02 -4.25958069e-02 
 4.21696503e+03 -2.58045655e-02 -4.38396290e-02 
 4.34010264e+03 -2.58041572e-02 -4.51197715e-02 
 4.46683592e+03 -2.58037248e-02 -4.64372951e-02 
 4.59726989e+03 -2.58032667e-02 -4.77932912e-02 
 4.73151259e+03 -2.58027815e-02 -4.91888835e-02 
 4.86967525e+03 -2.58022675e-02 -5.06252280e-02 
 5.01187234e+03 -2.58017230e-02 -5.21035148e-02 
 5.15822165e+03 -2.58011464e-02 -5.36249687e-02 
 5.30884444e+03 -2.58005355e-02 -5.51908501e-02 
 5.46386550e+03 -2.57998884e-02 -5.68024565e-02 
 5.62341325e+03 -2.57992030e-02 -5.84611231e-02 
 5.78761988e+03 -2.57984770e-02 -6.01682241e-02 
 5.95662144e+03 -2.57977080e-02 -6.19251737e-02 
 6.13055792e+03 -2.57968934e-02 -6.37334278e-02 
 6.30957344e+03 -2.57960305e-02 -6.55944844e-02 
 6.49381632e+03 -2.57951165e-02 -6.75098855e-02 
 6.68343918e+03 -2.57941484e-02 -6.94812179e-02 
 6.87859912e+03 -2.57931228e-02 -7.15101151e-02 
 7.07945784e+03 -2.57920365e-02 -7.35982579e-02 
 7.28618175e+03 -2.57908859e-02 -7.57473765e-02 
 7.49894209e+03 -2.57896671e-02 -7.79592514e-02 
 7.71791516e+03 -2.57883760e-02 -8.02357153e-02 
 7.94328235e+03 -2.57870084e-02 -8.25786543e-02 
 8.17523038e+03 -2.57855599e-02 -8.49900095e-02 
 8.41395142e+03 -2.57840254e-02 -8.74717790e-02 
 8.65964323e+03 -2.57824001e-02 -9.00260189e-02 
 8.91250938e+03 -2.57806784e-02 -9.26548456e-02 
 9.17275935e+03 -2.57788548e-02 -9.53604372e-02 
 9.44060876e+03 -2.57769231e-02 -9.81450354e-02 
 9.71627952e+03 -2.57748769e-02 -1.01010947e-01 
 1.00000000e+04 -2.57727094e-02 -1.03960548e-01 
 1.02920053e+04 -2.57704136e-02 -1.06996281e-01 
 1.05925373e+04 -2.57679817e-02 -1.10120661e-01 
 1.09018449e+04 -2.57654057e-02 -1.13336278e-01 
 1.12201845e+04 -2.57626771e-02 -1.16645796e-01 
 1.15478198e+04 -2.57597867e-02 -1.20051957e-01 
 1.18850223e+04 -2.57567252e-02 -1.23557584e-01 
 1.22320712e+04 -2.57534822e-02 -1.27165581e-01 
 1.25892541e+04 -2.57500470e-02 -1.30878938e-01 
 1.29568670e+04 -2.57464083e-02 -1.34700732e-01 
 1.33352143e+04 -2.57425540e-02 -1.38634129e-01 
 1.37246096e+04 -2.57384714e-02 -1.42682390e-01 
 1.41253754e+04 -2.57341468e-02 -1.46848868e-01 
 1.45378439e+04 -2.57295659e-02 -1.51137017e-01 
 1.49623566e+04 -2.57247136e-02 -1.55550390e-01 
 1.53992653e+04 -2.57195738e-02 -1.60092644e-01 
 1.58489319e+04 -2.57141295e-02 -1.64767543e-01 
 1.63117291e+04 -2.57083625e-02 -1.69578962e-01 
 1.67880402e+04 -2.57022539e-02 -1.74530887e-01 
 1.72782598e+04 -2.56957833e-02 -1.79627423e-01 
 1.77827941e+04 -2.56889292e-02 -1.84872793e-01 
 1.83020611e+04 -2.56816691e-02 -1.90271345e-01 
 1.88364909e+04 -2.56739787e-02 -1.95827552e-01 
 1.93865264e+04 -2.56658327e-02 -2.01546020e-01 
 1.99526231e+04 -2.56572040e-02 -2.07431489e-01 
 2.05352503e+04 -2.56480640e-02 -2.13488836e-01 
 2.11348904e+04 -2.56383824e-02 -2.19723083e-01 
 2.17520403e+04 -2.56281271e-02 -2.26139396e-01 
 2.23872114e+04 -2.56172642e-02 -2.32743094e-01 
 2.30409298e+04 -2.56057576e-02 -2.39539652e-01 
 2.37137371e+04 -2.55935692e-02 -2.46534703e-01 
 2.44061907e+04 -2.55806586e-02 -2.53734046e-01 
 2.51188643e+04 -2.55669829e-02 -2.61143650e-01 
 2.58523484e+04 -2.55524970e-02 -2.68769658e-01 
 2.66072506e+04 -2.55371527e-02 -2.76618392e-01 
 2.73841963e+04 -2.55208991e-02 -2.84696360e-01 
 2.81838293e+04 -2.55036825e-02 -2.93010259e-01 
 2.90068120e+04 -2.54854457e-02 -3.01566985e-01 
 2.98538262e+04 -2.54661283e-02 -3.10373632e-01 
 3.07255737e+04 -2.54456663e-02 -3.19437504e-01 
 3.16227766e+04 -2.54239918e-02 -3.28766118e-01 
 3.25461783e+04 -2.54010330e-02 -3.38367210e-01 
 3.34965439e+04 -2.53767138e-02 -3.48248745e-01 
 3.44746607e+04 -2.53509536e-02 -3.58418920e-01 
 3.54813389e+04 -2.53236670e-02 -3.68886170e-01 
 3.65174127e+04 -2.52947635e-02 -3.79659181e-01 
 3.75837404e+04 -2.52641474e-02 -3.90746890e-01 
 3.86812055e+04 -2.52317171e-02 -4.02158498e-01 
 3.98107171e+04 -2.51973652e-02 -4.13903475e-01 
 4.09732110e+04 -2.51609777e-02 -4.25991567e-01 
 4.21696503e+04 -2.51224342e-02 -4.38432809e-01 
 4.34010264e+04 -2.50816067e-02 -4.51237528e-01 
 4.46683592e+04 -2.50383600e-02 -4.64416354e-01 
 4.59726989e+04 -2.49925508e-02 -4.77980231e-01 
 4.73151259e+04 -2.49440271e-02 -4.91940420e-01 
 4.86967525e+04 -2.48926281e-02 -5.06308518e-01 
 5.01187234e+04 -2.48381835e-02 -5.21096458e-01 
 5.15822165e+04 -2.47805128e-02 -5.36316527e-01 
 5.30884444e+04 -2.47194248e-02 -5.51981370e-01 
 5.46386550e+04 -2.46547169e-02 -5.68104006e-01 
 5.62341325e+04 -2.45861748e-02 -5.84697837e-01 
 5.78761988e+04 -2.45135712e-02 -6.01776657e-01 
 5.95662144e+04 -2.44366654e-02 -6.19354670e-01 
 6.13055792e+04 -2.43552025e-02 -6.37446494e-01 
 6.30957344e+04 -2.42689125e-02 -6.56067181e-01 
 6.49381632e+04 -2.41775092e-02 -6.75232226e-01 
 6.68343918e+04 -2.40806897e-02 -6.94957580e-01 
 6.87859912e+04 -2.39781331e-02 -7.15259666e-01 
 7.07945784e+04 -2.38694993e-02 -7.36155392e-01 
 7.28618175e+04 -2.37544282e-02 -7.57662165e-01 
 7.49894209e+04 -2.36325384e-02 -7.79797908e-01 
 7.71791516e+04 -2.35034258e-02 -8.02581073e-01 
 7.94328235e+04 -2.33666623e-02 -8.26030661e-01 
 8.17523038e+04 -2.32217945e-02 -8.50166233e-01 
 8.41395142e+04 -2.30683423e-02 -8.75007934e-01 
 8.65964323e+04 -2.29057968e-02 -9.00576505e-01 
 8.91250938e+04 -2.27336192e-02 -9.26893304e-01 
 9.17275935e+04 -2.25512386e-02 -9.53980327e-01 
 9.44060876e+04 -2.23580504e-02 -9.81860222e-01 
 9.71627952e+04 -2.21534140e-02 -1.01055632e+00 
 1.00000000e+05 -2.19366511e-02 -1.04009263e+00 
 1.02920053e+05 -2.17070430e-02 -1.07049390e+00 
 1.05925373e+05 -2.14638282e-02 -1.10178562e+00 
 1.09018449e+05 -2.12062005e-02 -1.13399402e+00 
 1.12201845e+05 -2.09333057e-02 -1.16714615e+00 
 1.15478198e+05 -2.06442388e-02 -1.20126985e+00 
 1.18850223e+05 -2.03380414e-02 -1.23639380e+00 
 1.22320712e+05 -2.00136981e-02 -1.27254757e+00 
 1.25892541e+05 -1.96701335e-02 -1.30976160e+00 
 1.29568670e+05 -1.93062083e-02 -1.34806725e+00 
 1.33352143e+05 -1.89207156e-02 -1.38749686e+00 
 1.37246096e+05 -1.85123771e-02 -1.42808374e+00 
 1.41253754e+05 -1.80798385e-02 -1.46986220e+00 
 1.45378439e+05 -1.76216655e-02 -1.51286763e+00 
 1.49623566e+05 -1.71363384e-02 -1.55713649e+00 
 1.53992653e+05 -1.66222476e-02 -1.60270635e+00 
 1.58489319e+05 -1.60776881e-02 -1.64961597e+00 
 1.63117291e+05 -1.55008535e-02 -1.69790529e+00 
 1.67880402e+05 -1.48898304e-02 -1.74761549e+00 
 1.72782598e+05 -1.42425921e-02 -1.79878903e+00 
 1.77827941e+05 -1.35569915e-02 -1.85146973e+00 
 1.83020611e+05 -1.28307540e-02 -1.90570273e+00 
 1.88364909e+05 -1.20614703e-02 -1.96153465e+00 
 1.93865264e+05 -1.12465882e-02 -2.01901355e+00 
 1.99526231e+05 -1.03834037e-02 -2.07818903e+00 
 2.05352503e+05 -9.46905278e-03 -2.13911229e+00 
 2.11348904e+05 -8.50050121e-03 -2.20183614e+00 
 2.17520403e+05 -7.47453477e-03 -2.26641512e+00 
 2.23872114e+05 -6.38774846e-03 -2.33290555e+00 
 2.30409298e+05 -5.23653516e-03 -2.40136555e+00 
 2.37137371e+05 -4.01707364e-03 -2.47185518e+00 
 2.44061907e+05 -2.72531578e-03 -2.54443649e+00 
 2.51188643e+05 -1.35697313e-03 -2.61917356e+00 
 2.58523484e+05  9.24974410e-05 -2.69613265e+00 
 2.66072506e+05  1.62790886e-03 -2.77538224e+00 
 2.73841963e+05  3.25435991e-03 -2.85699313e+00 
 2.81838293e+05  4.97725229e-03 -2.94103856e+00 
 2.90068120e+05  6.80230861e-03 -3.02759429e+00 
 2.98538262e+05  8.73559150e-03 -3.11673873e+00 
 3.07255737e+05  1.07835239e-02 -3.20855303e+00 
 3.16227766e+05  1.29529105e-02 -3.30312123e+00 
 3.25461783e+05  1.52509605e-02 -3.40053037e+00 
 3.34965439e+05  1.76853117e-02 -3.50087065e+00 
 3.44746607e+05  2.02640562e-02 -3.60423555e+00 
 3.54813389e+05  2.29957673e-02 -3.71072203e+00 
 3.65174127e+05  2.58895283e-02 -3.82043064e+00 
 3.75837404e+05  2.89549629e-02 -3.93346577e+00 
 3.86812055e+05  3.22022676e-02 -4.04993576e+00 
 3.98107171e+05  3.56422458e-02 -4.16995319e+00 
 4.09732110e+05  3.92863439e-02 -4.29363503e+00 
 4.21696503e+05  4.31466901e-02 -4.42110291e+00 
 4.34010264e+05  4.72361346e-02 -4.55248337e+00 
 4.46683592e+05  5.15682935e-02 -4.68790812e+00 
 4.59726989e+05  5.61575937e-02 -4.82751433e+00 
 4.73151259e+05  6.10193221e-02 -4.97144496e+00 
 4.86967525e+05  6.61696768e-02 -5.11984906e+00 
 5.01187234e+05  7.16258213e-02 -5.27288219e+00 
 5.15822165e+05  7.74059429e-02 -5.43070676e+00 
 5.30884444e+05  8.35293132e-02 -5.59349246e+00 
 5.46386550e+05  9.00163533e-02 -5.76141676e+00 
 5.62341325e+05  9.68887026e-02 -5.93466535e+00 
 5.78761988e+05  1.04169292e-01 -6.11343270e+00 
 5.95662144e+05  1.11882419e-01 -6.29792265e+00 
 6.13055792e+05  1.20053832e-01 -6.48834903e+00 
 6.30957344e+05  1.28710817e-01 -6.68493636e+00 
 6.49381632e+05  1.37882286e-01 -6.88792056e+00 
 6.68343918e+05  1.47598875e-01 -7.09754981e+00 
 6.87859912e+05  1.57893050e-01 -7.31408542e+00 
 7.07945784e+05  1.68799211e-01 -7.53780278e+00 
 7.28618175e+05  1.80353809e-01 -7.76899245e+00 
 7.49894209e+05  1.92595464e-01 -8.00796128e+00 
 7.71791516e+05  2.05565098e-01 -8.25503371e+00 
 7.94328235e+05  2.19306066e-01 -8.51055315e+00 
 8.17523038e+05  2.33864296e-01 -8.77488349e+00 
 8.41395142e+05  2.49288443e-01 -9.04841080e+00 
 8.65964323e+05  2.65630045e-01 -9.33154515e+00 
 8.91250938e+05  2.82943683e-01 -9.62472266e+00 
 9.17275935e+05  3.01287158e-01 -9.92840771e+00 
 9.44060876e+05  3.20721672e-01 -1.02430954e+01 
 9.71627952e+05  3.41312009e-01 -1.05693145e+01 
 1.00000000e+06  3.63126735e-01 -1.09076300e+01 
 1.02920053e+06  3.86238400e-01 -1.12586468e+01 
 1.05925373e+06  4.10723738e-01 -1.16230137e+01 
 1.09018449e+06  4.36663886e-01 -1.20014267e+01 
 1.12201845e+06  4.64144592e-01 -1.23946344e+01 
 1.15478198e+06  4.93256432e-01 -1.28034427e+01 
 1.18850223e+06  5.24095022e-01 -1.32287205e+01 
 1.22320712e+06  5.56761222e-01 -1.36714064e+01 
 1.25892541e+06  5.91361332e-01 -1.41325153e+01 
 1.29568670e+06  6.28007271e-01 -1.46131468e+01 
 1.33352143e+06  6.66816721e-01 -1.51144937e+01 
 1.37246096e+06  7.07913250e-01 -1.56378524e+01 
 1.41253754e+06  7.51426371e-01 -1.61846341e+01 
 1.45378439e+06  7.97491546e-01 -1.67563769e+01 
 1.49623566e+06  8.46250094e-01 -1.73547607e+01 
 1.53992653e+06  8.97848988e-01 -1.79816227e+01 
 1.58489319e+06  9.52440505e-01 -1.86389757e+01 
 1.63117291e+06  1.01018168e+00 -1.93290282e+01 
 1.67880402e+06  1.07123351e+00 -2.00542074e+01 
 1.72782598e+06  1.13575987e+00 -2.08171848e+01 
 1.77827941e+06  1.20392599e+00 -2.16209057e+01 
 1.83020611e+06  1.27589642e+00 -2.24686211e+01 
 1.88364909e+06  1.35183240e+00 -2.33639248e+01 
 1.93865264e+06  1.43188838e+00 -2.43107943e+01 
 1.99526231e+06  1.51620743e+00 -2.53136363e+01 
 2.05352503e+06  1.60491551e+00 -2.63773372e+01 
 2.11348904e+06  1.69811390e+00 -2.75073183e+01 
 2.17520403e+06  1.79586969e+00 -2.87095962e+01 
 2.23872114e+06  1.89820369e+00 -2.99908466e+01 
 2.30409298e+06  2.00507503e+00 -3.13584709e+01 
 2.37137371e+06  2.11636191e+00 -3.28206630e+01 
 2.44061907e+06  2.23183741e+00 -3.43864727e+01 
 2.51188643e+06  2.35113959e+00 -3.60658584e+01 
 2.58523484e+06  2.47373450e+00 -3.78697225e+01 
 2.66072506e+06  2.59887131e+00 -3.98099130e+01 
 2.73841963e+06  2.72552852e+00 -4.18991771e+01 
 2.81838293e+06  2.85235083e+00 -4.41510378e+01 
 2.90068120e+06  2.97757726e+00 -4.65795638e+01 
 2.98538262e+06  3.09896266e+00 -4.91989912e+01 
 3.07255737e+06  3.21369735e+00 -5.20231490e+01 
 3.16227766e+06  3.31833355e+00 -5.50646421e+01 
 3.25461783e+06  3.40873214e+00 -5.83337513e+01 
 3.34965439e+06  3.48004905e+00 -6.18370394e+01 
 3.44746607e+06  3.52678570e+00 -6.55757047e+01 
 3.54813389e+06  3.54292995e+00 -6.95438074e+01 
 3.65174127e+06  3.52220918e+00 -7.37266014e+01 
 3.75837404e+06  3.45846204e+00 -7.80993112e+01 
 3.86812055e+06  3.34610884e+00 -8.26267514e+01 
 3.98107171e+06  3.18066596e+00 -8.72641404e+01 
 4.09732110e+06  2.95921948e+00 -9.19592666e+01 
 4.21696503e+06  2.68076145e+00 -9.66558554e+01 
 4.34010264e+06  2.34631151e+00 -1.01297644e+02 
 4.46683592e+06  1.95879403e+00 -1.05832456e+02 
 4.59726989e+06  1.52270093e+00 -1.10215562e+02 
 4.73151259e+06  1.04361754e+00 -1.14411838e+02 
 4.86967525e+06  5.27708255e-01 -1.18396575e+02 
 5.01187234e+06 -1.87534270e-02 -1.22155090e+02 
 5.15822165e+06 -5.89756098e-01 -1.25681502e+02 
 5.30884444e+06 -1.17980290e+00 -1.28977061e+02 
 5.46386550e+06 -1.78405189e+00 -1.32048377e+02 
 5.62341325e+06 -2.39836614e+00 -1.34905771e+02 
 5.78761988e+06 -3.01929981e+00 -1.37561884e+02 
 5.95662144e+06 -3.64404477e+00 -1.40030580e+02 
 6.13055792e+06 -4.27035694e+00 -1.42326130e+02 
 6.30957344e+06 -4.89647595e+00 -1.44462635e+02 
 6.49381632e+06 -5.52104666e+00 -1.46453655e+02 
 6.68343918e+06 -6.14304729e+00 -1.48311974e+02 
 6.87859912e+06 -6.76172636e+00 -1.50049480e+02 
 7.07945784e+06 -7.37654893e+00 -1.51677118e+02 
 7.28618175e+06 -7.98715175e+00 -1.53204892e+02 
 7.49894209e+06 -8.59330636e+00 -1.54641901e+02 
 7.71791516e+06 -9.19488915e+00 -1.55996390e+02 
 7.94328235e+06 -9.79185722e+00 -1.57275818e+02 
 8.17523038e+06 -1.03842291e+01 -1.58486918e+02 
 8.41395142e+06 -1.09720696e+01 -1.59635770e+02 
 8.65964323e+06 -1.15554772e+01 -1.60727861e+02 
 8.91250938e+06 -1.21345751e+01 -1.61768146e+02 
 9.17275935e+06 -1.27095034e+01 -1.62761105e+02 
 9.44060876e+06 -1.32804134e+01 -1.63710792e+02 
 9.71627952e+06 -1.38474629e+01 -1.64620881e+02 
 1.00000000e+07 -1.44108129e+01 -1.65494706e+02 
 1.02920053e+07 -1.49706248e+01 -1.66335300e+02 
 1.05925373e+07 -1.55270585e+01 -1.67145425e+02 
 1.09018449e+07 -1.60802707e+01 -1.67927603e+02 
 1.12201845e+07 -1.66304141e+01 -1.68684139e+02 
 1.15478198e+07 -1.71776362e+01 -1.69417149e+02 
 1.18850223e+07 -1.77220789e+01 -1.70128576e+02 
 1.22320712e+07 -1.82638784e+01 -1.70820209e+02 
 1.25892541e+07 -1.88031646e+01 -1.71493699e+02 
 1.29568670e+07 -1.93400610e+01 -1.72150574e+02 
 1.33352143e+07 -1.98746852e+01 -1.72792253e+02 
 1.37246096e+07 -2.04071482e+01 -1.73420052e+02 
 1.41253754e+07 -2.09375550e+01 -1.74035200e+02 
 1.45378439e+07 -2.14660047e+01 -1.74638846e+02 
 1.49623566e+07 -2.19925905e+01 -1.75232065e+02 
 1.53992653e+07 -2.25173998e+01 -1.75815867e+02 
 1.58489319e+07 -2.30405148e+01 -1.76391204e+02 
 1.63117291e+07 -2.35620120e+01 -1.76958974e+02 
 1.67880402e+07 -2.40819631e+01 -1.77520026e+02 
 1.72782598e+07 -2.46004347e+01 -1.78075169e+02 
 1.77827941e+07 -2.51174888e+01 -1.78625168e+02 
 1.83020611e+07 -2.56331827e+01 -1.79170756e+02 
 1.88364909e+07 -2.61475695e+01 -1.79712633e+02 
 1.93865264e+07 -2.66606977e+01 -1.80251468e+02 
 1.99526231e+07 -2.71726121e+01 -1.80787905e+02 
 2.05352503e+07 -2.76833533e+01 -1.81322566e+02 
 2.11348904e+07 -2.81929584e+01 -1.81856046e+02 
 2.17520403e+07 -2.87014604e+01 -1.82388926e+02 
 2.23872114e+07 -2.92088892e+01 -1.82921765e+02 
 2.30409298e+07 -2.97152709e+01 -1.83455107e+02 
 2.37137371e+07 -3.02206285e+01 -1.83989482e+02 
 2.44061907e+07 -3.07249815e+01 -1.84525403e+02 
 2.51188643e+07 -3.12283465e+01 -1.85063375e+02 
 2.58523484e+07 -3.17307369e+01 -1.85603889e+02 
 2.66072506e+07 -3.22321630e+01 -1.86147426e+02 
 2.73841963e+07 -3.27326323e+01 -1.86694456e+02 
 2.81838293e+07 -3.32321492e+01 -1.87245443e+02 
 2.90068120e+07 -3.37307154e+01 -1.87800839e+02 
 2.98538262e+07 -3.42283297e+01 -1.88361092e+02 
 3.07255737e+07 -3.47249881e+01 -1.88926638e+02 
 3.16227766e+07 -3.52206840e+01 -1.89497911e+02 
 3.25461783e+07 -3.57154079e+01 -1.90075333e+02 
 3.34965439e+07 -3.62091477e+01 -1.90659323e+02 
 3.44746607e+07 -3.67018886e+01 -1.91250292e+02 
 3.54813389e+07 -3.71936131e+01 -1.91848644e+02 
 3.65174127e+07 -3.76843012e+01 -1.92454779e+02 
 3.75837404e+07 -3.81739301e+01 -1.93069086e+02 
 3.86812055e+07 -3.86624745e+01 -1.93691952e+02 
 3.98107171e+07 -3.91499063e+01 -1.94323752e+02 
 4.09732110e+07 -3.96361951e+01 -1.94964857e+02 
 4.21696503e+07 -4.01213078e+01 -1.95615629e+02 
 4.34010264e+07 -4.06052085e+01 -1.96276422e+02 
 4.46683592e+07 -4.10878591e+01 -1.96947581e+02 
 4.59726989e+07 -4.15692189e+01 -1.97629442e+02 
 4.73151259e+07 -4.20492445e+01 -1.98322331e+02 
 4.86967525e+07 -4.25278903e+01 -1.99026561e+02 
 5.01187234e+07 -4.30051082e+01 -1.99742439e+02 
 5.15822165e+07 -4.34808476e+01 -2.00470253e+02 
 5.30884444e+07 -4.39550559e+01 -2.01210284e+02 
 5.46386550e+07 -4.44276779e+01 -2.01962795e+02 
 5.62341325e+07 -4.48986565e+01 -2.02728035e+02 
 5.78761988e+07 -4.53679325e+01 -2.03506239e+02 
 5.95662144e+07 -4.58354447e+01 -2.04297623e+02 
 6.13055792e+07 -4.63011300e+01 -2.05102385e+02 
 6.30957344e+07 -4.67649238e+01 -2.05920707e+02 
 6.49381632e+07 -4.72267598e+01 -2.06752747e+02 
 6.68343918e+07 -4.76865704e+01 -2.07598646e+02 
 6.87859912e+07 -4.81442867e+01 -2.08458520e+02 
 7.07945784e+07 -4.85998391e+01 -2.09332463e+02 
 7.28618175e+07 -4.90531569e+01 -2.10220547e+02 
 7.49894209e+07 -4.95041692e+01 -2.11122818e+02 
 7.71791516e+07 -4.99528046e+01 -2.12039295e+02 
 7.94328235e+07 -5.03989919e+01 -2.12969974e+02 
 8.17523038e+07 -5.08426603e+01 -2.13914823e+02 
 8.41395142e+07 -5.12837394e+01 -2.14873782e+02 
 8.65964323e+07 -5.17221600e+01 -2.15846766e+02 
 8.91250938e+07 -5.21578542e+01 -2.16833660e+02 
 9.17275935e+07 -5.25907556e+01 -2.17834322e+02 
 9.44060876e+07 -5.30208001e+01 -2.18848584e+02 
 9.71627952e+07 -5.34479258e+01 -2.19876250e+02 
 1.00000000e+08 -5.38720738e+01 -2.20917097e+02 
 1.02920053e+08 -5.42931881e+01 -2.21970877e+02 
 1.05925373e+08 -5.47112166e+01 -2.23037318e+02 
 1.09018449e+08 -5.51261107e+01 -2.24116122e+02 
 1.12201845e+08 -5.55378266e+01 -2.25206972e+02 
 1.15478198e+08 -5.59463246e+01 -2.26309529e+02 
 1.18850223e+08 -5.63515703e+01 -2.27423434e+02 
 1.22320712e+08 -5.67535345e+01 -2.28548313e+02 
 1.25892541e+08 -5.71521935e+01 -2.29683777e+02 
 1.29568670e+08 -5.75475295e+01 -2.30829424e+02 
 1.33352143e+08 -5.79395309e+01 -2.31984844e+02 
 1.37246096e+08 -5.83281921e+01 -2.33149618e+02 
 1.41253754e+08 -5.87135141e+01 -2.34323322e+02 
 1.45378439e+08 -5.90955044e+01 -2.35505533e+02 
 1.49623566e+08 -5.94741773e+01 -2.36695826e+02 
 1.53992653e+08 -5.98495536e+01 -2.37893782e+02 
 1.58489319e+08 -6.02216612e+01 -2.39098986e+02 
 1.63117291e+08 -6.05905342e+01 -2.40311036e+02 
 1.67880402e+08 -6.09562140e+01 -2.41529539e+02 
 1.72782598e+08 -6.13187479e+01 -2.42754116e+02 
 1.77827941e+08 -6.16781903e+01 -2.43984409e+02 
 1.83020611e+08 -6.20346013e+01 -2.45220074e+02 
 1.88364909e+08 -6.23880475e+01 -2.46460791e+02 
 1.93865264e+08 -6.27386012e+01 -2.47706264e+02 
 1.99526231e+08 -6.30863404e+01 -2.48956219e+02 
 2.05352503e+08 -6.34313485e+01 -2.50210411e+02 
 2.11348904e+08 -6.37737138e+01 -2.51468619e+02 
 2.17520403e+08 -6.41135297e+01 -2.52730654e+02 
 2.23872114e+08 -6.44508940e+01 -2.53996353e+02 
 2.30409298e+08 -6.47859085e+01 -2.55265584e+02 
 2.37137371e+08 -6.51186793e+01 -2.56538244e+02 
 2.44061907e+08 -6.54493156e+01 -2.57814259e+02 
 2.51188643e+08 -6.57779304e+01 -2.59093585e+02 
 2.58523484e+08 -6.61046391e+01 -2.60376206e+02 
 2.66072506e+08 -6.64295601e+01 -2.61662134e+02 
 2.73841963e+08 -6.67528142e+01 -2.62951407e+02 
 2.81838293e+08 -6.70745239e+01 -2.64244090e+02 
 2.90068120e+08 -6.73948140e+01 -2.65540271e+02 
 2.98538262e+08 -6.77138103e+01 -2.66840060e+02 
 3.07255737e+08 -6.80316403e+01 -2.68143591e+02 
 3.16227766e+08 -6.83484321e+01 -2.69451012e+02 
 3.25461783e+08 -6.86643150e+01 -2.70762493e+02 
 3.34965439e+08 -6.89794186e+01 -2.72078217e+02 
 3.44746607e+08 -6.92938726e+01 -2.73398378e+02 
 3.54813389e+08 -6.96078072e+01 -2.74723184e+02 
 3.65174127e+08 -6.99213522e+01 -2.76052849e+02 
 3.75837404e+08 -7.02346370e+01 -2.77387592e+02 
 3.86812055e+08 -7.05477908e+01 -2.78727638e+02 
 3.98107171e+08 -7.08609415e+01 -2.80073212e+02 
 4.09732110e+08 -7.11742164e+01 -2.81424537e+02 
 4.21696503e+08 -7.14877414e+01 -2.82781833e+02 
 4.34010264e+08 -7.18016411e+01 -2.84145313e+02 
 4.46683592e+08 -7.21160381e+01 -2.85515183e+02 
 4.59726989e+08 -7.24310535e+01 -2.86891638e+02 
 4.73151259e+08 -7.27468059e+01 -2.88274859e+02 
 4.86967525e+08 -7.30634117e+01 -2.89665014e+02 
 5.01187234e+08 -7.33809842e+01 -2.91062253e+02 
 5.15822165e+08 -7.36996342e+01 -2.92466708e+02 
 5.30884444e+08 -7.40194688e+01 -2.93878489e+02 
 5.46386550e+08 -7.43405916e+01 -2.95297688e+02 
 5.62341325e+08 -7.46631023e+01 -2.96724369e+02 
 5.78761988e+08 -7.49870963e+01 -2.98158575e+02 
 5.95662144e+08 -7.53126644e+01 -2.99600323e+02 
 6.13055792e+08 -7.56398925e+01 -3.01049601e+02 
 6.30957344e+08 -7.59688610e+01 -3.02506375e+02 
 6.49381632e+08 -7.62996448e+01 -3.03970580e+02 
 6.68343918e+08 -7.66323127e+01 -3.05442125e+02 
 6.87859912e+08 -7.69669273e+01 -3.06920891e+02 
 7.07945784e+08 -7.73035442e+01 -3.08406733e+02 
 7.28618175e+08 -7.76422123e+01 -3.09899479e+02 
 7.49894209e+08 -7.79829728e+01 -3.11398930e+02 
 7.71791516e+08 -7.83258596e+01 -3.12904865e+02 
 7.94328235e+08 -7.86708984e+01 -3.14417036e+02 
 8.17523038e+08 -7.90181070e+01 -3.15935173e+02 
 8.41395142e+08 -7.93674945e+01 -3.17458987e+02 
 8.65964323e+08 -7.97190619e+01 -3.18988166e+02 
 8.91250938e+08 -8.00728009e+01 -3.20522383e+02 
 9.17275935e+08 -8.04286950e+01 -3.22061292e+02 
 9.44060876e+08 -8.07867184e+01 -3.23604535e+02 
 9.71627952e+08 -8.11468365e+01 -3.25151738e+02 
 1.00000000e+09 -8.15090059e+01 -3.26702519e+02 
