 frequency       av              ph             
 1.00000000e+00  1.20221400e+01 -2.34359778e-05 
 1.02920053e+00  1.20221400e+01 -2.41203207e-05 
 1.05925373e+00  1.20221400e+01 -2.48246468e-05 
 1.09018449e+00  1.20221400e+01 -2.55495396e-05 
 1.12201845e+00  1.20221400e+01 -2.62955996e-05 
 1.15478198e+00  1.20221400e+01 -2.70634450e-05 
 1.18850223e+00  1.20221400e+01 -2.78537119e-05 
 1.22320712e+00  1.20221400e+01 -2.86670549e-05 
 1.25892541e+00  1.20221400e+01 -2.95041480e-05 
 1.29568670e+00  1.20221400e+01 -3.03656847e-05 
 1.33352143e+00  1.20221400e+01 -3.12523787e-05 
 1.37246096e+00  1.20221400e+01 -3.21649647e-05 
 1.41253754e+00  1.20221400e+01 -3.31041986e-05 
 1.45378439e+00  1.20221400e+01 -3.40708586e-05 
 1.49623566e+00  1.20221400e+01 -3.50657457e-05 
 1.53992653e+00  1.20221400e+01 -3.60896839e-05 
 1.58489319e+00  1.20221400e+01 -3.71435217e-05 
 1.63117291e+00  1.20221400e+01 -3.82281321e-05 
 1.67880402e+00  1.20221400e+01 -3.93444138e-05 
 1.72782598e+00  1.20221400e+01 -4.04932914e-05 
 1.77827941e+00  1.20221400e+01 -4.16757168e-05 
 1.83020611e+00  1.20221400e+01 -4.28926697e-05 
 1.88364909e+00  1.20221400e+01 -4.41451583e-05 
 1.93865264e+00  1.20221400e+01 -4.54342202e-05 
 1.99526231e+00  1.20221400e+01 -4.67609234e-05 
 2.05352503e+00  1.20221400e+01 -4.81263670e-05 
 2.11348904e+00  1.20221400e+01 -4.95316823e-05 
 2.17520403e+00  1.20221400e+01 -5.09780335e-05 
 2.23872114e+00  1.20221400e+01 -5.24666190e-05 
 2.30409298e+00  1.20221400e+01 -5.39986719e-05 
 2.37137371e+00  1.20221400e+01 -5.55754616e-05 
 2.44061907e+00  1.20221400e+01 -5.71982944e-05 
 2.51188643e+00  1.20221400e+01 -5.88685147e-05 
 2.58523484e+00  1.20221400e+01 -6.05875064e-05 
 2.66072506e+00  1.20221400e+01 -6.23566935e-05 
 2.73841963e+00  1.20221400e+01 -6.41775418e-05 
 2.81838293e+00  1.20221400e+01 -6.60515599e-05 
 2.90068120e+00  1.20221400e+01 -6.79803003e-05 
 2.98538262e+00  1.20221400e+01 -6.99653609e-05 
 3.07255737e+00  1.20221400e+01 -7.20083863e-05 
 3.16227766e+00  1.20221400e+01 -7.41110692e-05 
 3.25461783e+00  1.20221400e+01 -7.62751514e-05 
 3.34965439e+00  1.20221400e+01 -7.85024261e-05 
 3.44746607e+00  1.20221400e+01 -8.07947383e-05 
 3.54813389e+00  1.20221400e+01 -8.31539873e-05 
 3.65174127e+00  1.20221400e+01 -8.55821275e-05 
 3.75837404e+00  1.20221400e+01 -8.80811708e-05 
 3.86812055e+00  1.20221400e+01 -9.06531874e-05 
 3.98107171e+00  1.20221400e+01 -9.33003082e-05 
 4.09732110e+00  1.20221400e+01 -9.60247264e-05 
 4.21696503e+00  1.20221400e+01 -9.88286991e-05 
 4.34010264e+00  1.20221400e+01 -1.01714549e-04 
 4.46683592e+00  1.20221400e+01 -1.04684668e-04 
 4.59726989e+00  1.20221400e+01 -1.07741515e-04 
 4.73151259e+00  1.20221400e+01 -1.10887624e-04 
 4.86967525e+00  1.20221400e+01 -1.14125601e-04 
 5.01187234e+00  1.20221400e+01 -1.17458129e-04 
 5.15822165e+00  1.20221400e+01 -1.20887968e-04 
 5.30884444e+00  1.20221400e+01 -1.24417961e-04 
 5.46386550e+00  1.20221400e+01 -1.28051031e-04 
 5.62341325e+00  1.20221400e+01 -1.31790188e-04 
 5.78761988e+00  1.20221400e+01 -1.35638531e-04 
 5.95662144e+00  1.20221400e+01 -1.39599248e-04 
 6.13055792e+00  1.20221400e+01 -1.43675620e-04 
 6.30957344e+00  1.20221400e+01 -1.47871023e-04 
 6.49381632e+00  1.20221400e+01 -1.52188935e-04 
 6.68343918e+00  1.20221400e+01 -1.56632932e-04 
 6.87859912e+00  1.20221400e+01 -1.61206697e-04 
 7.07945784e+00  1.20221400e+01 -1.65914017e-04 
 7.28618175e+00  1.20221400e+01 -1.70758794e-04 
 7.49894209e+00  1.20221400e+01 -1.75745041e-04 
 7.71791516e+00  1.20221400e+01 -1.80876889e-04 
 7.94328235e+00  1.20221400e+01 -1.86158589e-04 
 8.17523038e+00  1.20221400e+01 -1.91594518e-04 
 8.41395142e+00  1.20221400e+01 -1.97189179e-04 
 8.65964323e+00  1.20221400e+01 -2.02947207e-04 
 8.91250938e+00  1.20221400e+01 -2.08873372e-04 
 9.17275935e+00  1.20221400e+01 -2.14972585e-04 
 9.44060876e+00  1.20221400e+01 -2.21249898e-04 
 9.71627952e+00  1.20221400e+01 -2.27710511e-04 
 1.00000000e+01  1.20221400e+01 -2.34359778e-04 
 1.02920053e+01  1.20221400e+01 -2.41203207e-04 
 1.05925373e+01  1.20221400e+01 -2.48246468e-04 
 1.09018449e+01  1.20221400e+01 -2.55495396e-04 
 1.12201845e+01  1.20221400e+01 -2.62955996e-04 
 1.15478198e+01  1.20221400e+01 -2.70634450e-04 
 1.18850223e+01  1.20221400e+01 -2.78537119e-04 
 1.22320712e+01  1.20221400e+01 -2.86670549e-04 
 1.25892541e+01  1.20221400e+01 -2.95041480e-04 
 1.29568670e+01  1.20221400e+01 -3.03656847e-04 
 1.33352143e+01  1.20221400e+01 -3.12523787e-04 
 1.37246096e+01  1.20221400e+01 -3.21649647e-04 
 1.41253754e+01  1.20221400e+01 -3.31041986e-04 
 1.45378439e+01  1.20221400e+01 -3.40708586e-04 
 1.49623566e+01  1.20221400e+01 -3.50657457e-04 
 1.53992653e+01  1.20221400e+01 -3.60896839e-04 
 1.58489319e+01  1.20221400e+01 -3.71435217e-04 
 1.63117291e+01  1.20221400e+01 -3.82281321e-04 
 1.67880402e+01  1.20221400e+01 -3.93444138e-04 
 1.72782598e+01  1.20221400e+01 -4.04932914e-04 
 1.77827941e+01  1.20221400e+01 -4.16757168e-04 
 1.83020611e+01  1.20221400e+01 -4.28926697e-04 
 1.88364909e+01  1.20221400e+01 -4.41451583e-04 
 1.93865264e+01  1.20221400e+01 -4.54342202e-04 
 1.99526231e+01  1.20221400e+01 -4.67609234e-04 
 2.05352503e+01  1.20221400e+01 -4.81263670e-04 
 2.11348904e+01  1.20221400e+01 -4.95316823e-04 
 2.17520403e+01  1.20221400e+01 -5.09780335e-04 
 2.23872114e+01  1.20221400e+01 -5.24666190e-04 
 2.30409298e+01  1.20221400e+01 -5.39986719e-04 
 2.37137371e+01  1.20221400e+01 -5.55754616e-04 
 2.44061907e+01  1.20221400e+01 -5.71982944e-04 
 2.51188643e+01  1.20221400e+01 -5.88685147e-04 
 2.58523484e+01  1.20221400e+01 -6.05875064e-04 
 2.66072506e+01  1.20221400e+01 -6.23566935e-04 
 2.73841963e+01  1.20221400e+01 -6.41775419e-04 
 2.81838293e+01  1.20221400e+01 -6.60515599e-04 
 2.90068120e+01  1.20221400e+01 -6.79803003e-04 
 2.98538262e+01  1.20221400e+01 -6.99653609e-04 
 3.07255737e+01  1.20221400e+01 -7.20083863e-04 
 3.16227766e+01  1.20221400e+01 -7.41110692e-04 
 3.25461783e+01  1.20221400e+01 -7.62751514e-04 
 3.34965439e+01  1.20221400e+01 -7.85024261e-04 
 3.44746607e+01  1.20221400e+01 -8.07947383e-04 
 3.54813389e+01  1.20221400e+01 -8.31539873e-04 
 3.65174127e+01  1.20221400e+01 -8.55821275e-04 
 3.75837404e+01  1.20221400e+01 -8.80811708e-04 
 3.86812055e+01  1.20221400e+01 -9.06531874e-04 
 3.98107171e+01  1.20221400e+01 -9.33003083e-04 
 4.09732110e+01  1.20221400e+01 -9.60247265e-04 
 4.21696503e+01  1.20221400e+01 -9.88286991e-04 
 4.34010264e+01  1.20221400e+01 -1.01714549e-03 
 4.46683592e+01  1.20221400e+01 -1.04684668e-03 
 4.59726989e+01  1.20221400e+01 -1.07741515e-03 
 4.73151259e+01  1.20221400e+01 -1.10887624e-03 
 4.86967525e+01  1.20221400e+01 -1.14125601e-03 
 5.01187234e+01  1.20221400e+01 -1.17458129e-03 
 5.15822165e+01  1.20221400e+01 -1.20887968e-03 
 5.30884444e+01  1.20221400e+01 -1.24417961e-03 
 5.46386550e+01  1.20221400e+01 -1.28051031e-03 
 5.62341325e+01  1.20221400e+01 -1.31790188e-03 
 5.78761988e+01  1.20221400e+01 -1.35638531e-03 
 5.95662144e+01  1.20221400e+01 -1.39599248e-03 
 6.13055792e+01  1.20221400e+01 -1.43675620e-03 
 6.30957344e+01  1.20221400e+01 -1.47871023e-03 
 6.49381632e+01  1.20221400e+01 -1.52188935e-03 
 6.68343918e+01  1.20221400e+01 -1.56632932e-03 
 6.87859912e+01  1.20221400e+01 -1.61206697e-03 
 7.07945784e+01  1.20221400e+01 -1.65914017e-03 
 7.28618175e+01  1.20221400e+01 -1.70758794e-03 
 7.49894209e+01  1.20221400e+01 -1.75745041e-03 
 7.71791516e+01  1.20221400e+01 -1.80876889e-03 
 7.94328235e+01  1.20221400e+01 -1.86158589e-03 
 8.17523038e+01  1.20221400e+01 -1.91594518e-03 
 8.41395142e+01  1.20221400e+01 -1.97189179e-03 
 8.65964323e+01  1.20221400e+01 -2.02947207e-03 
 8.91250938e+01  1.20221400e+01 -2.08873372e-03 
 9.17275935e+01  1.20221400e+01 -2.14972585e-03 
 9.44060876e+01  1.20221400e+01 -2.21249898e-03 
 9.71627952e+01  1.20221400e+01 -2.27710512e-03 
 1.00000000e+02  1.20221400e+01 -2.34359779e-03 
 1.02920053e+02  1.20221400e+01 -2.41203208e-03 
 1.05925373e+02  1.20221400e+01 -2.48246469e-03 
 1.09018449e+02  1.20221400e+01 -2.55495396e-03 
 1.12201845e+02  1.20221400e+01 -2.62955997e-03 
 1.15478198e+02  1.20221400e+01 -2.70634450e-03 
 1.18850223e+02  1.20221400e+01 -2.78537119e-03 
 1.22320712e+02  1.20221400e+01 -2.86670550e-03 
 1.25892541e+02  1.20221400e+01 -2.95041481e-03 
 1.29568670e+02  1.20221400e+01 -3.03656848e-03 
 1.33352143e+02  1.20221400e+01 -3.12523788e-03 
 1.37246096e+02  1.20221400e+01 -3.21649647e-03 
 1.41253754e+02  1.20221400e+01 -3.31041986e-03 
 1.45378439e+02  1.20221400e+01 -3.40708587e-03 
 1.49623566e+02  1.20221400e+01 -3.50657457e-03 
 1.53992653e+02  1.20221400e+01 -3.60896840e-03 
 1.58489319e+02  1.20221400e+01 -3.71435218e-03 
 1.63117291e+02  1.20221400e+01 -3.82281322e-03 
 1.67880402e+02  1.20221400e+01 -3.93444139e-03 
 1.72782598e+02  1.20221400e+01 -4.04932915e-03 
 1.77827941e+02  1.20221400e+01 -4.16757170e-03 
 1.83020611e+02  1.20221400e+01 -4.28926699e-03 
 1.88364909e+02  1.20221400e+01 -4.41451585e-03 
 1.93865264e+02  1.20221400e+01 -4.54342204e-03 
 1.99526231e+02  1.20221400e+01 -4.67609236e-03 
 2.05352503e+02  1.20221400e+01 -4.81263672e-03 
 2.11348904e+02  1.20221400e+01 -4.95316825e-03 
 2.17520403e+02  1.20221400e+01 -5.09780338e-03 
 2.23872114e+02  1.20221400e+01 -5.24666192e-03 
 2.30409298e+02  1.20221400e+01 -5.39986722e-03 
 2.37137371e+02  1.20221400e+01 -5.55754619e-03 
 2.44061907e+02  1.20221400e+01 -5.71982947e-03 
 2.51188643e+02  1.20221400e+01 -5.88685151e-03 
 2.58523484e+02  1.20221400e+01 -6.05875068e-03 
 2.66072506e+02  1.20221400e+01 -6.23566939e-03 
 2.73841963e+02  1.20221400e+01 -6.41775423e-03 
 2.81838293e+02  1.20221400e+01 -6.60515604e-03 
 2.90068120e+02  1.20221400e+01 -6.79803008e-03 
 2.98538262e+02  1.20221400e+01 -6.99653615e-03 
 3.07255737e+02  1.20221400e+01 -7.20083869e-03 
 3.16227766e+02  1.20221400e+01 -7.41110698e-03 
 3.25461783e+02  1.20221400e+01 -7.62751522e-03 
 3.34965439e+02  1.20221400e+01 -7.85024269e-03 
 3.44746607e+02  1.20221400e+01 -8.07947392e-03 
 3.54813389e+02  1.20221400e+01 -8.31539882e-03 
 3.65174127e+02  1.20221400e+01 -8.55821286e-03 
 3.75837404e+02  1.20221400e+01 -8.80811719e-03 
 3.86812055e+02  1.20221400e+01 -9.06531887e-03 
 3.98107171e+02  1.20221401e+01 -9.33003096e-03 
 4.09732110e+02  1.20221401e+01 -9.60247279e-03 
 4.21696503e+02  1.20221401e+01 -9.88287007e-03 
 4.34010264e+02  1.20221401e+01 -1.01714551e-02 
 4.46683592e+02  1.20221401e+01 -1.04684670e-02 
 4.59726989e+02  1.20221401e+01 -1.07741517e-02 
 4.73151259e+02  1.20221401e+01 -1.10887626e-02 
 4.86967525e+02  1.20221401e+01 -1.14125604e-02 
 5.01187234e+02  1.20221401e+01 -1.17458132e-02 
 5.15822165e+02  1.20221401e+01 -1.20887971e-02 
 5.30884444e+02  1.20221401e+01 -1.24417964e-02 
 5.46386550e+02  1.20221401e+01 -1.28051034e-02 
 5.62341325e+02  1.20221401e+01 -1.31790192e-02 
 5.78761988e+02  1.20221402e+01 -1.35638536e-02 
 5.95662144e+02  1.20221402e+01 -1.39599253e-02 
 6.13055792e+02  1.20221402e+01 -1.43675625e-02 
 6.30957344e+02  1.20221402e+01 -1.47871029e-02 
 6.49381632e+02  1.20221402e+01 -1.52188941e-02 
 6.68343918e+02  1.20221402e+01 -1.56632939e-02 
 6.87859912e+02  1.20221402e+01 -1.61206704e-02 
 7.07945784e+02  1.20221403e+01 -1.65914025e-02 
 7.28618175e+02  1.20221403e+01 -1.70758802e-02 
 7.49894209e+02  1.20221403e+01 -1.75745050e-02 
 7.71791516e+02  1.20221403e+01 -1.80876899e-02 
 7.94328235e+02  1.20221403e+01 -1.86158600e-02 
 8.17523038e+02  1.20221403e+01 -1.91594530e-02 
 8.41395142e+02  1.20221404e+01 -1.97189192e-02 
 8.65964323e+02  1.20221404e+01 -2.02947221e-02 
 8.91250938e+02  1.20221404e+01 -2.08873388e-02 
 9.17275935e+02  1.20221404e+01 -2.14972602e-02 
 9.44060876e+02  1.20221405e+01 -2.21249916e-02 
 9.71627952e+02  1.20221405e+01 -2.27710531e-02 
 1.00000000e+03  1.20221405e+01 -2.34359800e-02 
 1.02920053e+03  1.20221406e+01 -2.41203231e-02 
 1.05925373e+03  1.20221406e+01 -2.48246494e-02 
 1.09018449e+03  1.20221406e+01 -2.55495424e-02 
 1.12201845e+03  1.20221407e+01 -2.62956027e-02 
 1.15478198e+03  1.20221407e+01 -2.70634484e-02 
 1.18850223e+03  1.20221408e+01 -2.78537155e-02 
 1.22320712e+03  1.20221408e+01 -2.86670589e-02 
 1.25892541e+03  1.20221409e+01 -2.95041524e-02 
 1.29568670e+03  1.20221409e+01 -3.03656895e-02 
 1.33352143e+03  1.20221410e+01 -3.12523839e-02 
 1.37246096e+03  1.20221411e+01 -3.21649703e-02 
 1.41253754e+03  1.20221411e+01 -3.31042048e-02 
 1.45378439e+03  1.20221412e+01 -3.40708654e-02 
 1.49623566e+03  1.20221413e+01 -3.50657530e-02 
 1.53992653e+03  1.20221413e+01 -3.60896919e-02 
 1.58489319e+03  1.20221414e+01 -3.71435305e-02 
 1.63117291e+03  1.20221415e+01 -3.82281417e-02 
 1.67880402e+03  1.20221416e+01 -3.93444241e-02 
 1.72782598e+03  1.20221417e+01 -4.04933027e-02 
 1.77827941e+03  1.20221418e+01 -4.16757292e-02 
 1.83020611e+03  1.20221419e+01 -4.28926832e-02 
 1.88364909e+03  1.20221420e+01 -4.41451730e-02 
 1.93865264e+03  1.20221421e+01 -4.54342362e-02 
 1.99526231e+03  1.20221423e+01 -4.67609408e-02 
 2.05352503e+03  1.20221424e+01 -4.81263860e-02 
 2.11348904e+03  1.20221425e+01 -4.95317030e-02 
 2.17520403e+03  1.20221427e+01 -5.09780561e-02 
 2.23872114e+03  1.20221429e+01 -5.24666436e-02 
 2.30409298e+03  1.20221430e+01 -5.39986987e-02 
 2.37137371e+03  1.20221432e+01 -5.55754908e-02 
 2.44061907e+03  1.20221434e+01 -5.71983263e-02 
 2.51188643e+03  1.20221436e+01 -5.88685495e-02 
 2.58523484e+03  1.20221438e+01 -6.05875443e-02 
 2.66072506e+03  1.20221441e+01 -6.23567348e-02 
 2.73841963e+03  1.20221443e+01 -6.41775869e-02 
 2.81838293e+03  1.20221446e+01 -6.60516090e-02 
 2.90068120e+03  1.20221448e+01 -6.79803538e-02 
 2.98538262e+03  1.20221451e+01 -6.99654192e-02 
 3.07255737e+03  1.20221454e+01 -7.20084499e-02 
 3.16227766e+03  1.20221458e+01 -7.41111385e-02 
 3.25461783e+03  1.20221461e+01 -7.62752270e-02 
 3.34965439e+03  1.20221465e+01 -7.85025085e-02 
 3.44746607e+03  1.20221468e+01 -8.07948282e-02 
 3.54813389e+03  1.20221473e+01 -8.31540852e-02 
 3.65174127e+03  1.20221477e+01 -8.55822343e-02 
 3.75837404e+03  1.20221481e+01 -8.80812872e-02 
 3.86812055e+03  1.20221486e+01 -9.06533143e-02 
 3.98107171e+03  1.20221491e+01 -9.33004466e-02 
 4.09732110e+03  1.20221497e+01 -9.60248773e-02 
 4.21696503e+03  1.20221503e+01 -9.88288635e-02 
 4.34010264e+03  1.20221509e+01 -1.01714728e-01 
 4.46683592e+03  1.20221515e+01 -1.04684863e-01 
 4.59726989e+03  1.20221522e+01 -1.07741728e-01 
 4.73151259e+03  1.20221529e+01 -1.10887856e-01 
 4.86967525e+03  1.20221537e+01 -1.14125855e-01 
 5.01187234e+03  1.20221545e+01 -1.17458405e-01 
 5.15822165e+03  1.20221554e+01 -1.20888269e-01 
 5.30884444e+03  1.20221563e+01 -1.24418289e-01 
 5.46386550e+03  1.20221573e+01 -1.28051388e-01 
 5.62341325e+03  1.20221583e+01 -1.31790578e-01 
 5.78761988e+03  1.20221594e+01 -1.35638956e-01 
 5.95662144e+03  1.20221605e+01 -1.39599711e-01 
 6.13055792e+03  1.20221617e+01 -1.43676125e-01 
 6.30957344e+03  1.20221630e+01 -1.47871574e-01 
 6.49381632e+03  1.20221644e+01 -1.52189536e-01 
 6.68343918e+03  1.20221658e+01 -1.56633587e-01 
 6.87859912e+03  1.20221674e+01 -1.61207410e-01 
 7.07945784e+03  1.20221690e+01 -1.65914795e-01 
 7.28618175e+03  1.20221707e+01 -1.70759642e-01 
 7.49894209e+03  1.20221725e+01 -1.75745965e-01 
 7.71791516e+03  1.20221745e+01 -1.80877897e-01 
 7.94328235e+03  1.20221765e+01 -1.86159688e-01 
 8.17523038e+03  1.20221787e+01 -1.91595716e-01 
 8.41395142e+03  1.20221810e+01 -1.97190485e-01 
 8.65964323e+03  1.20221834e+01 -2.02948631e-01 
 8.91250938e+03  1.20221860e+01 -2.08874925e-01 
 9.17275935e+03  1.20221887e+01 -2.14974277e-01 
 9.44060876e+03  1.20221916e+01 -2.21251743e-01 
 9.71627952e+03  1.20221946e+01 -2.27712523e-01 
 1.00000000e+04  1.20221979e+01 -2.34361971e-01 
 1.02920053e+04  1.20222013e+01 -2.41205598e-01 
 1.05925373e+04  1.20222049e+01 -2.48249075e-01 
 1.09018449e+04  1.20222088e+01 -2.55498237e-01 
 1.12201845e+04  1.20222129e+01 -2.62959094e-01 
 1.15478198e+04  1.20222172e+01 -2.70637827e-01 
 1.18850223e+04  1.20222218e+01 -2.78540800e-01 
 1.22320712e+04  1.20222266e+01 -2.86674563e-01 
 1.25892541e+04  1.20222317e+01 -2.95045856e-01 
 1.29568670e+04  1.20222372e+01 -3.03661617e-01 
 1.33352143e+04  1.20222429e+01 -3.12528988e-01 
 1.37246096e+04  1.20222491e+01 -3.21655316e-01 
 1.41253754e+04  1.20222555e+01 -3.31048167e-01 
 1.45378439e+04  1.20222624e+01 -3.40715325e-01 
 1.49623566e+04  1.20222696e+01 -3.50664803e-01 
 1.53992653e+04  1.20222773e+01 -3.60904848e-01 
 1.58489319e+04  1.20222854e+01 -3.71443948e-01 
 1.63117291e+04  1.20222941e+01 -3.82290839e-01 
 1.67880402e+04  1.20223032e+01 -3.93454514e-01 
 1.72782598e+04  1.20223129e+01 -4.04944226e-01 
 1.77827941e+04  1.20223231e+01 -4.16769501e-01 
 1.83020611e+04  1.20223339e+01 -4.28940142e-01 
 1.88364909e+04  1.20223454e+01 -4.41466240e-01 
 1.93865264e+04  1.20223576e+01 -4.54358181e-01 
 1.99526231e+04  1.20223705e+01 -4.67626654e-01 
 2.05352503e+04  1.20223842e+01 -4.81282661e-01 
 2.11348904e+04  1.20223986e+01 -4.95337526e-01 
 2.17520403e+04  1.20224140e+01 -5.09802906e-01 
 2.23872114e+04  1.20224302e+01 -5.24690796e-01 
 2.30409298e+04  1.20224474e+01 -5.40013544e-01 
 2.37137371e+04  1.20224656e+01 -5.55783861e-01 
 2.44061907e+04  1.20224849e+01 -5.72014826e-01 
 2.51188643e+04  1.20225054e+01 -5.88719905e-01 
 2.58523484e+04  1.20225270e+01 -6.05912956e-01 
 2.66072506e+04  1.20225499e+01 -6.23608244e-01 
 2.73841963e+04  1.20225742e+01 -6.41820453e-01 
 2.81838293e+04  1.20226000e+01 -6.60564695e-01 
 2.90068120e+04  1.20226272e+01 -6.79856527e-01 
 2.98538262e+04  1.20226561e+01 -6.99711960e-01 
 3.07255737e+04  1.20226867e+01 -7.20147477e-01 
 3.16227766e+04  1.20227191e+01 -7.41180042e-01 
 3.25461783e+04  1.20227534e+01 -7.62827120e-01 
 3.34965439e+04  1.20227897e+01 -7.85106684e-01 
 3.44746607e+04  1.20228282e+01 -8.08037240e-01 
 3.54813389e+04  1.20228690e+01 -8.31637834e-01 
 3.65174127e+04  1.20229122e+01 -8.55928071e-01 
 3.75837404e+04  1.20229579e+01 -8.80928135e-01 
 3.86812055e+04  1.20230064e+01 -9.06658802e-01 
 3.98107171e+04  1.20230577e+01 -9.33141458e-01 
 4.09732110e+04  1.20231121e+01 -9.60398120e-01 
 4.21696503e+04  1.20231697e+01 -9.88451451e-01 
 4.34010264e+04  1.20232307e+01 -1.01732478e+00 
 4.46683592e+04  1.20232953e+01 -1.04704214e+00 
 4.59726989e+04  1.20233637e+01 -1.07762824e+00 
 4.73151259e+04  1.20234362e+01 -1.10910855e+00 
 4.86967525e+04  1.20235130e+01 -1.14150927e+00 
 5.01187234e+04  1.20235943e+01 -1.17485739e+00 
 5.15822165e+04  1.20236805e+01 -1.20918069e+00 
 5.30884444e+04  1.20237718e+01 -1.24450776e+00 
 5.46386550e+04  1.20238684e+01 -1.28086806e+00 
 5.62341325e+04  1.20239708e+01 -1.31829190e+00 
 5.78761988e+04  1.20240793e+01 -1.35681050e+00 
 5.95662144e+04  1.20241941e+01 -1.39645602e+00 
 6.13055792e+04  1.20243158e+01 -1.43726154e+00 
 6.30957344e+04  1.20244447e+01 -1.47926116e+00 
 6.49381632e+04  1.20245812e+01 -1.52248997e+00 
 6.68343918e+04  1.20247258e+01 -1.56698411e+00 
 6.87859912e+04  1.20248789e+01 -1.61278081e+00 
 7.07945784e+04  1.20250411e+01 -1.65991840e+00 
 7.28618175e+04  1.20252129e+01 -1.70843636e+00 
 7.49894209e+04  1.20253949e+01 -1.75837535e+00 
 7.71791516e+04  1.20255877e+01 -1.80977726e+00 
 7.94328235e+04  1.20257918e+01 -1.86268521e+00 
 8.17523038e+04  1.20260081e+01 -1.91714366e+00 
 8.41395142e+04  1.20262371e+01 -1.97319837e+00 
 8.65964323e+04  1.20264797e+01 -2.03089650e+00 
 8.91250938e+04  1.20267366e+01 -2.09028664e+00 
 9.17275935e+04  1.20270088e+01 -2.15141884e+00 
 9.44060876e+04  1.20272970e+01 -2.21434468e+00 
 9.71627952e+04  1.20276023e+01 -2.27911731e+00 
 1.00000000e+05  1.20279256e+01 -2.34579149e+00 
 1.02920053e+05  1.20282681e+01 -2.41442366e+00 
 1.05925373e+05  1.20286308e+01 -2.48507201e+00 
 1.09018449e+05  1.20290149e+01 -2.55779649e+00 
 1.12201845e+05  1.20294218e+01 -2.63265891e+00 
 1.15478198e+05  1.20298526e+01 -2.70972301e+00 
 1.18850223e+05  1.20303090e+01 -2.78905448e+00 
 1.22320712e+05  1.20307923e+01 -2.87072107e+00 
 1.25892541e+05  1.20313042e+01 -2.95479265e+00 
 1.29568670e+05  1.20318463e+01 -3.04134128e+00 
 1.33352143e+05  1.20324204e+01 -3.13044128e+00 
 1.37246096e+05  1.20330284e+01 -3.22216934e+00 
 1.41253754e+05  1.20336722e+01 -3.31660456e+00 
 1.45378439e+05  1.20343541e+01 -3.41382859e+00 
 1.49623566e+05  1.20350762e+01 -3.51392568e+00 
 1.53992653e+05  1.20358409e+01 -3.61698280e+00 
 1.58489319e+05  1.20366506e+01 -3.72308975e+00 
 1.63117291e+05  1.20375081e+01 -3.83233925e+00 
 1.67880402e+05  1.20384162e+01 -3.94482704e+00 
 1.72782598e+05  1.20393777e+01 -4.06065204e+00 
 1.77827941e+05  1.20403958e+01 -4.17991644e+00 
 1.83020611e+05  1.20414738e+01 -4.30272585e+00 
 1.88364909e+05  1.20426153e+01 -4.42918943e+00 
 1.93865264e+05  1.20438239e+01 -4.55942003e+00 
 1.99526231e+05  1.20451035e+01 -4.69353437e+00 
 2.05352503e+05  1.20464583e+01 -4.83165317e+00 
 2.11348904e+05  1.20478927e+01 -4.97390135e+00 
 2.17520403e+05  1.20494112e+01 -5.12040820e+00 
 2.23872114e+05  1.20510189e+01 -5.27130757e+00 
 2.30409298e+05  1.20527207e+01 -5.42673807e+00 
 2.37137371e+05  1.20545223e+01 -5.58684332e+00 
 2.44061907e+05  1.20564293e+01 -5.75177214e+00 
 2.51188643e+05  1.20584479e+01 -5.92167882e+00 
 2.58523484e+05  1.20605844e+01 -6.09672339e+00 
 2.66072506e+05  1.20628458e+01 -6.27707186e+00 
 2.73841963e+05  1.20652390e+01 -6.46289655e+00 
 2.81838293e+05  1.20677718e+01 -6.65437641e+00 
 2.90068120e+05  1.20704520e+01 -6.85169734e+00 
 2.98538262e+05  1.20732881e+01 -7.05505254e+00 
 3.07255737e+05  1.20762890e+01 -7.26464294e+00 
 3.16227766e+05  1.20794639e+01 -7.48067758e+00 
 3.25461783e+05  1.20828229e+01 -7.70337404e+00 
 3.34965439e+05  1.20863762e+01 -7.93295897e+00 
 3.44746607e+05  1.20901348e+01 -8.16966855e+00 
 3.54813389e+05  1.20941101e+01 -8.41374906e+00 
 3.65174127e+05  1.20983144e+01 -8.66545744e+00 
 3.75837404e+05  1.21027602e+01 -8.92506198e+00 
 3.86812055e+05  1.21074610e+01 -9.19284294e+00 
 3.98107171e+05  1.21124308e+01 -9.46909333e+00 
 4.09732110e+05  1.21176843e+01 -9.75411967e+00 
 4.21696503e+05  1.21232370e+01 -1.00482428e+01 
 4.34010264e+05  1.21291051e+01 -1.03517991e+01 
 4.46683592e+05  1.21353055e+01 -1.06651408e+01 
 4.59726989e+05  1.21418560e+01 -1.09886379e+01 
 4.73151259e+05  1.21487750e+01 -1.13226787e+01 
 4.86967525e+05  1.21560819e+01 -1.16676713e+01 
 5.01187234e+05  1.21637968e+01 -1.20240451e+01 
 5.15822165e+05  1.21719408e+01 -1.23922519e+01 
 5.30884444e+05  1.21805355e+01 -1.27727678e+01 
 5.46386550e+05  1.21896035e+01 -1.31660948e+01 
 5.62341325e+05  1.21991683e+01 -1.35727626e+01 
 5.78761988e+05  1.22092539e+01 -1.39933310e+01 
 5.95662144e+05  1.22198852e+01 -1.44283914e+01 
 6.13055792e+05  1.22310877e+01 -1.48785699e+01 
 6.30957344e+05  1.22428874e+01 -1.53445295e+01 
 6.49381632e+05  1.22553110e+01 -1.58269728e+01 
 6.68343918e+05  1.22683853e+01 -1.63266455e+01 
 6.87859912e+05  1.22821375e+01 -1.68443392e+01 
 7.07945784e+05  1.22965948e+01 -1.73808950e+01 
 7.28618175e+05  1.23117841e+01 -1.79372076e+01 
 7.49894209e+05  1.23277319e+01 -1.85142294e+01 
 7.71791516e+05  1.23444639e+01 -1.91129748e+01 
 7.94328235e+05  1.23620046e+01 -1.97345251e+01 
 8.17523038e+05  1.23803768e+01 -2.03800337e+01 
 8.41395142e+05  1.23996011e+01 -2.10507318e+01 
 8.65964323e+05  1.24196950e+01 -2.17479342e+01 
 8.91250938e+05  1.24406727e+01 -2.24730457e+01 
 9.17275935e+05  1.24625433e+01 -2.32275677e+01 
 9.44060876e+05  1.24853106e+01 -2.40131057e+01 
 9.71627952e+05  1.25089711e+01 -2.48313764e+01 
 1.00000000e+06  1.25335130e+01 -2.56842155e+01 
 1.02920053e+06  1.25589140e+01 -2.65735860e+01 
 1.05925373e+06  1.25851398e+01 -2.75015855e+01 
 1.09018449e+06  1.26121412e+01 -2.84704552e+01 
 1.12201845e+06  1.26398516e+01 -2.94825869e+01 
 1.15478198e+06  1.26681836e+01 -3.05405305e+01 
 1.18850223e+06  1.26970258e+01 -3.16470000e+01 
 1.22320712e+06  1.27262380e+01 -3.28048787e+01 
 1.25892541e+06  1.27556466e+01 -3.40172217e+01 
 1.29568670e+06  1.27850393e+01 -3.52872561e+01 
 1.33352143e+06  1.28141586e+01 -3.66183771e+01 
 1.37246096e+06  1.28426953e+01 -3.80141394e+01 
 1.41253754e+06  1.28702802e+01 -3.94782418e+01 
 1.45378439e+06  1.28964766e+01 -4.10145041e+01 
 1.49623566e+06  1.29207704e+01 -4.26268338e+01 
 1.53992653e+06  1.29425612e+01 -4.43191800e+01 
 1.58489319e+06  1.29611522e+01 -4.60954732e+01 
 1.63117291e+06  1.29757411e+01 -4.79595469e+01 
 1.67880402e+06  1.29854102e+01 -4.99150398e+01 
 1.72782598e+06  1.29891197e+01 -5.19652757e+01 
 1.77827941e+06  1.29857015e+01 -5.41131202e+01 
 1.83020611e+06  1.29738576e+01 -5.63608131e+01 
 1.88364909e+06  1.29521623e+01 -5.87097796e+01 
 1.93865264e+06  1.29190708e+01 -6.11604242e+01 
 1.99526231e+06  1.28729351e+01 -6.37119141e+01 
 2.05352503e+06  1.28120284e+01 -6.63619653e+01 
 2.11348904e+06  1.27345791e+01 -6.91066459e+01 
 2.17520403e+06  1.26388145e+01 -7.19402160e+01 
 2.23872114e+06  1.25230131e+01 -7.48550255e+01 
 2.30409298e+06  1.23855642e+01 -7.78414911e+01 
 2.37137371e+06  1.22250302e+01 -8.08881702e+01 
 2.44061907e+06  1.20402095e+01 -8.39819433e+01 
 2.51188643e+06  1.18301922e+01 -8.71083060e+01 
 2.58523484e+06  1.15944057e+01 -9.02517585e+01 
 2.66072506e+06  1.13326441e+01 -9.33962716e+01 
 2.73841963e+06  1.10450794e+01 -9.65257929e+01 
 2.81838293e+06  1.07322521e+01 -9.96247555e+01 
 2.90068120e+06  1.03950435e+01 -1.02678548e+02 
 2.98538262e+06  1.00346313e+01 -1.05673914e+02 
 3.07255737e+06  9.65243422e+00 -1.08599251e+02 
 3.16227766e+06  9.25005043e+00 -1.11444805e+02 
 3.25461783e+06  8.82919413e+00 -1.14202755e+02 
 3.34965439e+06  8.39163598e+00 -1.16867193e+02 
 3.44746607e+06  7.93914996e+00 -1.19434034e+02 
 3.54813389e+06  7.47346883e+00 -1.21900857e+02 
 3.65174127e+06  6.99624932e+00 -1.24266713e+02 
 3.75837404e+06  6.50904679e+00 -1.26531908e+02 
 3.86812055e+06  6.01329857e+00 -1.28697791e+02 
 3.98107171e+06  5.51031491e+00 -1.30766544e+02 
 4.09732110e+06  5.00127598e+00 -1.32740991e+02 
 4.21696503e+06  4.48723365e+00 -1.34624428e+02 
 4.34010264e+06  3.96911668e+00 -1.36420482e+02 
 4.46683592e+06  3.44773819e+00 -1.38132982e+02 
 4.59726989e+06  2.92380461e+00 -1.39765864e+02 
 4.73151259e+06  2.39792523e+00 -1.41323091e+02 
 4.86967525e+06  1.87062200e+00 -1.42808586e+02 
 5.01187234e+06  1.34233908e+00 -1.44226194e+02 
 5.15822165e+06  8.13451846e-01 -1.45579637e+02 
 5.30884444e+06  2.84275388e-01 -1.46872499e+02 
 5.46386550e+06 -2.44927794e-01 -1.48108204e+02 
 5.62341325e+06 -7.73940795e-01 -1.49290012e+02 
 5.78761988e+06 -1.30258606e+00 -1.50421008e+02 
 5.95662144e+06 -1.83071986e+00 -1.51504110e+02 
 6.13055792e+06 -2.35822736e+00 -1.52542064e+02 
 6.30957344e+06 -2.88501839e+00 -1.53537454e+02 
 6.49381632e+06 -3.41102371e+00 -1.54492705e+02 
 6.68343918e+06 -3.93619172e+00 -1.55410092e+02 
 6.87859912e+06 -4.46048573e+00 -1.56291747e+02 
 7.07945784e+06 -4.98388150e+00 -1.57139667e+02 
 7.28618175e+06 -5.50636516e+00 -1.57955723e+02 
 7.49894209e+06 -6.02793143e+00 -1.58741665e+02 
 7.71791516e+06 -6.54858211e+00 -1.59499134e+02 
 7.94328235e+06 -7.06832474e+00 -1.60229666e+02 
 8.17523038e+06 -7.58717152e+00 -1.60934703e+02 
 8.41395142e+06 -8.10513833e+00 -1.61615595e+02 
 8.65964323e+06 -8.62224396e+00 -1.62273610e+02 
 8.91250938e+06 -9.13850939e+00 -1.62909939e+02 
 9.17275935e+06 -9.65395725e+00 -1.63525701e+02 
 9.44060876e+06 -1.01686113e+01 -1.64121949e+02 
 9.71627952e+06 -1.06824961e+01 -1.64699676e+02 
 1.00000000e+07 -1.11956364e+01 -1.65259817e+02 
 1.02920053e+07 -1.17080574e+01 -1.65803255e+02 
 1.05925373e+07 -1.22197839e+01 -1.66330824e+02 
 1.09018449e+07 -1.27308405e+01 -1.66843314e+02 
 1.12201845e+07 -1.32412513e+01 -1.67341472e+02 
 1.15478198e+07 -1.37510398e+01 -1.67826008e+02 
 1.18850223e+07 -1.42602287e+01 -1.68297596e+02 
 1.22320712e+07 -1.47688399e+01 -1.68756878e+02 
 1.25892541e+07 -1.52768946e+01 -1.69204463e+02 
 1.29568670e+07 -1.57844130e+01 -1.69640935e+02 
 1.33352143e+07 -1.62914142e+01 -1.70066850e+02 
 1.37246096e+07 -1.67979165e+01 -1.70482741e+02 
 1.41253754e+07 -1.73039370e+01 -1.70889117e+02 
 1.45378439e+07 -1.78094921e+01 -1.71286470e+02 
 1.49623566e+07 -1.83145968e+01 -1.71675270e+02 
 1.53992653e+07 -1.88192653e+01 -1.72055970e+02 
 1.58489319e+07 -1.93235107e+01 -1.72429008e+02 
 1.63117291e+07 -1.98273452e+01 -1.72794807e+02 
 1.67880402e+07 -2.03307799e+01 -1.73153776e+02 
 1.72782598e+07 -2.08338248e+01 -1.73506312e+02 
 1.77827941e+07 -2.13364892e+01 -1.73852801e+02 
 1.83020611e+07 -2.18387811e+01 -1.74193616e+02 
 1.88364909e+07 -2.23407077e+01 -1.74529125e+02 
 1.93865264e+07 -2.28422754e+01 -1.74859684e+02 
 1.99526231e+07 -2.33434894e+01 -1.75185644e+02 
 2.05352503e+07 -2.38443543e+01 -1.75507346e+02 
 2.11348904e+07 -2.43448734e+01 -1.75825128e+02 
 2.17520403e+07 -2.48450495e+01 -1.76139322e+02 
 2.23872114e+07 -2.53448844e+01 -1.76450254e+02 
 2.30409298e+07 -2.58443790e+01 -1.76758248e+02 
 2.37137371e+07 -2.63435335e+01 -1.77063624e+02 
 2.44061907e+07 -2.68423471e+01 -1.77366700e+02 
 2.51188643e+07 -2.73408183e+01 -1.77667791e+02 
 2.58523484e+07 -2.78389450e+01 -1.77967213e+02 
 2.66072506e+07 -2.83367240e+01 -1.78265280e+02 
 2.73841963e+07 -2.88341518e+01 -1.78562305e+02 
 2.81838293e+07 -2.93312237e+01 -1.78858604e+02 
 2.90068120e+07 -2.98279346e+01 -1.79154492e+02 
 2.98538262e+07 -3.03242787e+01 -1.79450287e+02 
 3.07255737e+07 -3.08202497e+01 -1.79746310e+02 
 3.16227766e+07 -3.13158403e+01 -1.80042882e+02 
 3.25461783e+07 -3.18110429e+01 -1.80340331e+02 
 3.34965439e+07 -3.23058494e+01 -1.80638986e+02 
 3.44746607e+07 -3.28002510e+01 -1.80939182e+02 
 3.54813389e+07 -3.32942386e+01 -1.81241259e+02 
 3.65174127e+07 -3.37878024e+01 -1.81545562e+02 
 3.75837404e+07 -3.42809325e+01 -1.81852441e+02 
 3.86812055e+07 -3.47736185e+01 -1.82162254e+02 
 3.98107171e+07 -3.52658498e+01 -1.82475364e+02 
 4.09732110e+07 -3.57576155e+01 -1.82792142e+02 
 4.21696503e+07 -3.62489044e+01 -1.83112967e+02 
 4.34010264e+07 -3.67397054e+01 -1.83438225e+02 
 4.46683592e+07 -3.72300073e+01 -1.83768309e+02 
 4.59726989e+07 -3.77197988e+01 -1.84103622e+02 
 4.73151259e+07 -3.82090687e+01 -1.84444574e+02 
 4.86967525e+07 -3.86978060e+01 -1.84791585e+02 
 5.01187234e+07 -3.91859999e+01 -1.85145083e+02 
 5.15822165e+07 -3.96736399e+01 -1.85505503e+02 
 5.30884444e+07 -4.01607158e+01 -1.85873290e+02 
 5.46386550e+07 -4.06472179e+01 -1.86248897e+02 
 5.62341325e+07 -4.11331369e+01 -1.86632786e+02 
 5.78761988e+07 -4.16184642e+01 -1.87025425e+02 
 5.95662144e+07 -4.21031917e+01 -1.87427291e+02 
 6.13055792e+07 -4.25873120e+01 -1.87838866e+02 
 6.30957344e+07 -4.30708185e+01 -1.88260639e+02 
 6.49381632e+07 -4.35537051e+01 -1.88693108e+02 
 6.68343918e+07 -4.40359667e+01 -1.89136770e+02 
 6.87859912e+07 -4.45175989e+01 -1.89592132e+02 
 7.07945784e+07 -4.49985982e+01 -1.90059701e+02 
 7.28618175e+07 -4.54789616e+01 -1.90539986e+02 
 7.49894209e+07 -4.59586870e+01 -1.91033502e+02 
 7.71791516e+07 -4.64377732e+01 -1.91540759e+02 
 7.94328235e+07 -4.69162192e+01 -1.92062269e+02 
 8.17523038e+07 -4.73940249e+01 -1.92598544e+02 
 8.41395142e+07 -4.78711905e+01 -1.93150090e+02 
 8.65964323e+07 -4.83477164e+01 -1.93717413e+02 
 8.91250938e+07 -4.88236035e+01 -1.94301012e+02 
 9.17275935e+07 -4.92988526e+01 -1.94901379e+02 
 9.44060876e+07 -4.97734643e+01 -1.95519003e+02 
 9.71627952e+07 -5.02474389e+01 -1.96154363e+02 
 1.00000000e+08 -5.07207766e+01 -1.96807929e+02 
 1.02920053e+08 -5.11934763e+01 -1.97480164e+02 
 1.05925373e+08 -5.16655366e+01 -1.98171519e+02 
 1.09018449e+08 -5.21369547e+01 -1.98882434e+02 
 1.12201845e+08 -5.26077266e+01 -1.99613341e+02 
 1.15478198e+08 -5.30778467e+01 -2.00364657e+02 
 1.18850223e+08 -5.35473079e+01 -2.01136788e+02 
 1.22320712e+08 -5.40161010e+01 -2.01930129e+02 
 1.25892541e+08 -5.44842149e+01 -2.02745060e+02 
 1.29568670e+08 -5.49516361e+01 -2.03581950e+02 
 1.33352143e+08 -5.54183488e+01 -2.04441155e+02 
 1.37246096e+08 -5.58843348e+01 -2.05323017e+02 
 1.41253754e+08 -5.63495729e+01 -2.06227865e+02 
 1.45378439e+08 -5.68140396e+01 -2.07156016e+02 
 1.49623566e+08 -5.72777084e+01 -2.08107772e+02 
 1.53992653e+08 -5.77405500e+01 -2.09083423e+02 
 1.58489319e+08 -5.82025323e+01 -2.10083245e+02 
 1.63117291e+08 -5.86636204e+01 -2.11107499e+02 
 1.67880402e+08 -5.91237767e+01 -2.12156435e+02 
 1.72782598e+08 -5.95829609e+01 -2.13230286e+02 
 1.77827941e+08 -6.00411301e+01 -2.14329272e+02 
 1.83020611e+08 -6.04982391e+01 -2.15453596e+02 
 1.88364909e+08 -6.09542403e+01 -2.16603448e+02 
 1.93865264e+08 -6.14090843e+01 -2.17779000e+02 
 1.99526231e+08 -6.18627196e+01 -2.18980407e+02 
 2.05352503e+08 -6.23150933e+01 -2.20207808e+02 
 2.11348904e+08 -6.27661510e+01 -2.21461322e+02 
 2.17520403e+08 -6.32158377e+01 -2.22741049e+02 
 2.23872114e+08 -6.36640973e+01 -2.24047068e+02 
 2.30409298e+08 -6.41108734e+01 -2.25379438e+02 
 2.37137371e+08 -6.45561100e+01 -2.26738195e+02 
 2.44061907e+08 -6.49997509e+01 -2.28123351e+02 
 2.51188643e+08 -6.54417412e+01 -2.29534896e+02 
 2.58523484e+08 -6.58820267e+01 -2.30972790e+02 
 2.66072506e+08 -6.63205551e+01 -2.32436972e+02 
 2.73841963e+08 -6.67572758e+01 -2.33927351e+02 
 2.81838293e+08 -6.71921408e+01 -2.35443807e+02 
 2.90068120e+08 -6.76251046e+01 -2.36986195e+02 
 2.98538262e+08 -6.80561251e+01 -2.38554336e+02 
 3.07255737e+08 -6.84851635e+01 -2.40148026e+02 
 3.16227766e+08 -6.89121852e+01 -2.41767026e+02 
 3.25461783e+08 -6.93371595e+01 -2.43411070e+02 
 3.34965439e+08 -6.97600606e+01 -2.45079859e+02 
 3.44746607e+08 -7.01808673e+01 -2.46773065e+02 
 3.54813389e+08 -7.05995636e+01 -2.48490330e+02 
 3.65174127e+08 -7.10161389e+01 -2.50231263e+02 
 3.75837404e+08 -7.14305881e+01 -2.51995446e+02 
 3.86812055e+08 -7.18429118e+01 -2.53782430e+02 
 3.98107171e+08 -7.22531161e+01 -2.55591739e+02 
 4.09732110e+08 -7.26612131e+01 -2.57422868e+02 
 4.21696503e+08 -7.30672206e+01 -2.59275285e+02 
 4.34010264e+08 -7.34711619e+01 -2.61148432e+02 
 4.46683592e+08 -7.38730661e+01 -2.63041727e+02 
 4.59726989e+08 -7.42729673e+01 -2.64954563e+02 
 4.73151259e+08 -7.46709048e+01 -2.66886309e+02 
 4.86967525e+08 -7.50669226e+01 -2.68836314e+02 
 5.01187234e+08 -7.54610692e+01 -2.70803905e+02 
 5.15822165e+08 -7.58533969e+01 -2.72788390e+02 
 5.30884444e+08 -7.62439614e+01 -2.74789055e+02 
 5.46386550e+08 -7.66328214e+01 -2.76805172e+02 
 5.62341325e+08 -7.70200381e+01 -2.78835994e+02 
 5.78761988e+08 -7.74056744e+01 -2.80880758e+02 
 5.95662144e+08 -7.77897941e+01 -2.82938686e+02 
 6.13055792e+08 -7.81724619e+01 -2.85008985e+02 
 6.30957344e+08 -7.85537421e+01 -2.87090849e+02 
 6.49381632e+08 -7.89336982e+01 -2.89183457e+02 
 6.68343918e+08 -7.93123921e+01 -2.91285978e+02 
 6.87859912e+08 -7.96898838e+01 -2.93397567e+02 
 7.07945784e+08 -8.00662303e+01 -2.95517369e+02 
 7.28618175e+08 -8.04414851e+01 -2.97644518e+02 
 7.49894209e+08 -8.08156979e+01 -2.99778138e+02 
 7.71791516e+08 -8.11889136e+01 -3.01917342e+02 
 7.94328235e+08 -8.15611723e+01 -3.04061237e+02 
 8.17523038e+08 -8.19325085e+01 -3.06208920e+02 
 8.41395142e+08 -8.23029508e+01 -3.08359480e+02 
 8.65964323e+08 -8.26725215e+01 -3.10511999e+02 
 8.91250938e+08 -8.30412368e+01 -3.12665555e+02 
 9.17275935e+08 -8.34091059e+01 -3.14819218e+02 
 9.44060876e+08 -8.37761316e+01 -3.16972056e+02 
 9.71627952e+08 -8.41423096e+01 -3.19123129e+02 
 1.00000000e+09 -8.45076294e+01 -3.21271500e+02 
