 frequency       av              ph             
 1.00000000e+00  1.20221400e+01 -2.25581002e-05 
 1.02920053e+00  1.20221400e+01 -2.32168086e-05 
 1.05925373e+00  1.20221400e+01 -2.38947516e-05 
 1.09018449e+00  1.20221400e+01 -2.45924910e-05 
 1.12201845e+00  1.20221400e+01 -2.53106047e-05 
 1.15478198e+00  1.20221400e+01 -2.60496877e-05 
 1.18850223e+00  1.20221400e+01 -2.68103523e-05 
 1.22320712e+00  1.20221400e+01 -2.75932287e-05 
 1.25892541e+00  1.20221400e+01 -2.83989655e-05 
 1.29568670e+00  1.20221400e+01 -2.92282303e-05 
 1.33352143e+00  1.20221400e+01 -3.00817100e-05 
 1.37246096e+00  1.20221400e+01 -3.09601118e-05 
 1.41253754e+00  1.20221400e+01 -3.18641634e-05 
 1.45378439e+00  1.20221400e+01 -3.27946138e-05 
 1.49623566e+00  1.20221400e+01 -3.37522338e-05 
 1.53992653e+00  1.20221400e+01 -3.47378168e-05 
 1.58489319e+00  1.20221400e+01 -3.57521794e-05 
 1.63117291e+00  1.20221400e+01 -3.67961619e-05 
 1.67880402e+00  1.20221400e+01 -3.78706292e-05 
 1.72782598e+00  1.20221400e+01 -3.89764715e-05 
 1.77827941e+00  1.20221400e+01 -4.01146051e-05 
 1.83020611e+00  1.20221400e+01 -4.12859727e-05 
 1.88364909e+00  1.20221400e+01 -4.24915448e-05 
 1.93865264e+00  1.20221400e+01 -4.37323203e-05 
 1.99526231e+00  1.20221400e+01 -4.50093272e-05 
 2.05352503e+00  1.20221400e+01 -4.63236232e-05 
 2.11348904e+00  1.20221400e+01 -4.76762975e-05 
 2.17520403e+00  1.20221400e+01 -4.90684705e-05 
 2.23872114e+00  1.20221400e+01 -5.05012957e-05 
 2.30409298e+00  1.20221400e+01 -5.19759601e-05 
 2.37137371e+00  1.20221400e+01 -5.34936856e-05 
 2.44061907e+00  1.20221400e+01 -5.50557294e-05 
 2.51188643e+00  1.20221400e+01 -5.66633857e-05 
 2.58523484e+00  1.20221400e+01 -5.83179865e-05 
 2.66072506e+00  1.20221400e+01 -6.00209024e-05 
 2.73841963e+00  1.20221400e+01 -6.17735444e-05 
 2.81838293e+00  1.20221400e+01 -6.35773645e-05 
 2.90068120e+00  1.20221400e+01 -6.54338570e-05 
 2.98538262e+00  1.20221400e+01 -6.73445601e-05 
 3.07255737e+00  1.20221400e+01 -6.93110568e-05 
 3.16227766e+00  1.20221400e+01 -7.13349762e-05 
 3.25461783e+00  1.20221400e+01 -7.34179951e-05 
 3.34965439e+00  1.20221400e+01 -7.55618393e-05 
 3.44746607e+00  1.20221400e+01 -7.77682848e-05 
 3.54813389e+00  1.20221400e+01 -8.00391597e-05 
 3.65174127e+00  1.20221400e+01 -8.23763454e-05 
 3.75837404e+00  1.20221400e+01 -8.47817781e-05 
 3.86812055e+00  1.20221400e+01 -8.72574507e-05 
 3.98107171e+00  1.20221400e+01 -8.98054143e-05 
 4.09732110e+00  1.20221400e+01 -9.24277797e-05 
 4.21696503e+00  1.20221400e+01 -9.51267196e-05 
 4.34010264e+00  1.20221400e+01 -9.79044700e-05 
 4.46683592e+00  1.20221400e+01 -1.00763332e-04 
 4.59726989e+00  1.20221400e+01 -1.03705675e-04 
 4.73151259e+00  1.20221400e+01 -1.06733935e-04 
 4.86967525e+00  1.20221400e+01 -1.09850622e-04 
 5.01187234e+00  1.20221400e+01 -1.13058318e-04 
 5.15822165e+00  1.20221400e+01 -1.16359681e-04 
 5.30884444e+00  1.20221400e+01 -1.19757445e-04 
 5.46386550e+00  1.20221400e+01 -1.23254425e-04 
 5.62341325e+00  1.20221400e+01 -1.26853519e-04 
 5.78761988e+00  1.20221400e+01 -1.30557709e-04 
 5.95662144e+00  1.20221400e+01 -1.34370063e-04 
 6.13055792e+00  1.20221400e+01 -1.38293740e-04 
 6.30957344e+00  1.20221400e+01 -1.42331990e-04 
 6.49381632e+00  1.20221400e+01 -1.46488159e-04 
 6.68343918e+00  1.20221400e+01 -1.50765690e-04 
 6.87859912e+00  1.20221400e+01 -1.55168128e-04 
 7.07945784e+00  1.20221400e+01 -1.59699119e-04 
 7.28618175e+00  1.20221400e+01 -1.64362418e-04 
 7.49894209e+00  1.20221400e+01 -1.69161887e-04 
 7.71791516e+00  1.20221400e+01 -1.74101503e-04 
 7.94328235e+00  1.20221400e+01 -1.79185359e-04 
 8.17523038e+00  1.20221400e+01 -1.84417666e-04 
 8.41395142e+00  1.20221400e+01 -1.89802759e-04 
 8.65964323e+00  1.20221400e+01 -1.95345099e-04 
 8.91250938e+00  1.20221400e+01 -2.01049279e-04 
 9.17275935e+00  1.20221400e+01 -2.06920024e-04 
 9.44060876e+00  1.20221400e+01 -2.12962198e-04 
 9.71627952e+00  1.20221400e+01 -2.19180807e-04 
 1.00000000e+01  1.20221400e+01 -2.25581002e-04 
 1.02920053e+01  1.20221400e+01 -2.32168086e-04 
 1.05925373e+01  1.20221400e+01 -2.38947516e-04 
 1.09018449e+01  1.20221400e+01 -2.45924910e-04 
 1.12201845e+01  1.20221400e+01 -2.53106047e-04 
 1.15478198e+01  1.20221400e+01 -2.60496877e-04 
 1.18850223e+01  1.20221400e+01 -2.68103523e-04 
 1.22320712e+01  1.20221400e+01 -2.75932287e-04 
 1.25892541e+01  1.20221400e+01 -2.83989655e-04 
 1.29568670e+01  1.20221400e+01 -2.92282303e-04 
 1.33352143e+01  1.20221400e+01 -3.00817100e-04 
 1.37246096e+01  1.20221400e+01 -3.09601118e-04 
 1.41253754e+01  1.20221400e+01 -3.18641634e-04 
 1.45378439e+01  1.20221400e+01 -3.27946138e-04 
 1.49623566e+01  1.20221400e+01 -3.37522338e-04 
 1.53992653e+01  1.20221400e+01 -3.47378168e-04 
 1.58489319e+01  1.20221400e+01 -3.57521794e-04 
 1.63117291e+01  1.20221400e+01 -3.67961619e-04 
 1.67880402e+01  1.20221400e+01 -3.78706292e-04 
 1.72782598e+01  1.20221400e+01 -3.89764715e-04 
 1.77827941e+01  1.20221400e+01 -4.01146051e-04 
 1.83020611e+01  1.20221400e+01 -4.12859727e-04 
 1.88364909e+01  1.20221400e+01 -4.24915448e-04 
 1.93865264e+01  1.20221400e+01 -4.37323203e-04 
 1.99526231e+01  1.20221400e+01 -4.50093272e-04 
 2.05352503e+01  1.20221400e+01 -4.63236232e-04 
 2.11348904e+01  1.20221400e+01 -4.76762975e-04 
 2.17520403e+01  1.20221400e+01 -4.90684705e-04 
 2.23872114e+01  1.20221400e+01 -5.05012957e-04 
 2.30409298e+01  1.20221400e+01 -5.19759601e-04 
 2.37137371e+01  1.20221400e+01 -5.34936856e-04 
 2.44061907e+01  1.20221400e+01 -5.50557294e-04 
 2.51188643e+01  1.20221400e+01 -5.66633857e-04 
 2.58523484e+01  1.20221400e+01 -5.83179865e-04 
 2.66072506e+01  1.20221400e+01 -6.00209024e-04 
 2.73841963e+01  1.20221400e+01 -6.17735444e-04 
 2.81838293e+01  1.20221400e+01 -6.35773645e-04 
 2.90068120e+01  1.20221400e+01 -6.54338570e-04 
 2.98538262e+01  1.20221400e+01 -6.73445601e-04 
 3.07255737e+01  1.20221400e+01 -6.93110568e-04 
 3.16227766e+01  1.20221400e+01 -7.13349762e-04 
 3.25461783e+01  1.20221400e+01 -7.34179951e-04 
 3.34965439e+01  1.20221400e+01 -7.55618393e-04 
 3.44746607e+01  1.20221400e+01 -7.77682848e-04 
 3.54813389e+01  1.20221400e+01 -8.00391597e-04 
 3.65174127e+01  1.20221400e+01 -8.23763454e-04 
 3.75837404e+01  1.20221400e+01 -8.47817781e-04 
 3.86812055e+01  1.20221400e+01 -8.72574507e-04 
 3.98107171e+01  1.20221400e+01 -8.98054143e-04 
 4.09732110e+01  1.20221400e+01 -9.24277797e-04 
 4.21696503e+01  1.20221400e+01 -9.51267196e-04 
 4.34010264e+01  1.20221400e+01 -9.79044700e-04 
 4.46683592e+01  1.20221400e+01 -1.00763332e-03 
 4.59726989e+01  1.20221400e+01 -1.03705675e-03 
 4.73151259e+01  1.20221400e+01 -1.06733935e-03 
 4.86967525e+01  1.20221400e+01 -1.09850622e-03 
 5.01187234e+01  1.20221400e+01 -1.13058318e-03 
 5.15822165e+01  1.20221400e+01 -1.16359681e-03 
 5.30884444e+01  1.20221400e+01 -1.19757445e-03 
 5.46386550e+01  1.20221400e+01 -1.23254425e-03 
 5.62341325e+01  1.20221400e+01 -1.26853519e-03 
 5.78761988e+01  1.20221400e+01 -1.30557709e-03 
 5.95662144e+01  1.20221400e+01 -1.34370063e-03 
 6.13055792e+01  1.20221400e+01 -1.38293740e-03 
 6.30957344e+01  1.20221400e+01 -1.42331990e-03 
 6.49381632e+01  1.20221400e+01 -1.46488159e-03 
 6.68343918e+01  1.20221400e+01 -1.50765690e-03 
 6.87859912e+01  1.20221400e+01 -1.55168128e-03 
 7.07945784e+01  1.20221400e+01 -1.59699119e-03 
 7.28618175e+01  1.20221400e+01 -1.64362418e-03 
 7.49894209e+01  1.20221400e+01 -1.69161887e-03 
 7.71791516e+01  1.20221400e+01 -1.74101503e-03 
 7.94328235e+01  1.20221400e+01 -1.79185359e-03 
 8.17523038e+01  1.20221400e+01 -1.84417666e-03 
 8.41395142e+01  1.20221400e+01 -1.89802759e-03 
 8.65964323e+01  1.20221400e+01 -1.95345099e-03 
 8.91250938e+01  1.20221400e+01 -2.01049279e-03 
 9.17275935e+01  1.20221400e+01 -2.06920024e-03 
 9.44060876e+01  1.20221400e+01 -2.12962198e-03 
 9.71627952e+01  1.20221400e+01 -2.19180806e-03 
 1.00000000e+02  1.20221400e+01 -2.25581002e-03 
 1.02920053e+02  1.20221400e+01 -2.32168086e-03 
 1.05925373e+02  1.20221400e+01 -2.38947516e-03 
 1.09018449e+02  1.20221400e+01 -2.45924910e-03 
 1.12201845e+02  1.20221400e+01 -2.53106047e-03 
 1.15478198e+02  1.20221400e+01 -2.60496877e-03 
 1.18850223e+02  1.20221400e+01 -2.68103523e-03 
 1.22320712e+02  1.20221400e+01 -2.75932287e-03 
 1.25892541e+02  1.20221400e+01 -2.83989655e-03 
 1.29568670e+02  1.20221400e+01 -2.92282303e-03 
 1.33352143e+02  1.20221400e+01 -3.00817100e-03 
 1.37246096e+02  1.20221400e+01 -3.09601118e-03 
 1.41253754e+02  1.20221400e+01 -3.18641634e-03 
 1.45378439e+02  1.20221400e+01 -3.27946138e-03 
 1.49623566e+02  1.20221400e+01 -3.37522338e-03 
 1.53992653e+02  1.20221399e+01 -3.47378168e-03 
 1.58489319e+02  1.20221399e+01 -3.57521794e-03 
 1.63117291e+02  1.20221399e+01 -3.67961618e-03 
 1.67880402e+02  1.20221399e+01 -3.78706292e-03 
 1.72782598e+02  1.20221399e+01 -3.89764715e-03 
 1.77827941e+02  1.20221399e+01 -4.01146050e-03 
 1.83020611e+02  1.20221399e+01 -4.12859726e-03 
 1.88364909e+02  1.20221399e+01 -4.24915448e-03 
 1.93865264e+02  1.20221399e+01 -4.37323203e-03 
 1.99526231e+02  1.20221399e+01 -4.50093271e-03 
 2.05352503e+02  1.20221399e+01 -4.63236232e-03 
 2.11348904e+02  1.20221399e+01 -4.76762974e-03 
 2.17520403e+02  1.20221399e+01 -4.90684704e-03 
 2.23872114e+02  1.20221399e+01 -5.05012956e-03 
 2.30409298e+02  1.20221399e+01 -5.19759601e-03 
 2.37137371e+02  1.20221399e+01 -5.34936855e-03 
 2.44061907e+02  1.20221399e+01 -5.50557293e-03 
 2.51188643e+02  1.20221399e+01 -5.66633856e-03 
 2.58523484e+02  1.20221399e+01 -5.83179863e-03 
 2.66072506e+02  1.20221399e+01 -6.00209023e-03 
 2.73841963e+02  1.20221399e+01 -6.17735443e-03 
 2.81838293e+02  1.20221399e+01 -6.35773643e-03 
 2.90068120e+02  1.20221399e+01 -6.54338569e-03 
 2.98538262e+02  1.20221399e+01 -6.73445600e-03 
 3.07255737e+02  1.20221399e+01 -6.93110566e-03 
 3.16227766e+02  1.20221399e+01 -7.13349760e-03 
 3.25461783e+02  1.20221399e+01 -7.34179949e-03 
 3.34965439e+02  1.20221399e+01 -7.55618390e-03 
 3.44746607e+02  1.20221399e+01 -7.77682845e-03 
 3.54813389e+02  1.20221399e+01 -8.00391594e-03 
 3.65174127e+02  1.20221399e+01 -8.23763451e-03 
 3.75837404e+02  1.20221399e+01 -8.47817777e-03 
 3.86812055e+02  1.20221399e+01 -8.72574503e-03 
 3.98107171e+02  1.20221399e+01 -8.98054138e-03 
 4.09732110e+02  1.20221399e+01 -9.24277792e-03 
 4.21696503e+02  1.20221399e+01 -9.51267191e-03 
 4.34010264e+02  1.20221399e+01 -9.79044694e-03 
 4.46683592e+02  1.20221399e+01 -1.00763331e-02 
 4.59726989e+02  1.20221399e+01 -1.03705674e-02 
 4.73151259e+02  1.20221398e+01 -1.06733934e-02 
 4.86967525e+02  1.20221398e+01 -1.09850621e-02 
 5.01187234e+02  1.20221398e+01 -1.13058317e-02 
 5.15822165e+02  1.20221398e+01 -1.16359680e-02 
 5.30884444e+02  1.20221398e+01 -1.19757444e-02 
 5.46386550e+02  1.20221398e+01 -1.23254424e-02 
 5.62341325e+02  1.20221398e+01 -1.26853518e-02 
 5.78761988e+02  1.20221398e+01 -1.30557708e-02 
 5.95662144e+02  1.20221398e+01 -1.34370061e-02 
 6.13055792e+02  1.20221398e+01 -1.38293738e-02 
 6.30957344e+02  1.20221398e+01 -1.42331988e-02 
 6.49381632e+02  1.20221397e+01 -1.46488157e-02 
 6.68343918e+02  1.20221397e+01 -1.50765688e-02 
 6.87859912e+02  1.20221397e+01 -1.55168126e-02 
 7.07945784e+02  1.20221397e+01 -1.59699117e-02 
 7.28618175e+02  1.20221397e+01 -1.64362415e-02 
 7.49894209e+02  1.20221397e+01 -1.69161884e-02 
 7.71791516e+02  1.20221397e+01 -1.74101500e-02 
 7.94328235e+02  1.20221396e+01 -1.79185355e-02 
 8.17523038e+02  1.20221396e+01 -1.84417662e-02 
 8.41395142e+02  1.20221396e+01 -1.89802755e-02 
 8.65964323e+02  1.20221396e+01 -1.95345095e-02 
 8.91250938e+02  1.20221396e+01 -2.01049274e-02 
 9.17275935e+02  1.20221395e+01 -2.06920019e-02 
 9.44060876e+02  1.20221395e+01 -2.12962192e-02 
 9.71627952e+02  1.20221395e+01 -2.19180800e-02 
 1.00000000e+03  1.20221395e+01 -2.25580994e-02 
 1.02920053e+03  1.20221394e+01 -2.32168078e-02 
 1.05925373e+03  1.20221394e+01 -2.38947508e-02 
 1.09018449e+03  1.20221394e+01 -2.45924900e-02 
 1.12201845e+03  1.20221393e+01 -2.53106037e-02 
 1.15478198e+03  1.20221393e+01 -2.60496866e-02 
 1.18850223e+03  1.20221393e+01 -2.68103511e-02 
 1.22320712e+03  1.20221392e+01 -2.75932274e-02 
 1.25892541e+03  1.20221392e+01 -2.83989641e-02 
 1.29568670e+03  1.20221391e+01 -2.92282287e-02 
 1.33352143e+03  1.20221391e+01 -3.00817083e-02 
 1.37246096e+03  1.20221390e+01 -3.09601100e-02 
 1.41253754e+03  1.20221390e+01 -3.18641614e-02 
 1.45378439e+03  1.20221389e+01 -3.27946116e-02 
 1.49623566e+03  1.20221388e+01 -3.37522314e-02 
 1.53992653e+03  1.20221388e+01 -3.47378142e-02 
 1.58489319e+03  1.20221387e+01 -3.57521765e-02 
 1.63117291e+03  1.20221386e+01 -3.67961587e-02 
 1.67880402e+03  1.20221385e+01 -3.78706258e-02 
 1.72782598e+03  1.20221385e+01 -3.89764678e-02 
 1.77827941e+03  1.20221384e+01 -4.01146010e-02 
 1.83020611e+03  1.20221383e+01 -4.12859682e-02 
 1.88364909e+03  1.20221382e+01 -4.24915400e-02 
 1.93865264e+03  1.20221381e+01 -4.37323151e-02 
 1.99526231e+03  1.20221380e+01 -4.50093214e-02 
 2.05352503e+03  1.20221378e+01 -4.63236170e-02 
 2.11348904e+03  1.20221377e+01 -4.76762906e-02 
 2.17520403e+03  1.20221376e+01 -4.90684630e-02 
 2.23872114e+03  1.20221374e+01 -5.05012875e-02 
 2.30409298e+03  1.20221373e+01 -5.19759513e-02 
 2.37137371e+03  1.20221371e+01 -5.34936759e-02 
 2.44061907e+03  1.20221370e+01 -5.50557189e-02 
 2.51188643e+03  1.20221368e+01 -5.66633742e-02 
 2.58523484e+03  1.20221366e+01 -5.83179739e-02 
 2.66072506e+03  1.20221364e+01 -6.00208887e-02 
 2.73841963e+03  1.20221362e+01 -6.17735295e-02 
 2.81838293e+03  1.20221360e+01 -6.35773482e-02 
 2.90068120e+03  1.20221357e+01 -6.54338393e-02 
 2.98538262e+03  1.20221355e+01 -6.73445408e-02 
 3.07255737e+03  1.20221352e+01 -6.93110358e-02 
 3.16227766e+03  1.20221349e+01 -7.13349533e-02 
 3.25461783e+03  1.20221346e+01 -7.34179701e-02 
 3.34965439e+03  1.20221343e+01 -7.55618120e-02 
 3.44746607e+03  1.20221340e+01 -7.77682551e-02 
 3.54813389e+03  1.20221336e+01 -8.00391273e-02 
 3.65174127e+03  1.20221333e+01 -8.23763101e-02 
 3.75837404e+03  1.20221329e+01 -8.47817396e-02 
 3.86812055e+03  1.20221324e+01 -8.72574087e-02 
 3.98107171e+03  1.20221320e+01 -8.98053685e-02 
 4.09732110e+03  1.20221315e+01 -9.24277298e-02 
 4.21696503e+03  1.20221310e+01 -9.51266652e-02 
 4.34010264e+03  1.20221305e+01 -9.79044107e-02 
 4.46683592e+03  1.20221299e+01 -1.00763267e-01 
 4.59726989e+03  1.20221293e+01 -1.03705604e-01 
 4.73151259e+03  1.20221287e+01 -1.06733858e-01 
 4.86967525e+03  1.20221280e+01 -1.09850538e-01 
 5.01187234e+03  1.20221273e+01 -1.13058227e-01 
 5.15822165e+03  1.20221266e+01 -1.16359581e-01 
 5.30884444e+03  1.20221258e+01 -1.19757336e-01 
 5.46386550e+03  1.20221250e+01 -1.23254307e-01 
 5.62341325e+03  1.20221241e+01 -1.26853390e-01 
 5.78761988e+03  1.20221231e+01 -1.30557568e-01 
 5.95662144e+03  1.20221221e+01 -1.34369910e-01 
 6.13055792e+03  1.20221211e+01 -1.38293572e-01 
 6.30957344e+03  1.20221200e+01 -1.42331808e-01 
 6.49381632e+03  1.20221188e+01 -1.46487960e-01 
 6.68343918e+03  1.20221175e+01 -1.50765474e-01 
 6.87859912e+03  1.20221162e+01 -1.55167892e-01 
 7.07945784e+03  1.20221148e+01 -1.59698862e-01 
 7.28618175e+03  1.20221133e+01 -1.64362137e-01 
 7.49894209e+03  1.20221117e+01 -1.69161581e-01 
 7.71791516e+03  1.20221100e+01 -1.74101170e-01 
 7.94328235e+03  1.20221083e+01 -1.79184995e-01 
 8.17523038e+03  1.20221064e+01 -1.84417269e-01 
 8.41395142e+03  1.20221044e+01 -1.89802327e-01 
 8.65964323e+03  1.20221023e+01 -1.95344628e-01 
 8.91250938e+03  1.20221000e+01 -2.01048766e-01 
 9.17275935e+03  1.20220977e+01 -2.06919464e-01 
 9.44060876e+03  1.20220952e+01 -2.12961588e-01 
 9.71627952e+03  1.20220925e+01 -2.19180141e-01 
 1.00000000e+04  1.20220897e+01 -2.25580276e-01 
 1.02920053e+04  1.20220867e+01 -2.32167295e-01 
 1.05925373e+04  1.20220836e+01 -2.38946654e-01 
 1.09018449e+04  1.20220802e+01 -2.45923970e-01 
 1.12201845e+04  1.20220767e+01 -2.53105022e-01 
 1.15478198e+04  1.20220729e+01 -2.60495759e-01 
 1.18850223e+04  1.20220690e+01 -2.68102305e-01 
 1.22320712e+04  1.20220648e+01 -2.75930959e-01 
 1.25892541e+04  1.20220603e+01 -2.83988208e-01 
 1.29568670e+04  1.20220556e+01 -2.92280725e-01 
 1.33352143e+04  1.20220506e+01 -3.00815380e-01 
 1.37246096e+04  1.20220453e+01 -3.09599243e-01 
 1.41253754e+04  1.20220397e+01 -3.18639589e-01 
 1.45378439e+04  1.20220338e+01 -3.27943909e-01 
 1.49623566e+04  1.20220275e+01 -3.37519908e-01 
 1.53992653e+04  1.20220208e+01 -3.47375519e-01 
 1.58489319e+04  1.20220137e+01 -3.57518905e-01 
 1.63117291e+04  1.20220063e+01 -3.67958470e-01 
 1.67880402e+04  1.20219983e+01 -3.78702859e-01 
 1.72782598e+04  1.20219899e+01 -3.89760973e-01 
 1.77827941e+04  1.20219811e+01 -4.01141970e-01 
 1.83020611e+04  1.20219716e+01 -4.12855279e-01 
 1.88364909e+04  1.20219617e+01 -4.24910599e-01 
 1.93865264e+04  1.20219511e+01 -4.37317917e-01 
 1.99526231e+04  1.20219399e+01 -4.50087508e-01 
 2.05352503e+04  1.20219281e+01 -4.63229949e-01 
 2.11348904e+04  1.20219155e+01 -4.76756125e-01 
 2.17520403e+04  1.20219022e+01 -4.90677238e-01 
 2.23872114e+04  1.20218881e+01 -5.05004816e-01 
 2.30409298e+04  1.20218732e+01 -5.19750727e-01 
 2.37137371e+04  1.20218574e+01 -5.34927181e-01 
 2.44061907e+04  1.20218406e+01 -5.50546746e-01 
 2.51188643e+04  1.20218229e+01 -5.66622358e-01 
 2.58523484e+04  1.20218041e+01 -5.83167329e-01 
 2.66072506e+04  1.20217842e+01 -6.00195358e-01 
 2.73841963e+04  1.20217631e+01 -6.17720545e-01 
 2.81838293e+04  1.20217408e+01 -6.35757402e-01 
 2.90068120e+04  1.20217172e+01 -6.54320863e-01 
 2.98538262e+04  1.20216921e+01 -6.73426297e-01 
 3.07255737e+04  1.20216656e+01 -6.93089523e-01 
 3.16227766e+04  1.20216375e+01 -7.13326819e-01 
 3.25461783e+04  1.20216077e+01 -7.34154939e-01 
 3.34965439e+04  1.20215762e+01 -7.55591126e-01 
 3.44746607e+04  1.20215427e+01 -7.77653122e-01 
 3.54813389e+04  1.20215074e+01 -8.00359190e-01 
 3.65174127e+04  1.20214699e+01 -8.23728125e-01 
 3.75837404e+04  1.20214302e+01 -8.47779266e-01 
 3.86812055e+04  1.20213881e+01 -8.72532519e-01 
 3.98107171e+04  1.20213436e+01 -8.98008368e-01 
 4.09732110e+04  1.20212964e+01 -9.24227895e-01 
 4.21696503e+04  1.20212464e+01 -9.51212793e-01 
 4.34010264e+04  1.20211935e+01 -9.78985391e-01 
 4.46683592e+04  1.20211374e+01 -1.00756866e+00 
 4.59726989e+04  1.20210780e+01 -1.03698626e+00 
 4.73151259e+04  1.20210151e+01 -1.06726251e+00 
 4.86967525e+04  1.20209484e+01 -1.09842245e+00 
 5.01187234e+04  1.20208778e+01 -1.13049185e+00 
 5.15822165e+04  1.20208031e+01 -1.16349724e+00 
 5.30884444e+04  1.20207239e+01 -1.19746591e+00 
 5.46386550e+04  1.20206400e+01 -1.23242592e+00 
 5.62341325e+04  1.20205511e+01 -1.26840620e+00 
 5.78761988e+04  1.20204570e+01 -1.30543646e+00 
 5.95662144e+04  1.20203573e+01 -1.34354732e+00 
 6.13055792e+04  1.20202517e+01 -1.38277026e+00 
 6.30957344e+04  1.20201398e+01 -1.42313769e+00 
 6.49381632e+04  1.20200213e+01 -1.46468296e+00 
 6.68343918e+04  1.20198958e+01 -1.50744036e+00 
 6.87859912e+04  1.20197629e+01 -1.55144521e+00 
 7.07945784e+04  1.20196221e+01 -1.59673384e+00 
 7.28618175e+04  1.20194729e+01 -1.64334362e+00 
 7.49894209e+04  1.20193149e+01 -1.69131302e+00 
 7.71791516e+04  1.20191476e+01 -1.74068160e+00 
 7.94328235e+04  1.20189703e+01 -1.79149010e+00 
 8.17523038e+04  1.20187826e+01 -1.84378040e+00 
 8.41395142e+04  1.20185837e+01 -1.89759560e+00 
 8.65964323e+04  1.20183731e+01 -1.95298007e+00 
 8.91250938e+04  1.20181500e+01 -2.00997941e+00 
 9.17275935e+04  1.20179137e+01 -2.06864058e+00 
 9.44060876e+04  1.20176634e+01 -2.12901186e+00 
 9.71627952e+04  1.20173983e+01 -2.19114295e+00 
 1.00000000e+05  1.20171175e+01 -2.25508494e+00 
 1.02920053e+05  1.20168200e+01 -2.32089042e+00 
 1.05925373e+05  1.20165050e+01 -2.38861348e+00 
 1.09018449e+05  1.20161713e+01 -2.45830975e+00 
 1.12201845e+05  1.20158179e+01 -2.53003645e+00 
 1.15478198e+05  1.20154436e+01 -2.60385246e+00 
 1.18850223e+05  1.20150471e+01 -2.67981831e+00 
 1.22320712e+05  1.20146272e+01 -2.75799628e+00 
 1.25892541e+05  1.20141824e+01 -2.83845041e+00 
 1.29568670e+05  1.20137113e+01 -2.92124656e+00 
 1.33352143e+05  1.20132124e+01 -3.00645248e+00 
 1.37246096e+05  1.20126839e+01 -3.09413781e+00 
 1.41253754e+05  1.20121242e+01 -3.18437417e+00 
 1.45378439e+05  1.20115314e+01 -3.27723521e+00 
 1.49623566e+05  1.20109036e+01 -3.37279665e+00 
 1.53992653e+05  1.20102387e+01 -3.47113634e+00 
 1.58489319e+05  1.20095345e+01 -3.57233430e+00 
 1.63117291e+05  1.20087886e+01 -3.67647280e+00 
 1.67880402e+05  1.20079987e+01 -3.78363641e+00 
 1.72782598e+05  1.20071622e+01 -3.89391204e+00 
 1.77827941e+05  1.20062762e+01 -4.00738903e+00 
 1.83020611e+05  1.20053380e+01 -4.12415916e+00 
 1.88364909e+05  1.20043443e+01 -4.24431678e+00 
 1.93865264e+05  1.20032920e+01 -4.36795879e+00 
 1.99526231e+05  1.20021776e+01 -4.49518476e+00 
 2.05352503e+05  1.20009975e+01 -4.62609698e+00 
 2.11348904e+05  1.19997478e+01 -4.76080051e+00 
 2.17520403e+05  1.19984244e+01 -4.89940325e+00 
 2.23872114e+05  1.19970230e+01 -5.04201597e+00 
 2.30409298e+05  1.19955391e+01 -5.18875246e+00 
 2.37137371e+05  1.19939677e+01 -5.33972948e+00 
 2.44061907e+05  1.19923038e+01 -5.49506691e+00 
 2.51188643e+05  1.19905420e+01 -5.65488777e+00 
 2.58523484e+05  1.19886766e+01 -5.81931828e+00 
 2.66072506e+05  1.19867014e+01 -5.98848794e+00 
 2.73841963e+05  1.19846101e+01 -6.16252959e+00 
 2.81838293e+05  1.19823959e+01 -6.34157942e+00 
 2.90068120e+05  1.19800517e+01 -6.52577710e+00 
 2.98538262e+05  1.19775700e+01 -6.71526578e+00 
 3.07255737e+05  1.19749426e+01 -6.91019215e+00 
 3.16227766e+05  1.19721612e+01 -7.11070652e+00 
 3.25461783e+05  1.19692168e+01 -7.31696282e+00 
 3.34965439e+05  1.19661000e+01 -7.52911868e+00 
 3.44746607e+05  1.19628009e+01 -7.74733542e+00 
 3.54813389e+05  1.19593088e+01 -7.97177817e+00 
 3.65174127e+05  1.19556128e+01 -8.20261578e+00 
 3.75837404e+05  1.19517010e+01 -8.44002094e+00 
 3.86812055e+05  1.19475610e+01 -8.68417016e+00 
 3.98107171e+05  1.19431798e+01 -8.93524376e+00 
 4.09732110e+05  1.19385436e+01 -9.19342589e+00 
 4.21696503e+05  1.19336377e+01 -9.45890453e+00 
 4.34010264e+05  1.19284469e+01 -9.73187144e+00 
 4.46683592e+05  1.19229549e+01 -1.00125221e+01 
 4.59726989e+05  1.19171447e+01 -1.03010559e+01 
 4.73151259e+05  1.19109983e+01 -1.05976757e+01 
 4.86967525e+05  1.19044966e+01 -1.09025879e+01 
 5.01187234e+05  1.18976197e+01 -1.12160027e+01 
 5.15822165e+05  1.18903465e+01 -1.15381336e+01 
 5.30884444e+05  1.18826550e+01 -1.18691971e+01 
 5.46386550e+05  1.18745217e+01 -1.22094133e+01 
 5.62341325e+05  1.18659223e+01 -1.25590050e+01 
 5.78761988e+05  1.18568308e+01 -1.29181979e+01 
 5.95662144e+05  1.18472203e+01 -1.32872204e+01 
 6.13055792e+05  1.18370622e+01 -1.36663030e+01 
 6.30957344e+05  1.18263267e+01 -1.40556785e+01 
 6.49381632e+05  1.18149824e+01 -1.44555816e+01 
 6.68343918e+05  1.18029965e+01 -1.48662482e+01 
 6.87859912e+05  1.17903344e+01 -1.52879156e+01 
 7.07945784e+05  1.17769600e+01 -1.57208218e+01 
 7.28618175e+05  1.17628355e+01 -1.61652050e+01 
 7.49894209e+05  1.17479213e+01 -1.66213033e+01 
 7.71791516e+05  1.17321760e+01 -1.70893542e+01 
 7.94328235e+05  1.17155565e+01 -1.75695940e+01 
 8.17523038e+05  1.16980175e+01 -1.80622571e+01 
 8.41395142e+05  1.16795121e+01 -1.85675756e+01 
 8.65964323e+05  1.16599910e+01 -1.90857786e+01 
 8.91250938e+05  1.16394033e+01 -1.96170910e+01 
 9.17275935e+05  1.16176958e+01 -2.01617336e+01 
 9.44060876e+05  1.15948132e+01 -2.07199214e+01 
 9.71627952e+05  1.15706983e+01 -2.12918633e+01 
 1.00000000e+06  1.15452916e+01 -2.18777611e+01 
 1.02920053e+06  1.15185316e+01 -2.24778083e+01 
 1.05925373e+06  1.14903545e+01 -2.30921895e+01 
 1.09018449e+06  1.14606947e+01 -2.37210790e+01 
 1.12201845e+06  1.14294842e+01 -2.43646399e+01 
 1.15478198e+06  1.13966534e+01 -2.50230233e+01 
 1.18850223e+06  1.13621302e+01 -2.56963666e+01 
 1.22320712e+06  1.13258411e+01 -2.63847928e+01 
 1.25892541e+06  1.12877104e+01 -2.70884091e+01 
 1.29568670e+06  1.12476608e+01 -2.78073061e+01 
 1.33352143e+06  1.12056134e+01 -2.85415563e+01 
 1.37246096e+06  1.11614878e+01 -2.92912130e+01 
 1.41253754e+06  1.11152023e+01 -3.00563095e+01 
 1.45378439e+06  1.10666739e+01 -3.08368578e+01 
 1.49623566e+06  1.10158187e+01 -3.16328475e+01 
 1.53992653e+06  1.09625520e+01 -3.24442451e+01 
 1.58489319e+06  1.09067886e+01 -3.32709930e+01 
 1.63117291e+06  1.08484427e+01 -3.41130086e+01 
 1.67880402e+06  1.07874287e+01 -3.49701839e+01 
 1.72782598e+06  1.07236612e+01 -3.58423849e+01 
 1.77827941e+06  1.06570550e+01 -3.67294508e+01 
 1.83020611e+06  1.05875259e+01 -3.76311944e+01 
 1.88364909e+06  1.05149907e+01 -3.85474014e+01 
 1.93865264e+06  1.04393677e+01 -3.94778308e+01 
 1.99526231e+06  1.03605766e+01 -4.04222152e+01 
 2.05352503e+06  1.02785396e+01 -4.13802611e+01 
 2.11348904e+06  1.01931808e+01 -4.23516497e+01 
 2.17520403e+06  1.01044273e+01 -4.33360377e+01 
 2.23872114e+06  1.00122091e+01 -4.43330584e+01 
 2.30409298e+06  9.91645935e+00 -4.53423230e+01 
 2.37137371e+06  9.81711499e+00 -4.63634223e+01 
 2.44061907e+06  9.71411667e+00 -4.73959281e+01 
 2.51188643e+06  9.60740920e+00 -4.84393952e+01 
 2.58523484e+06  9.49694169e+00 -4.94933637e+01 
 2.66072506e+06  9.38266774e+00 -5.05573609e+01 
 2.73841963e+06  9.26454565e+00 -5.16309037e+01 
 2.81838293e+06  9.14253850e+00 -5.27135015e+01 
 2.90068120e+06  9.01661425e+00 -5.38046581e+01 
 2.98538262e+06  8.88674583e+00 -5.49038751e+01 
 3.07255737e+06  8.75291109e+00 -5.60106539e+01 
 3.16227766e+06  8.61509282e+00 -5.71244989e+01 
 3.25461783e+06  8.47327865e+00 -5.82449198e+01 
 3.34965439e+06  8.32746097e+00 -5.93714346e+01 
 3.44746607e+06  8.17763677e+00 -6.05035716e+01 
 3.54813389e+06  8.02380743e+00 -6.16408725e+01 
 3.65174127e+06  7.86597854e+00 -6.27828941e+01 
 3.75837404e+06  7.70415962e+00 -6.39292108e+01 
 3.86812055e+06  7.53836382e+00 -6.50794165e+01 
 3.98107171e+06  7.36860766e+00 -6.62331260e+01 
 4.09732110e+06  7.19491064e+00 -6.73899772e+01 
 4.21696503e+06  7.01729491e+00 -6.85496317e+01 
 4.34010264e+06  6.83578490e+00 -6.97117763e+01 
 4.46683592e+06  6.65040694e+00 -7.08761237e+01 
 4.59726989e+06  6.46118885e+00 -7.20424128e+01 
 4.73151259e+06  6.26815956e+00 -7.32104094e+01 
 4.86967525e+06  6.07134873e+00 -7.43799061e+01 
 5.01187234e+06  5.87078634e+00 -7.55507216e+01 
 5.15822165e+06  5.66650232e+00 -7.67227011e+01 
 5.30884444e+06  5.45852617e+00 -7.78957148e+01 
 5.46386550e+06  5.24688664e+00 -7.90696576e+01 
 5.62341325e+06  5.03161134e+00 -8.02444474e+01 
 5.78761988e+06  4.81272646e+00 -8.14200242e+01 
 5.95662144e+06  4.59025648e+00 -8.25963485e+01 
 6.13055792e+06  4.36422388e+00 -8.37733995e+01 
 6.30957344e+06  4.13464890e+00 -8.49511731e+01 
 6.49381632e+06  3.90154935e+00 -8.61296806e+01 
 6.68343918e+06  3.66494039e+00 -8.73089459e+01 
 6.87859912e+06  3.42483443e+00 -8.84890035e+01 
 7.07945784e+06  3.18124095e+00 -8.96698968e+01 
 7.28618175e+06  2.93416644e+00 -9.08516749e+01 
 7.49894209e+06  2.68361436e+00 -9.20343911e+01 
 7.71791516e+06  2.42958510e+00 -9.32181000e+01 
 7.94328235e+06  2.17207599e+00 -9.44028551e+01 
 8.17523038e+06  1.91108136e+00 -9.55887071e+01 
 8.41395142e+06  1.64659260e+00 -9.67757006e+01 
 8.65964323e+06  1.37859830e+00 -9.79638726e+01 
 8.91250938e+06  1.10708437e+00 -9.91532502e+01 
 9.17275935e+06  8.32034231e-01 -1.00343848e+02 
 9.44060876e+06  5.53429015e-01 -1.01535667e+02 
 9.71627952e+06  2.71247805e-01 -1.02728691e+02 
 1.00000000e+07 -1.45321052e-02 -1.03922888e+02 
 1.02920053e+07 -3.03934915e-01 -1.05118205e+02 
 1.05925373e+07 -5.96986008e-01 -1.06314568e+02 
 1.09018449e+07 -8.93711615e-01 -1.07511884e+02 
 1.12201845e+07 -1.19413846e+00 -1.08710033e+02 
 1.15478198e+07 -1.49829338e+00 -1.09908875e+02 
 1.18850223e+07 -1.80620297e+00 -1.11108243e+02 
 1.22320712e+07 -2.11789315e+00 -1.12307948e+02 
 1.25892541e+07 -2.43338878e+00 -1.13507775e+02 
 1.29568670e+07 -2.75271328e+00 -1.14707486e+02 
 1.33352143e+07 -3.07588819e+00 -1.15906817e+02 
 1.37246096e+07 -3.40293281e+00 -1.17105483e+02 
 1.41253754e+07 -3.73386378e+00 -1.18303177e+02 
 1.45378439e+07 -4.06869474e+00 -1.19499570e+02 
 1.49623566e+07 -4.40743595e+00 -1.20694315e+02 
 1.53992653e+07 -4.75009397e+00 -1.21887047e+02 
 1.58489319e+07 -5.09667135e+00 -1.23077386e+02 
 1.63117291e+07 -5.44716633e+00 -1.24264938e+02 
 1.67880402e+07 -5.80157263e+00 -1.25449298e+02 
 1.72782598e+07 -6.15987922e+00 -1.26630053e+02 
 1.77827941e+07 -6.52207012e+00 -1.27806784e+02 
 1.83020611e+07 -6.88812429e+00 -1.28979070e+02 
 1.88364909e+07 -7.25801555e+00 -1.30146486e+02 
 1.93865264e+07 -7.63171245e+00 -1.31308613e+02 
 1.99526231e+07 -8.00917835e+00 -1.32465038e+02 
 2.05352503e+07 -8.39037136e+00 -1.33615352e+02 
 2.11348904e+07 -8.77524446e+00 -1.34759161e+02 
 2.17520403e+07 -9.16374557e+00 -1.35896083e+02 
 2.23872114e+07 -9.55581771e+00 -1.37025753e+02 
 2.30409298e+07 -9.95139914e+00 -1.38147824e+02 
 2.37137371e+07 -1.03504236e+01 -1.39261971e+02 
 2.44061907e+07 -1.07528205e+01 -1.40367892e+02 
 2.51188643e+07 -1.11585152e+01 -1.41465311e+02 
 2.58523484e+07 -1.15674294e+01 -1.42553980e+02 
 2.66072506e+07 -1.19794811e+01 -1.43633678e+02 
 2.73841963e+07 -1.23945853e+01 -1.44704216e+02 
 2.81838293e+07 -1.28126541e+01 -1.45765438e+02 
 2.90068120e+07 -1.32335969e+01 -1.46817217e+02 
 2.98538262e+07 -1.36573213e+01 -1.47859463e+02 
 3.07255737e+07 -1.40837327e+01 -1.48892121e+02 
 3.16227766e+07 -1.45127350e+01 -1.49915167e+02 
 3.25461783e+07 -1.49442311e+01 -1.50928616e+02 
 3.34965439e+07 -1.53781227e+01 -1.51932515e+02 
 3.44746607e+07 -1.58143112e+01 -1.52926950e+02 
 3.54813389e+07 -1.62526975e+01 -1.53912038e+02 
 3.65174127e+07 -1.66931828e+01 -1.54887935e+02 
 3.75837404e+07 -1.71356682e+01 -1.55854827e+02 
 3.86812055e+07 -1.75800557e+01 -1.56812937e+02 
 3.98107171e+07 -1.80262480e+01 -1.57762519e+02 
 4.09732110e+07 -1.84741487e+01 -1.58703860e+02 
 4.21696503e+07 -1.89236628e+01 -1.59637280e+02 
 4.34010264e+07 -1.93746968e+01 -1.60563128e+02 
 4.46683592e+07 -1.98271586e+01 -1.61481782e+02 
 4.59726989e+07 -2.02809584e+01 -1.62393650e+02 
 4.73151259e+07 -2.07360079e+01 -1.63299167e+02 
 4.86967525e+07 -2.11922212e+01 -1.64198795e+02 
 5.01187234e+07 -2.16495147e+01 -1.65093019e+02 
 5.15822165e+07 -2.21078072e+01 -1.65982351e+02 
 5.30884444e+07 -2.25670199e+01 -1.66867324e+02 
 5.46386550e+07 -2.30270768e+01 -1.67748491e+02 
 5.62341325e+07 -2.34879044e+01 -1.68626428e+02 
 5.78761988e+07 -2.39494320e+01 -1.69501727e+02 
 5.95662144e+07 -2.44115918e+01 -1.70374999e+02 
 6.13055792e+07 -2.48743189e+01 -1.71246870e+02 
 6.30957344e+07 -2.53375510e+01 -1.72117980e+02 
 6.49381632e+07 -2.58012289e+01 -1.72988981e+02 
 6.68343918e+07 -2.62652963e+01 -1.73860538e+02 
 6.87859912e+07 -2.67296996e+01 -1.74733324e+02 
 7.07945784e+07 -2.71943880e+01 -1.75608020e+02 
 7.28618175e+07 -2.76593136e+01 -1.76485315e+02 
 7.49894209e+07 -2.81244311e+01 -1.77365901e+02 
 7.71791516e+07 -2.85896977e+01 -1.78250473e+02 
 7.94328235e+07 -2.90550729e+01 -1.79139729e+02 
 8.17523038e+07 -2.95205189e+01 -1.80034366e+02 
 8.41395142e+07 -2.99859997e+01 -1.80935078e+02 
 8.65964323e+07 -3.04514814e+01 -1.81842560e+02 
 8.91250938e+07 -3.09169320e+01 -1.82757497e+02 
 9.17275935e+07 -3.13823208e+01 -1.83680573e+02 
 9.44060876e+07 -3.18476188e+01 -1.84612462e+02 
 9.71627952e+07 -3.23127979e+01 -1.85553829e+02 
 1.00000000e+08 -3.27778309e+01 -1.86505333e+02 
 1.02920053e+08 -3.32426914e+01 -1.87467617e+02 
 1.05925373e+08 -3.37073533e+01 -1.88441316e+02 
 1.09018449e+08 -3.41717905e+01 -1.89427053e+02 
 1.12201845e+08 -3.46359769e+01 -1.90425436e+02 
 1.15478198e+08 -3.50998860e+01 -1.91437059e+02 
 1.18850223e+08 -3.55634907e+01 -1.92462504e+02 
 1.22320712e+08 -3.60267629e+01 -1.93502335e+02 
 1.25892541e+08 -3.64896735e+01 -1.94557103e+02 
 1.29568670e+08 -3.69521921e+01 -1.95627344e+02 
 1.33352143e+08 -3.74142867e+01 -1.96713576e+02 
 1.37246096e+08 -3.78759238e+01 -1.97816303e+02 
 1.41253754e+08 -3.83370679e+01 -1.98936013e+02 
 1.45378439e+08 -3.87976817e+01 -2.00073178e+02 
 1.49623566e+08 -3.92577257e+01 -2.01228251e+02 
 1.53992653e+08 -3.97171584e+01 -2.02401673e+02 
 1.58489319e+08 -4.01759363e+01 -2.03593866e+02 
 1.63117291e+08 -4.06340134e+01 -2.04805235e+02 
 1.67880402e+08 -4.10913419e+01 -2.06036168e+02 
 1.72782598e+08 -4.15478717e+01 -2.07287037e+02 
 1.77827941e+08 -4.20035509e+01 -2.08558196e+02 
 1.83020611e+08 -4.24583255e+01 -2.09849981e+02 
 1.88364909e+08 -4.29121399e+01 -2.11162707e+02 
 1.93865264e+08 -4.33649369e+01 -2.12496673e+02 
 1.99526231e+08 -4.38166580e+01 -2.13852156e+02 
 2.05352503e+08 -4.42672434e+01 -2.15229414e+02 
 2.11348904e+08 -4.47166325e+01 -2.16628683e+02 
 2.17520403e+08 -4.51647641e+01 -2.18050175e+02 
 2.23872114e+08 -4.56115767e+01 -2.19494080e+02 
 2.30409298e+08 -4.60570088e+01 -2.20960566e+02 
 2.37137371e+08 -4.65009992e+01 -2.22449771e+02 
 2.44061907e+08 -4.69434873e+01 -2.23961811e+02 
 2.51188643e+08 -4.73844138e+01 -2.25496773e+02 
 2.58523484e+08 -4.78237206e+01 -2.27054716e+02 
 2.66072506e+08 -4.82613516e+01 -2.28635671e+02 
 2.73841963e+08 -4.86972527e+01 -2.30239638e+02 
 2.81838293e+08 -4.91313727e+01 -2.31866587e+02 
 2.90068120e+08 -4.95636630e+01 -2.33516456e+02 
 2.98538262e+08 -4.99940786e+01 -2.35189152e+02 
 3.07255737e+08 -5.04225783e+01 -2.36884548e+02 
 3.16227766e+08 -5.08491248e+01 -2.38602487e+02 
 3.25461783e+08 -5.12736853e+01 -2.40342776e+02 
 3.34965439e+08 -5.16962317e+01 -2.42105191e+02 
 3.44746607e+08 -5.21167409e+01 -2.43889474e+02 
 3.54813389e+08 -5.25351950e+01 -2.45695336e+02 
 3.65174127e+08 -5.29515817e+01 -2.47522452e+02 
 3.75837404e+08 -5.33658942e+01 -2.49370468e+02 
 3.86812055e+08 -5.37781316e+01 -2.51238998e+02 
 3.98107171e+08 -5.41882985e+01 -2.53127625e+02 
 4.09732110e+08 -5.45964058e+01 -2.55035901e+02 
 4.21696503e+08 -5.50024697e+01 -2.56963351e+02 
 4.34010264e+08 -5.54065124e+01 -2.58909469e+02 
 4.46683592e+08 -5.58085617e+01 -2.60873726e+02 
 4.59726989e+08 -5.62086507e+01 -2.62855565e+02 
 4.73151259e+08 -5.66068173e+01 -2.64854402e+02 
 4.86967525e+08 -5.70031046e+01 -2.66869633e+02 
 5.01187234e+08 -5.73975597e+01 -2.68900628e+02 
 5.15822165e+08 -5.77902338e+01 -2.70946739e+02 
 5.30884444e+08 -5.81811816e+01 -2.73007294e+02 
 5.46386550e+08 -5.85704606e+01 -2.75081605e+02 
 5.62341325e+08 -5.89581306e+01 -2.77168961e+02 
 5.78761988e+08 -5.93442534e+01 -2.79268639e+02 
 5.95662144e+08 -5.97288916e+01 -2.81379895e+02 
 6.13055792e+08 -6.01121085e+01 -2.83501972e+02 
 6.30957344e+08 -6.04939670e+01 -2.85634096e+02 
 6.49381632e+08 -6.08745292e+01 -2.87775480e+02 
 6.68343918e+08 -6.12538557e+01 -2.89925325e+02 
 6.87859912e+08 -6.16320049e+01 -2.92082816e+02 
 7.07945784e+08 -6.20090321e+01 -2.94247128e+02 
 7.28618175e+08 -6.23849894e+01 -2.96417426e+02 
 7.49894209e+08 -6.27599247e+01 -2.98592861e+02 
 7.71791516e+08 -6.31338814e+01 -3.00772576e+02 
 7.94328235e+08 -6.35068978e+01 -3.02955706e+02 
 8.17523038e+08 -6.38790065e+01 -3.05141374e+02 
 8.41395142e+08 -6.42502344e+01 -3.07328698e+02 
 8.65964323e+08 -6.46206021e+01 -3.09516788e+02 
 8.91250938e+08 -6.49901238e+01 -3.11704746e+02 
 9.17275935e+08 -6.53588070e+01 -3.13891672e+02 
 9.44060876e+08 -6.57266526e+01 -3.16076658e+02 
 9.71627952e+08 -6.60936547e+01 -3.18258795e+02 
 1.00000000e+09 -6.64598006e+01 -3.20437168e+02 
