 frequency       av              ph             
 1.00000000e+00  1.20210814e+01 -2.05830111e-05 
 1.02920053e+00  1.20210814e+01 -2.11840459e-05 
 1.05925373e+00  1.20210814e+01 -2.18026312e-05 
 1.09018449e+00  1.20210814e+01 -2.24392795e-05 
 1.12201845e+00  1.20210814e+01 -2.30945183e-05 
 1.15478198e+00  1.20210814e+01 -2.37688904e-05 
 1.18850223e+00  1.20210814e+01 -2.44629545e-05 
 1.22320712e+00  1.20210814e+01 -2.51772857e-05 
 1.25892541e+00  1.20210814e+01 -2.59124757e-05 
 1.29568670e+00  1.20210814e+01 -2.66691337e-05 
 1.33352143e+00  1.20210814e+01 -2.74478864e-05 
 1.37246096e+00  1.20210814e+01 -2.82493792e-05 
 1.41253754e+00  1.20210814e+01 -2.90742760e-05 
 1.45378439e+00  1.20210814e+01 -2.99232601e-05 
 1.49623566e+00  1.20210814e+01 -3.07970351e-05 
 1.53992653e+00  1.20210814e+01 -3.16963248e-05 
 1.58489319e+00  1.20210814e+01 -3.26218742e-05 
 1.63117291e+00  1.20210814e+01 -3.35744501e-05 
 1.67880402e+00  1.20210814e+01 -3.45548417e-05 
 1.72782598e+00  1.20210814e+01 -3.55638613e-05 
 1.77827941e+00  1.20210814e+01 -3.66023448e-05 
 1.83020611e+00  1.20210814e+01 -3.76711526e-05 
 1.88364909e+00  1.20210814e+01 -3.87711701e-05 
 1.93865264e+00  1.20210814e+01 -3.99033087e-05 
 1.99526231e+00  1.20210814e+01 -4.10685064e-05 
 2.05352503e+00  1.20210814e+01 -4.22677284e-05 
 2.11348904e+00  1.20210814e+01 -4.35019684e-05 
 2.17520403e+00  1.20210814e+01 -4.47722488e-05 
 2.23872114e+00  1.20210814e+01 -4.60796220e-05 
 2.30409298e+00  1.20210814e+01 -4.74251713e-05 
 2.37137371e+00  1.20210814e+01 -4.88100113e-05 
 2.44061907e+00  1.20210814e+01 -5.02352894e-05 
 2.51188643e+00  1.20210814e+01 -5.17021863e-05 
 2.58523484e+00  1.20210814e+01 -5.32119174e-05 
 2.66072506e+00  1.20210814e+01 -5.47657334e-05 
 2.73841963e+00  1.20210814e+01 -5.63649217e-05 
 2.81838293e+00  1.20210814e+01 -5.80108072e-05 
 2.90068120e+00  1.20210814e+01 -5.97047533e-05 
 2.98538262e+00  1.20210814e+01 -6.14481636e-05 
 3.07255737e+00  1.20210814e+01 -6.32424823e-05 
 3.16227766e+00  1.20210814e+01 -6.50891962e-05 
 3.25461783e+00  1.20210814e+01 -6.69898350e-05 
 3.34965439e+00  1.20210814e+01 -6.89459735e-05 
 3.44746607e+00  1.20210814e+01 -7.09592323e-05 
 3.54813389e+00  1.20210814e+01 -7.30312793e-05 
 3.65174127e+00  1.20210814e+01 -7.51638311e-05 
 3.75837404e+00  1.20210814e+01 -7.73586546e-05 
 3.86812055e+00  1.20210814e+01 -7.96175681e-05 
 3.98107171e+00  1.20210814e+01 -8.19424431e-05 
 4.09732110e+00  1.20210814e+01 -8.43352056e-05 
 4.21696503e+00  1.20210814e+01 -8.67978381e-05 
 4.34010264e+00  1.20210814e+01 -8.93323807e-05 
 4.46683592e+00  1.20210814e+01 -9.19409333e-05 
 4.59726989e+00  1.20210814e+01 -9.46256571e-05 
 4.73151259e+00  1.20210814e+01 -9.73887761e-05 
 4.86967525e+00  1.20210814e+01 -1.00232580e-04 
 5.01187234e+00  1.20210814e+01 -1.03159424e-04 
 5.15822165e+00  1.20210814e+01 -1.06171733e-04 
 5.30884444e+00  1.20210814e+01 -1.09272004e-04 
 5.46386550e+00  1.20210814e+01 -1.12462804e-04 
 5.62341325e+00  1.20210814e+01 -1.15746777e-04 
 5.78761988e+00  1.20210814e+01 -1.19126644e-04 
 5.95662144e+00  1.20210814e+01 -1.22605205e-04 
 6.13055792e+00  1.20210814e+01 -1.26185342e-04 
 6.30957344e+00  1.20210814e+01 -1.29870020e-04 
 6.49381632e+00  1.20210814e+01 -1.33662293e-04 
 6.68343918e+00  1.20210814e+01 -1.37565303e-04 
 6.87859912e+00  1.20210814e+01 -1.41582282e-04 
 7.07945784e+00  1.20210814e+01 -1.45716559e-04 
 7.28618175e+00  1.20210814e+01 -1.49971560e-04 
 7.49894209e+00  1.20210814e+01 -1.54350808e-04 
 7.71791516e+00  1.20210814e+01 -1.58857933e-04 
 7.94328235e+00  1.20210814e+01 -1.63496669e-04 
 8.17523038e+00  1.20210814e+01 -1.68270858e-04 
 8.41395142e+00  1.20210814e+01 -1.73184455e-04 
 8.65964323e+00  1.20210814e+01 -1.78241533e-04 
 8.91250938e+00  1.20210814e+01 -1.83446280e-04 
 9.17275935e+00  1.20210814e+01 -1.88803008e-04 
 9.44060876e+00  1.20210814e+01 -1.94316155e-04 
 9.71627952e+00  1.20210814e+01 -1.99990289e-04 
 1.00000000e+01  1.20210814e+01 -2.05830111e-04 
 1.02920053e+01  1.20210814e+01 -2.11840459e-04 
 1.05925373e+01  1.20210814e+01 -2.18026312e-04 
 1.09018449e+01  1.20210814e+01 -2.24392795e-04 
 1.12201845e+01  1.20210814e+01 -2.30945183e-04 
 1.15478198e+01  1.20210814e+01 -2.37688904e-04 
 1.18850223e+01  1.20210814e+01 -2.44629545e-04 
 1.22320712e+01  1.20210814e+01 -2.51772857e-04 
 1.25892541e+01  1.20210814e+01 -2.59124757e-04 
 1.29568670e+01  1.20210814e+01 -2.66691337e-04 
 1.33352143e+01  1.20210814e+01 -2.74478864e-04 
 1.37246096e+01  1.20210814e+01 -2.82493792e-04 
 1.41253754e+01  1.20210814e+01 -2.90742760e-04 
 1.45378439e+01  1.20210814e+01 -2.99232601e-04 
 1.49623566e+01  1.20210814e+01 -3.07970351e-04 
 1.53992653e+01  1.20210814e+01 -3.16963248e-04 
 1.58489319e+01  1.20210814e+01 -3.26218742e-04 
 1.63117291e+01  1.20210814e+01 -3.35744501e-04 
 1.67880402e+01  1.20210814e+01 -3.45548417e-04 
 1.72782598e+01  1.20210814e+01 -3.55638613e-04 
 1.77827941e+01  1.20210814e+01 -3.66023448e-04 
 1.83020611e+01  1.20210814e+01 -3.76711526e-04 
 1.88364909e+01  1.20210814e+01 -3.87711701e-04 
 1.93865264e+01  1.20210814e+01 -3.99033087e-04 
 1.99526231e+01  1.20210814e+01 -4.10685064e-04 
 2.05352503e+01  1.20210814e+01 -4.22677284e-04 
 2.11348904e+01  1.20210814e+01 -4.35019684e-04 
 2.17520403e+01  1.20210814e+01 -4.47722488e-04 
 2.23872114e+01  1.20210814e+01 -4.60796220e-04 
 2.30409298e+01  1.20210814e+01 -4.74251713e-04 
 2.37137371e+01  1.20210814e+01 -4.88100113e-04 
 2.44061907e+01  1.20210814e+01 -5.02352894e-04 
 2.51188643e+01  1.20210814e+01 -5.17021863e-04 
 2.58523484e+01  1.20210814e+01 -5.32119174e-04 
 2.66072506e+01  1.20210814e+01 -5.47657334e-04 
 2.73841963e+01  1.20210814e+01 -5.63649217e-04 
 2.81838293e+01  1.20210814e+01 -5.80108071e-04 
 2.90068120e+01  1.20210814e+01 -5.97047533e-04 
 2.98538262e+01  1.20210814e+01 -6.14481636e-04 
 3.07255737e+01  1.20210814e+01 -6.32424823e-04 
 3.16227766e+01  1.20210814e+01 -6.50891962e-04 
 3.25461783e+01  1.20210814e+01 -6.69898350e-04 
 3.34965439e+01  1.20210814e+01 -6.89459735e-04 
 3.44746607e+01  1.20210814e+01 -7.09592323e-04 
 3.54813389e+01  1.20210814e+01 -7.30312793e-04 
 3.65174127e+01  1.20210814e+01 -7.51638311e-04 
 3.75837404e+01  1.20210814e+01 -7.73586546e-04 
 3.86812055e+01  1.20210814e+01 -7.96175681e-04 
 3.98107171e+01  1.20210814e+01 -8.19424431e-04 
 4.09732110e+01  1.20210814e+01 -8.43352056e-04 
 4.21696503e+01  1.20210814e+01 -8.67978381e-04 
 4.34010264e+01  1.20210814e+01 -8.93323807e-04 
 4.46683592e+01  1.20210814e+01 -9.19409333e-04 
 4.59726989e+01  1.20210814e+01 -9.46256570e-04 
 4.73151259e+01  1.20210814e+01 -9.73887761e-04 
 4.86967525e+01  1.20210814e+01 -1.00232580e-03 
 5.01187234e+01  1.20210814e+01 -1.03159424e-03 
 5.15822165e+01  1.20210814e+01 -1.06171733e-03 
 5.30884444e+01  1.20210814e+01 -1.09272004e-03 
 5.46386550e+01  1.20210814e+01 -1.12462804e-03 
 5.62341325e+01  1.20210814e+01 -1.15746777e-03 
 5.78761988e+01  1.20210814e+01 -1.19126644e-03 
 5.95662144e+01  1.20210814e+01 -1.22605205e-03 
 6.13055792e+01  1.20210814e+01 -1.26185342e-03 
 6.30957344e+01  1.20210814e+01 -1.29870020e-03 
 6.49381632e+01  1.20210814e+01 -1.33662293e-03 
 6.68343918e+01  1.20210814e+01 -1.37565303e-03 
 6.87859912e+01  1.20210814e+01 -1.41582282e-03 
 7.07945784e+01  1.20210814e+01 -1.45716559e-03 
 7.28618175e+01  1.20210814e+01 -1.49971560e-03 
 7.49894209e+01  1.20210814e+01 -1.54350808e-03 
 7.71791516e+01  1.20210814e+01 -1.58857933e-03 
 7.94328235e+01  1.20210814e+01 -1.63496668e-03 
 8.17523038e+01  1.20210814e+01 -1.68270857e-03 
 8.41395142e+01  1.20210814e+01 -1.73184455e-03 
 8.65964323e+01  1.20210814e+01 -1.78241533e-03 
 8.91250938e+01  1.20210814e+01 -1.83446279e-03 
 9.17275935e+01  1.20210814e+01 -1.88803007e-03 
 9.44060876e+01  1.20210814e+01 -1.94316155e-03 
 9.71627952e+01  1.20210814e+01 -1.99990289e-03 
 1.00000000e+02  1.20210814e+01 -2.05830111e-03 
 1.02920053e+02  1.20210814e+01 -2.11840458e-03 
 1.05925373e+02  1.20210814e+01 -2.18026311e-03 
 1.09018449e+02  1.20210814e+01 -2.24392795e-03 
 1.12201845e+02  1.20210814e+01 -2.30945182e-03 
 1.15478198e+02  1.20210814e+01 -2.37688903e-03 
 1.18850223e+02  1.20210814e+01 -2.44629545e-03 
 1.22320712e+02  1.20210814e+01 -2.51772856e-03 
 1.25892541e+02  1.20210814e+01 -2.59124756e-03 
 1.29568670e+02  1.20210814e+01 -2.66691336e-03 
 1.33352143e+02  1.20210814e+01 -2.74478863e-03 
 1.37246096e+02  1.20210814e+01 -2.82493791e-03 
 1.41253754e+02  1.20210814e+01 -2.90742758e-03 
 1.45378439e+02  1.20210814e+01 -2.99232600e-03 
 1.49623566e+02  1.20210814e+01 -3.07970350e-03 
 1.53992653e+02  1.20210814e+01 -3.16963246e-03 
 1.58489319e+02  1.20210814e+01 -3.26218740e-03 
 1.63117291e+02  1.20210814e+01 -3.35744499e-03 
 1.67880402e+02  1.20210814e+01 -3.45548415e-03 
 1.72782598e+02  1.20210814e+01 -3.55638611e-03 
 1.77827941e+02  1.20210814e+01 -3.66023446e-03 
 1.83020611e+02  1.20210814e+01 -3.76711523e-03 
 1.88364909e+02  1.20210814e+01 -3.87711698e-03 
 1.93865264e+02  1.20210814e+01 -3.99033084e-03 
 1.99526231e+02  1.20210814e+01 -4.10685060e-03 
 2.05352503e+02  1.20210814e+01 -4.22677280e-03 
 2.11348904e+02  1.20210814e+01 -4.35019680e-03 
 2.17520403e+02  1.20210814e+01 -4.47722483e-03 
 2.23872114e+02  1.20210814e+01 -4.60796216e-03 
 2.30409298e+02  1.20210813e+01 -4.74251708e-03 
 2.37137371e+02  1.20210813e+01 -4.88100107e-03 
 2.44061907e+02  1.20210813e+01 -5.02352887e-03 
 2.51188643e+02  1.20210813e+01 -5.17021856e-03 
 2.58523484e+02  1.20210813e+01 -5.32119167e-03 
 2.66072506e+02  1.20210813e+01 -5.47657326e-03 
 2.73841963e+02  1.20210813e+01 -5.63649209e-03 
 2.81838293e+02  1.20210813e+01 -5.80108062e-03 
 2.90068120e+02  1.20210813e+01 -5.97047523e-03 
 2.98538262e+02  1.20210813e+01 -6.14481625e-03 
 3.07255737e+02  1.20210813e+01 -6.32424811e-03 
 3.16227766e+02  1.20210813e+01 -6.50891948e-03 
 3.25461783e+02  1.20210813e+01 -6.69898336e-03 
 3.34965439e+02  1.20210813e+01 -6.89459719e-03 
 3.44746607e+02  1.20210813e+01 -7.09592306e-03 
 3.54813389e+02  1.20210813e+01 -7.30312774e-03 
 3.65174127e+02  1.20210813e+01 -7.51638291e-03 
 3.75837404e+02  1.20210813e+01 -7.73586524e-03 
 3.86812055e+02  1.20210812e+01 -7.96175657e-03 
 3.98107171e+02  1.20210812e+01 -8.19424404e-03 
 4.09732110e+02  1.20210812e+01 -8.43352027e-03 
 4.21696503e+02  1.20210812e+01 -8.67978349e-03 
 4.34010264e+02  1.20210812e+01 -8.93323773e-03 
 4.46683592e+02  1.20210812e+01 -9.19409296e-03 
 4.59726989e+02  1.20210812e+01 -9.46256530e-03 
 4.73151259e+02  1.20210812e+01 -9.73887717e-03 
 4.86967525e+02  1.20210812e+01 -1.00232575e-02 
 5.01187234e+02  1.20210811e+01 -1.03159419e-02 
 5.15822165e+02  1.20210811e+01 -1.06171728e-02 
 5.30884444e+02  1.20210811e+01 -1.09271998e-02 
 5.46386550e+02  1.20210811e+01 -1.12462797e-02 
 5.62341325e+02  1.20210811e+01 -1.15746770e-02 
 5.78761988e+02  1.20210811e+01 -1.19126636e-02 
 5.95662144e+02  1.20210810e+01 -1.22605196e-02 
 6.13055792e+02  1.20210810e+01 -1.26185332e-02 
 6.30957344e+02  1.20210810e+01 -1.29870010e-02 
 6.49381632e+02  1.20210810e+01 -1.33662282e-02 
 6.68343918e+02  1.20210809e+01 -1.37565290e-02 
 6.87859912e+02  1.20210809e+01 -1.41582268e-02 
 7.07945784e+02  1.20210809e+01 -1.45716544e-02 
 7.28618175e+02  1.20210809e+01 -1.49971543e-02 
 7.49894209e+02  1.20210808e+01 -1.54350791e-02 
 7.71791516e+02  1.20210808e+01 -1.58857914e-02 
 7.94328235e+02  1.20210808e+01 -1.63496648e-02 
 8.17523038e+02  1.20210807e+01 -1.68270835e-02 
 8.41395142e+02  1.20210807e+01 -1.73184430e-02 
 8.65964323e+02  1.20210806e+01 -1.78241505e-02 
 8.91250938e+02  1.20210806e+01 -1.83446250e-02 
 9.17275935e+02  1.20210805e+01 -1.88802975e-02 
 9.44060876e+02  1.20210805e+01 -1.94316119e-02 
 9.71627952e+02  1.20210804e+01 -1.99990250e-02 
 1.00000000e+03  1.20210804e+01 -2.05830069e-02 
 1.02920053e+03  1.20210803e+01 -2.11840413e-02 
 1.05925373e+03  1.20210803e+01 -2.18026262e-02 
 1.09018449e+03  1.20210802e+01 -2.24392740e-02 
 1.12201845e+03  1.20210801e+01 -2.30945123e-02 
 1.15478198e+03  1.20210800e+01 -2.37688839e-02 
 1.18850223e+03  1.20210800e+01 -2.44629474e-02 
 1.22320712e+03  1.20210799e+01 -2.51772780e-02 
 1.25892541e+03  1.20210798e+01 -2.59124673e-02 
 1.29568670e+03  1.20210797e+01 -2.66691245e-02 
 1.33352143e+03  1.20210796e+01 -2.74478764e-02 
 1.37246096e+03  1.20210795e+01 -2.82493683e-02 
 1.41253754e+03  1.20210794e+01 -2.90742640e-02 
 1.45378439e+03  1.20210792e+01 -2.99232472e-02 
 1.49623566e+03  1.20210791e+01 -3.07970210e-02 
 1.53992653e+03  1.20210790e+01 -3.16963093e-02 
 1.58489319e+03  1.20210788e+01 -3.26218573e-02 
 1.63117291e+03  1.20210787e+01 -3.35744317e-02 
 1.67880402e+03  1.20210785e+01 -3.45548217e-02 
 1.72782598e+03  1.20210784e+01 -3.55638395e-02 
 1.77827941e+03  1.20210782e+01 -3.66023211e-02 
 1.83020611e+03  1.20210780e+01 -3.76711267e-02 
 1.88364909e+03  1.20210778e+01 -3.87711419e-02 
 1.93865264e+03  1.20210776e+01 -3.99032779e-02 
 1.99526231e+03  1.20210773e+01 -4.10684728e-02 
 2.05352503e+03  1.20210771e+01 -4.22676918e-02 
 2.11348904e+03  1.20210768e+01 -4.35019285e-02 
 2.17520403e+03  1.20210766e+01 -4.47722053e-02 
 2.23872114e+03  1.20210763e+01 -4.60795746e-02 
 2.30409298e+03  1.20210760e+01 -4.74251196e-02 
 2.37137371e+03  1.20210757e+01 -4.88099549e-02 
 2.44061907e+03  1.20210753e+01 -5.02352279e-02 
 2.51188643e+03  1.20210750e+01 -5.17021193e-02 
 2.58523484e+03  1.20210746e+01 -5.32118444e-02 
 2.66072506e+03  1.20210742e+01 -5.47656538e-02 
 2.73841963e+03  1.20210737e+01 -5.63648349e-02 
 2.81838293e+03  1.20210733e+01 -5.80107125e-02 
 2.90068120e+03  1.20210728e+01 -5.97046501e-02 
 2.98538262e+03  1.20210723e+01 -6.14480511e-02 
 3.07255737e+03  1.20210718e+01 -6.32423597e-02 
 3.16227766e+03  1.20210712e+01 -6.50890625e-02 
 3.25461783e+03  1.20210706e+01 -6.69896893e-02 
 3.34965439e+03  1.20210699e+01 -6.89458146e-02 
 3.44746607e+03  1.20210693e+01 -7.09590591e-02 
 3.54813389e+03  1.20210685e+01 -7.30310905e-02 
 3.65174127e+03  1.20210678e+01 -7.51636253e-02 
 3.75837404e+03  1.20210670e+01 -7.73584302e-02 
 3.86812055e+03  1.20210661e+01 -7.96173235e-02 
 3.98107171e+03  1.20210652e+01 -8.19421764e-02 
 4.09732110e+03  1.20210643e+01 -8.43349149e-02 
 4.21696503e+03  1.20210632e+01 -8.67975211e-02 
 4.34010264e+03  1.20210622e+01 -8.93320351e-02 
 4.46683592e+03  1.20210610e+01 -9.19405566e-02 
 4.59726989e+03  1.20210598e+01 -9.46252463e-02 
 4.73151259e+03  1.20210585e+01 -9.73883284e-02 
 4.86967525e+03  1.20210572e+01 -1.00232092e-01 
 5.01187234e+03  1.20210558e+01 -1.03158892e-01 
 5.15822165e+03  1.20210542e+01 -1.06171153e-01 
 5.30884444e+03  1.20210526e+01 -1.09271372e-01 
 5.46386550e+03  1.20210509e+01 -1.12462115e-01 
 5.62341325e+03  1.20210491e+01 -1.15746026e-01 
 5.78761988e+03  1.20210472e+01 -1.19125825e-01 
 5.95662144e+03  1.20210452e+01 -1.22604312e-01 
 6.13055792e+03  1.20210430e+01 -1.26184368e-01 
 6.30957344e+03  1.20210408e+01 -1.29868958e-01 
 6.49381632e+03  1.20210383e+01 -1.33661136e-01 
 6.68343918e+03  1.20210358e+01 -1.37564041e-01 
 6.87859912e+03  1.20210331e+01 -1.41580906e-01 
 7.07945784e+03  1.20210302e+01 -1.45715060e-01 
 7.28618175e+03  1.20210272e+01 -1.49969925e-01 
 7.49894209e+03  1.20210240e+01 -1.54349026e-01 
 7.71791516e+03  1.20210206e+01 -1.58855990e-01 
 7.94328235e+03  1.20210170e+01 -1.63494550e-01 
 8.17523038e+03  1.20210132e+01 -1.68268548e-01 
 8.41395142e+03  1.20210091e+01 -1.73181937e-01 
 8.65964323e+03  1.20210048e+01 -1.78238788e-01 
 8.91250938e+03  1.20210003e+01 -1.83443287e-01 
 9.17275935e+03  1.20209955e+01 -1.88799745e-01 
 9.44060876e+03  1.20209904e+01 -1.94312598e-01 
 9.71627952e+03  1.20209850e+01 -1.99986412e-01 
 1.00000000e+04  1.20209793e+01 -2.05825884e-01 
 1.02920053e+04  1.20209733e+01 -2.11835850e-01 
 1.05925373e+04  1.20209668e+01 -2.18021288e-01 
 1.09018449e+04  1.20209601e+01 -2.24387318e-01 
 1.12201845e+04  1.20209529e+01 -2.30939212e-01 
 1.15478198e+04  1.20209453e+01 -2.37682395e-01 
 1.18850223e+04  1.20209372e+01 -2.44622449e-01 
 1.22320712e+04  1.20209286e+01 -2.51765121e-01 
 1.25892541e+04  1.20209196e+01 -2.59116323e-01 
 1.29568670e+04  1.20209100e+01 -2.66682142e-01 
 1.33352143e+04  1.20208998e+01 -2.74468841e-01 
 1.37246096e+04  1.20208891e+01 -2.82482864e-01 
 1.41253754e+04  1.20208777e+01 -2.90730846e-01 
 1.45378439e+04  1.20208656e+01 -2.99219614e-01 
 1.49623566e+04  1.20208528e+01 -3.07956192e-01 
 1.53992653e+04  1.20208393e+01 -3.16947812e-01 
 1.58489319e+04  1.20208250e+01 -3.26201914e-01 
 1.63117291e+04  1.20208098e+01 -3.35726156e-01 
 1.67880402e+04  1.20207937e+01 -3.45528418e-01 
 1.72782598e+04  1.20207766e+01 -3.55616811e-01 
 1.77827941e+04  1.20207586e+01 -3.65999679e-01 
 1.83020611e+04  1.20207394e+01 -3.76685614e-01 
 1.88364909e+04  1.20207192e+01 -3.87683452e-01 
 1.93865264e+04  1.20206977e+01 -3.99002291e-01 
 1.99526231e+04  1.20206750e+01 -4.10651490e-01 
 2.05352503e+04  1.20206509e+01 -4.22640683e-01 
 2.11348904e+04  1.20206254e+01 -4.34979782e-01 
 2.17520403e+04  1.20205984e+01 -4.47678988e-01 
 2.23872114e+04  1.20205698e+01 -4.60748798e-01 
 2.30409298e+04  1.20205395e+01 -4.74200015e-01 
 2.37137371e+04  1.20205074e+01 -4.88043753e-01 
 2.44061907e+04  1.20204734e+01 -5.02291452e-01 
 2.51188643e+04  1.20204373e+01 -5.16954881e-01 
 2.58523484e+04  1.20203992e+01 -5.32046152e-01 
 2.66072506e+04  1.20203588e+01 -5.47577728e-01 
 2.73841963e+04  1.20203160e+01 -5.63562433e-01 
 2.81838293e+04  1.20202706e+01 -5.80013462e-01 
 2.90068120e+04  1.20202226e+01 -5.96944394e-01 
 2.98538262e+04  1.20201717e+01 -6.14369197e-01 
 3.07255737e+04  1.20201178e+01 -6.32302247e-01 
 3.16227766e+04  1.20200608e+01 -6.50758333e-01 
 3.25461783e+04  1.20200003e+01 -6.69752674e-01 
 3.34965439e+04  1.20199363e+01 -6.89300924e-01 
 3.44746607e+04  1.20198685e+01 -7.09419194e-01 
 3.54813389e+04  1.20197966e+01 -7.30124056e-01 
 3.65174127e+04  1.20197205e+01 -7.51432559e-01 
 3.75837404e+04  1.20196399e+01 -7.73362245e-01 
 3.86812055e+04  1.20195546e+01 -7.95931159e-01 
 3.98107171e+04  1.20194642e+01 -8.19157865e-01 
 4.09732110e+04  1.20193684e+01 -8.43061460e-01 
 4.21696503e+04  1.20192670e+01 -8.67661589e-01 
 4.34010264e+04  1.20191595e+01 -8.92978459e-01 
 4.46683592e+04  1.20190457e+01 -9.19032856e-01 
 4.59726989e+04  1.20189252e+01 -9.45846159e-01 
 4.73151259e+04  1.20187976e+01 -9.73440358e-01 
 4.86967525e+04  1.20186624e+01 -1.00183807e+00 
 5.01187234e+04  1.20185192e+01 -1.03106255e+00 
 5.15822165e+04  1.20183675e+01 -1.06113773e+00 
 5.30884444e+04  1.20182069e+01 -1.09208820e+00 
 5.46386550e+04  1.20180367e+01 -1.12393926e+00 
 5.62341325e+04  1.20178565e+01 -1.15671693e+00 
 5.78761988e+04  1.20176657e+01 -1.19044794e+00 
 5.95662144e+04  1.20174636e+01 -1.22515980e+00 
 6.13055792e+04  1.20172495e+01 -1.26088077e+00 
 6.30957344e+04  1.20170228e+01 -1.29763993e+00 
 6.49381632e+04  1.20167827e+01 -1.33546714e+00 
 6.68343918e+04  1.20165284e+01 -1.37439312e+00 
 6.87859912e+04  1.20162591e+01 -1.41444942e+00 
 7.07945784e+04  1.20159740e+01 -1.45566849e+00 
 7.28618175e+04  1.20156719e+01 -1.49808366e+00 
 7.49894209e+04  1.20153521e+01 -1.54172918e+00 
 7.71791516e+04  1.20150134e+01 -1.58664024e+00 
 7.94328235e+04  1.20146547e+01 -1.63285299e+00 
 8.17523038e+04  1.20142749e+01 -1.68040458e+00 
 8.41395142e+04  1.20138726e+01 -1.72933314e+00 
 8.65964323e+04  1.20134467e+01 -1.77967785e+00 
 8.91250938e+04  1.20129957e+01 -1.83147893e+00 
 9.17275935e+04  1.20125181e+01 -1.88477768e+00 
 9.44060876e+04  1.20120125e+01 -1.93961649e+00 
 9.71627952e+04  1.20114770e+01 -1.99603888e+00 
 1.00000000e+05  1.20109101e+01 -2.05408950e+00 
 1.02920053e+05  1.20103099e+01 -2.11381416e+00 
 1.05925373e+05  1.20096743e+01 -2.17525987e+00 
 1.09018449e+05  1.20090015e+01 -2.23847483e+00 
 1.12201845e+05  1.20082892e+01 -2.30350847e+00 
 1.15478198e+05  1.20075350e+01 -2.37041147e+00 
 1.18850223e+05  1.20067367e+01 -2.43923578e+00 
 1.22320712e+05  1.20058915e+01 -2.51003460e+00 
 1.25892541e+05  1.20049969e+01 -2.58286248e+00 
 1.29568670e+05  1.20040500e+01 -2.65777524e+00 
 1.33352143e+05  1.20030476e+01 -2.73483006e+00 
 1.37246096e+05  1.20019867e+01 -2.81408545e+00 
 1.41253754e+05  1.20008639e+01 -2.89560128e+00 
 1.45378439e+05  1.19996755e+01 -2.97943877e+00 
 1.49623566e+05  1.19984179e+01 -3.06566053e+00 
 1.53992653e+05  1.19970871e+01 -3.15433052e+00 
 1.58489319e+05  1.19956789e+01 -3.24551410e+00 
 1.63117291e+05  1.19941889e+01 -3.33927798e+00 
 1.67880402e+05  1.19926125e+01 -3.43569025e+00 
 1.72782598e+05  1.19909447e+01 -3.53482036e+00 
 1.77827941e+05  1.19891804e+01 -3.63673909e+00 
 1.83020611e+05  1.19873141e+01 -3.74151858e+00 
 1.88364909e+05  1.19853401e+01 -3.84923223e+00 
 1.93865264e+05  1.19832524e+01 -3.95995475e+00 
 1.99526231e+05  1.19810446e+01 -4.07376208e+00 
 2.05352503e+05  1.19787100e+01 -4.19073136e+00 
 2.11348904e+05  1.19762416e+01 -4.31094087e+00 
 2.17520403e+05  1.19736321e+01 -4.43447002e+00 
 2.23872114e+05  1.19708735e+01 -4.56139921e+00 
 2.30409298e+05  1.19679579e+01 -4.69180982e+00 
 2.37137371e+05  1.19648766e+01 -4.82578412e+00 
 2.44061907e+05  1.19616206e+01 -4.96340515e+00 
 2.51188643e+05  1.19581806e+01 -5.10475662e+00 
 2.58523484e+05  1.19545467e+01 -5.24992282e+00 
 2.66072506e+05  1.19507085e+01 -5.39898849e+00 
 2.73841963e+05  1.19466553e+01 -5.55203863e+00 
 2.81838293e+05  1.19423757e+01 -5.70915842e+00 
 2.90068120e+05  1.19378580e+01 -5.87043299e+00 
 2.98538262e+05  1.19330898e+01 -6.03594728e+00 
 3.07255737e+05  1.19280583e+01 -6.20578580e+00 
 3.16227766e+05  1.19227501e+01 -6.38003243e+00 
 3.25461783e+05  1.19171513e+01 -6.55877020e+00 
 3.34965439e+05  1.19112474e+01 -6.74208103e+00 
 3.44746607e+05  1.19050234e+01 -6.93004542e+00 
 3.54813389e+05  1.18984638e+01 -7.12274224e+00 
 3.65174127e+05  1.18915523e+01 -7.32024834e+00 
 3.75837404e+05  1.18842723e+01 -7.52263829e+00 
 3.86812055e+05  1.18766066e+01 -7.72998399e+00 
 3.98107171e+05  1.18685375e+01 -7.94235433e+00 
 4.09732110e+05  1.18600467e+01 -8.15981480e+00 
 4.21696503e+05  1.18511155e+01 -8.38242710e+00 
 4.34010264e+05  1.18417247e+01 -8.61024873e+00 
 4.46683592e+05  1.18318548e+01 -8.84333257e+00 
 4.59726989e+05  1.18214858e+01 -9.08172641e+00 
 4.73151259e+05  1.18105973e+01 -9.32547256e+00 
 4.86967525e+05  1.17991689e+01 -9.57460736e+00 
 5.01187234e+05  1.17871798e+01 -9.82916075e+00 
 5.15822165e+05  1.17746092e+01 -1.00891558e+01 
 5.30884444e+05  1.17614360e+01 -1.03546083e+01 
 5.46386550e+05  1.17476395e+01 -1.06255264e+01 
 5.62341325e+05  1.17331990e+01 -1.09019099e+01 
 5.78761988e+05  1.17180942e+01 -1.11837504e+01 
 5.95662144e+05  1.17023049e+01 -1.14710304e+01 
 6.13055792e+05  1.16858120e+01 -1.17637234e+01 
 6.30957344e+05  1.16685965e+01 -1.20617935e+01 
 6.49381632e+05  1.16506408e+01 -1.23651952e+01 
 6.68343918e+05  1.16319282e+01 -1.26738733e+01 
 6.87859912e+05  1.16124430e+01 -1.29877629e+01 
 7.07945784e+05  1.15921713e+01 -1.33067895e+01 
 7.28618175e+05  1.15711008e+01 -1.36308693e+01 
 7.49894209e+05  1.15492209e+01 -1.39599091e+01 
 7.71791516e+05  1.15265234e+01 -1.42938072e+01 
 7.94328235e+05  1.15030022e+01 -1.46324536e+01 
 8.17523038e+05  1.14786540e+01 -1.49757312e+01 
 8.41395142e+05  1.14534782e+01 -1.53235161e+01 
 8.65964323e+05  1.14274774e+01 -1.56756792e+01 
 8.91250938e+05  1.14006575e+01 -1.60320873e+01 
 9.17275935e+05  1.13730281e+01 -1.63926043e+01 
 9.44060876e+05  1.13446023e+01 -1.67570932e+01 
 9.71627952e+05  1.13153977e+01 -1.71254177e+01 
 1.00000000e+06  1.12854356e+01 -1.74974443e+01 
 1.02920053e+06  1.12547422e+01 -1.78730447e+01 
 1.05925373e+06  1.12233481e+01 -1.82520978e+01 
 1.09018449e+06  1.11912887e+01 -1.86344924e+01 
 1.12201845e+06  1.11586041e+01 -1.90201304e+01 
 1.15478198e+06  1.11253396e+01 -1.94089288e+01 
 1.18850223e+06  1.10915455e+01 -1.98008236e+01 
 1.22320712e+06  1.10572769e+01 -2.01957721e+01 
 1.25892541e+06  1.10225940e+01 -2.05937566e+01 
 1.29568670e+06  1.09875622e+01 -2.09947875e+01 
 1.33352143e+06  1.09522513e+01 -2.13989063e+01 
 1.37246096e+06  1.09167363e+01 -2.18061893e+01 
 1.41253754e+06  1.08810965e+01 -2.22167502e+01 
 1.45378439e+06  1.08454155e+01 -2.26307437e+01 
 1.49623566e+06  1.08097811e+01 -2.30483685e+01 
 1.53992653e+06  1.07742848e+01 -2.34698701e+01 
 1.58489319e+06  1.07390218e+01 -2.38955434e+01 
 1.63117291e+06  1.07040903e+01 -2.43257358e+01 
 1.67880402e+06  1.06695914e+01 -2.47608496e+01 
 1.72782598e+06  1.06356285e+01 -2.52013439e+01 
 1.77827941e+06  1.06023073e+01 -2.56477372e+01 
 1.83020611e+06  1.05697349e+01 -2.61006092e+01 
 1.88364909e+06  1.05380200e+01 -2.65606026e+01 
 1.93865264e+06  1.05072719e+01 -2.70284251e+01 
 1.99526231e+06  1.04776005e+01 -2.75048505e+01 
 2.05352503e+06  1.04491161e+01 -2.79907207e+01 
 2.11348904e+06  1.04219284e+01 -2.84869470e+01 
 2.17520403e+06  1.03961469e+01 -2.89945117e+01 
 2.23872114e+06  1.03718801e+01 -2.95144698e+01 
 2.30409298e+06  1.03492355e+01 -3.00479504e+01 
 2.37137371e+06  1.03283191e+01 -3.05961592e+01 
 2.44061907e+06  1.03092353e+01 -3.11603805e+01 
 2.51188643e+06  1.02920864e+01 -3.17419795e+01 
 2.58523484e+06  1.02769730e+01 -3.23424061e+01 
 2.66072506e+06  1.02639927e+01 -3.29631974e+01 
 2.73841963e+06  1.02532410e+01 -3.36059829e+01 
 2.81838293e+06  1.02448102e+01 -3.42724887e+01 
 2.90068120e+06  1.02387893e+01 -3.49645431e+01 
 2.98538262e+06  1.02352637e+01 -3.56840836e+01 
 3.07255737e+06  1.02343146e+01 -3.64331638e+01 
 3.16227766e+06  1.02360185e+01 -3.72139622e+01 
 3.25461783e+06  1.02404465e+01 -3.80287917e+01 
 3.34965439e+06  1.02476630e+01 -3.88801104e+01 
 3.44746607e+06  1.02577251e+01 -3.97705339e+01 
 3.54813389e+06  1.02706806e+01 -4.07028485e+01 
 3.65174127e+06  1.02865668e+01 -4.16800260e+01 
 3.75837404e+06  1.03054078e+01 -4.27052398e+01 
 3.86812055e+06  1.03272118e+01 -4.37818821e+01 
 3.98107171e+06  1.03519681e+01 -4.49135826e+01 
 4.09732110e+06  1.03796429e+01 -4.61042274e+01 
 4.21696503e+06  1.04101742e+01 -4.73579788e+01 
 4.34010264e+06  1.04434661e+01 -4.86792953e+01 
 4.46683592e+06  1.04793816e+01 -5.00729496e+01 
 4.59726989e+06  1.05177341e+01 -5.15440461e+01 
 4.73151259e+06  1.05582774e+01 -5.30980331e+01 
 4.86967525e+06  1.06006938e+01 -5.47407103e+01 
 5.01187234e+06  1.06445803e+01 -5.64782276e+01 
 5.15822165e+06  1.06894329e+01 -5.83170712e+01 
 5.30884444e+06  1.07346279e+01 -6.02640336e+01 
 5.46386550e+06  1.07794021e+01 -6.23261604e+01 
 5.62341325e+06  1.08228303e+01 -6.45106685e+01 
 5.78761988e+06  1.08638017e+01 -6.68248260e+01 
 5.95662144e+06  1.09009958e+01 -6.92757861e+01 
 6.13055792e+06  1.09328592e+01 -7.18703658e+01 
 6.30957344e+06  1.09575860e+01 -7.46147606e+01 
 6.49381632e+06  1.09731042e+01 -7.75141899e+01 
 6.68343918e+06  1.09770724e+01 -8.05724727e+01 
 6.87859912e+06  1.09668916e+01 -8.37915416e+01 
 7.07945784e+06  1.09397360e+01 -8.71709162e+01 
 7.28618175e+06  1.08926096e+01 -9.07071693e+01 
 7.49894209e+06  1.08224293e+01 -9.43934404e+01 
 7.71791516e+06  1.07261370e+01 -9.82190631e+01 
 7.94328235e+06  1.06008365e+01 -1.02169381e+02 
 8.17523038e+06  1.04439459e+01 -1.06225825e+02 
 8.41395142e+06  1.02533526e+01 -1.10366304e+02 
 8.65964323e+06  1.00275529e+01 -1.14565914e+02 
 8.91250938e+06  9.76575753e+00 -1.18797941e+02 
 9.17275935e+06  9.46794862e+00 -1.23035056e+02 
 9.44060876e+06  9.13487893e+00 -1.27250573e+02 
 9.71627952e+06  8.76801324e+00 -1.31419651e+02 
 1.00000000e+07  8.36942138e+00 -1.35520274e+02 
 1.02920053e+07  7.94163796e+00 -1.39533963e+02 
 1.05925373e+07  7.48750740e+00 -1.43446149e+02 
 1.09018449e+07  7.01003149e+00 -1.47246242e+02 
 1.12201845e+07  6.51223340e+00 -1.50927443e+02 
 1.15478198e+07  5.99704650e+00 -1.54486361e+02 
 1.18850223e+07  5.46723161e+00 -1.57922526e+02 
 1.22320712e+07  4.92532189e+00 -1.61237854e+02 
 1.25892541e+07  4.37359226e+00 -1.64436116e+02 
 1.29568670e+07  3.81404839e+00 -1.67522455e+02 
 1.33352143e+07  3.24843044e+00 -1.70502961e+02 
 1.37246096e+07  2.67822689e+00 -1.73384315e+02 
 1.41253754e+07  2.10469456e+00 -1.76173507e+02 
 1.45378439e+07  1.52888191e+00 -1.78877611e+02 
 1.49623566e+07  9.51653254e-01 -1.81503620e+02 
 1.53992653e+07  3.73712614e-01 -1.84058325e+02 
 1.58489319e+07 -2.04373890e-01 -1.86548229e+02 
 1.63117291e+07 -7.82157552e-01 -1.88979496e+02 
 1.67880402e+07 -1.35928876e+00 -1.91357917e+02 
 1.72782598e+07 -1.93550087e+00 -1.93688894e+02 
 1.77827941e+07 -2.51059617e+00 -1.95977438e+02 
 1.83020611e+07 -3.08443381e+00 -1.98228173e+02 
 1.88364909e+07 -3.65691949e+00 -2.00445346e+02 
 1.93865264e+07 -4.22799668e+00 -2.02632845e+02 
 1.99526231e+07 -4.79763919e+00 -2.04794210e+02 
 2.05352503e+07 -5.36584494e+00 -2.06932658e+02 
 2.11348904e+07 -5.93263071e+00 -2.09051094e+02 
 2.17520403e+07 -6.49802773e+00 -2.11152135e+02 
 2.23872114e+07 -7.06207801e+00 -2.13238122e+02 
 2.30409298e+07 -7.62483127e+00 -2.15311140e+02 
 2.37137371e+07 -8.18634239e+00 -2.17373034e+02 
 2.44061907e+07 -8.74666927e+00 -2.19425419e+02 
 2.51188643e+07 -9.30587110e+00 -2.21469699e+02 
 2.58523484e+07 -9.86400688e+00 -2.23507077e+02 
 2.66072506e+07 -1.04211343e+01 -2.25538568e+02 
 2.73841963e+07 -1.09773086e+01 -2.27565010e+02 
 2.81838293e+07 -1.15325821e+01 -2.29587072e+02 
 2.90068120e+07 -1.20870034e+01 -2.31605268e+02 
 2.98538262e+07 -1.26406167e+01 -2.33619966e+02 
 3.07255737e+07 -1.31934620e+01 -2.35631393e+02 
 3.16227766e+07 -1.37455743e+01 -2.37639647e+02 
 3.25461783e+07 -1.42969838e+01 -2.39644707e+02 
 3.34965439e+07 -1.48477159e+01 -2.41646437e+02 
 3.44746607e+07 -1.53977908e+01 -2.43644596e+02 
 3.54813389e+07 -1.59472239e+01 -2.45638847e+02 
 3.65174127e+07 -1.64960263e+01 -2.47628763e+02 
 3.75837404e+07 -1.70442040e+01 -2.49613836e+02 
 3.86812055e+07 -1.75917593e+01 -2.51593484e+02 
 3.98107171e+07 -1.81386901e+01 -2.53567058e+02 
 4.09732110e+07 -1.86849911e+01 -2.55533853e+02 
 4.21696503e+07 -1.92306533e+01 -2.57493110e+02 
 4.34010264e+07 -1.97756651e+01 -2.59444028e+02 
 4.46683592e+07 -2.03200123e+01 -2.61385767e+02 
 4.59726989e+07 -2.08636786e+01 -2.63317461e+02 
 4.73151259e+07 -2.14066458e+01 -2.65238220e+02 
 4.86967525e+07 -2.19488948e+01 -2.67147138e+02 
 5.01187234e+07 -2.24904053e+01 -2.69043302e+02 
 5.15822165e+07 -2.30311566e+01 -2.70925795e+02 
 5.30884444e+07 -2.35711279e+01 -2.72793705e+02 
 5.46386550e+07 -2.41102986e+01 -2.74646127e+02 
 5.62341325e+07 -2.46486486e+01 -2.76482175e+02 
 5.78761988e+07 -2.51861588e+01 -2.78300978e+02 
 5.95662144e+07 -2.57228111e+01 -2.80101694e+02 
 6.13055792e+07 -2.62585890e+01 -2.81883509e+02 
 6.30957344e+07 -2.67934773e+01 -2.83645641e+02 
 6.49381632e+07 -2.73274629e+01 -2.85387345e+02 
 6.68343918e+07 -2.78605343e+01 -2.87107916e+02 
 6.87859912e+07 -2.83926822e+01 -2.88806691e+02 
 7.07945784e+07 -2.89238995e+01 -2.90483051e+02 
 7.28618175e+07 -2.94541810e+01 -2.92136426e+02 
 7.49894209e+07 -2.99835239e+01 -2.93766289e+02 
 7.71791516e+07 -3.05119274e+01 -2.95372167e+02 
 7.94328235e+07 -3.10393930e+01 -2.96953631e+02 
 8.17523038e+07 -3.15659239e+01 -2.98510306e+02 
 8.41395142e+07 -3.20915258e+01 -3.00041865e+02 
 8.65964323e+07 -3.26162059e+01 -3.01548029e+02 
 8.91250938e+07 -3.31399733e+01 -3.03028570e+02 
 9.17275935e+07 -3.36628388e+01 -3.04483305e+02 
 9.44060876e+07 -3.41848147e+01 -3.05912099e+02 
 9.71627952e+07 -3.47059147e+01 -3.07314863e+02 
 1.00000000e+08 -3.52261537e+01 -3.08691550e+02 
 1.02920053e+08 -3.57455480e+01 -3.10042156e+02 
 1.05925373e+08 -3.62641144e+01 -3.11366716e+02 
 1.09018449e+08 -3.67818708e+01 -3.12665305e+02 
 1.12201845e+08 -3.72988359e+01 -3.13938034e+02 
 1.15478198e+08 -3.78150288e+01 -3.15185049e+02 
 1.18850223e+08 -3.83304690e+01 -3.16406526e+02 
 1.22320712e+08 -3.88451763e+01 -3.17602674e+02 
 1.25892541e+08 -3.93591708e+01 -3.18773729e+02 
 1.29568670e+08 -3.98724726e+01 -3.19919954e+02 
 1.33352143e+08 -4.03851017e+01 -3.21041636e+02 
 1.37246096e+08 -4.08970782e+01 -3.22139084e+02 
 1.41253754e+08 -4.14084216e+01 -3.23212627e+02 
 1.45378439e+08 -4.19191514e+01 -3.24262615e+02 
 1.49623566e+08 -4.24292866e+01 -3.25289412e+02 
 1.53992653e+08 -4.29388459e+01 -3.26293398e+02 
 1.58489319e+08 -4.34478473e+01 -3.27274967e+02 
 1.63117291e+08 -4.39563083e+01 -3.28234525e+02 
 1.67880402e+08 -4.44642459e+01 -3.29172488e+02 
 1.72782598e+08 -4.49716762e+01 -3.30089281e+02 
 1.77827941e+08 -4.54786149e+01 -3.30985337e+02 
 1.83020611e+08 -4.59850768e+01 -3.31861096e+02 
 1.88364909e+08 -4.64910759e+01 -3.32717002e+02 
 1.93865264e+08 -4.69966255e+01 -3.33553504e+02 
 1.99526231e+08 -4.75017382e+01 -3.34371056e+02 
 2.05352503e+08 -4.80064255e+01 -3.35170113e+02 
 2.11348904e+08 -4.85106983e+01 -3.35951131e+02 
 2.17520403e+08 -4.90145666e+01 -3.36714569e+02 
 2.23872114e+08 -4.95180394e+01 -3.37460884e+02 
 2.30409298e+08 -5.00211249e+01 -3.38190534e+02 
 2.37137371e+08 -5.05238305e+01 -3.38903977e+02 
 2.44061907e+08 -5.10261625e+01 -3.39601667e+02 
 2.51188643e+08 -5.15281265e+01 -3.40284058e+02 
 2.58523484e+08 -5.20297271e+01 -3.40951603e+02 
 2.66072506e+08 -5.25309679e+01 -3.41604749e+02 
 2.73841963e+08 -5.30318517e+01 -3.42243943e+02 
 2.81838293e+08 -5.35323802e+01 -3.42869628e+02 
 2.90068120e+08 -5.40325543e+01 -3.43482245e+02 
 2.98538262e+08 -5.45323738e+01 -3.44082231e+02 
 3.07255737e+08 -5.50318377e+01 -3.44670019e+02 
 3.16227766e+08 -5.55309439e+01 -3.45246038e+02 
 3.25461783e+08 -5.60296892e+01 -3.45810717e+02 
 3.34965439e+08 -5.65280697e+01 -3.46364478e+02 
 3.44746607e+08 -5.70260802e+01 -3.46907740e+02 
 3.54813389e+08 -5.75237146e+01 -3.47440922e+02 
 3.65174127e+08 -5.80209656e+01 -3.47964435e+02 
 3.75837404e+08 -5.85178251e+01 -3.48478691e+02 
 3.86812055e+08 -5.90142837e+01 -3.48984097e+02 
 3.98107171e+08 -5.95103308e+01 -3.49481058e+02 
 4.09732110e+08 -6.00059550e+01 -3.49969977e+02 
 4.21696503e+08 -6.05011434e+01 -3.50451253e+02 
 4.34010264e+08 -6.09958821e+01 -3.50925286e+02 
 4.46683592e+08 -6.14901560e+01 -3.51392470e+02 
 4.59726989e+08 -6.19839488e+01 -3.51853203e+02 
 4.73151259e+08 -6.24772428e+01 -3.52307877e+02 
 4.86967525e+08 -6.29700191e+01 -3.52756887e+02 
 5.01187234e+08 -6.34622575e+01 -3.53200625e+02 
 5.15822165e+08 -6.39539366e+01 -3.53639484e+02 
 5.30884444e+08 -6.44450335e+01 -3.54073859e+02 
 5.46386550e+08 -6.49355238e+01 -3.54504142e+02 
 5.62341325e+08 -6.54253819e+01 -3.54930730e+02 
 5.78761988e+08 -6.59145808e+01 -3.55354020e+02 
 5.95662144e+08 -6.64030918e+01 -3.55774411e+02 
 6.13055792e+08 -6.68908849e+01 -3.56192305e+02 
 6.30957344e+08 -6.73779287e+01 -3.56608107e+02 
 6.49381632e+08 -6.78641900e+01 -3.57022224e+02 
 6.68343918e+08 -6.83496345e+01 -3.57435069e+02 
 6.87859912e+08 -6.88342259e+01 -3.57847059e+02 
 7.07945784e+08 -6.93179267e+01 -3.58258614e+02 
 7.28618175e+08 -6.98006977e+01 -3.58670161e+02 
 7.49894209e+08 -7.02824984e+01 -3.59082132e+02 
 7.71791516e+08 -7.07632866e+01 -3.59494966e+02 
 7.94328235e+08 -7.12430186e+01 -3.59909107e+02 
 8.17523038e+08 -7.17216493e+01 -3.60325006e+02 
 8.41395142e+08 -7.21991322e+01 -3.60743122e+02 
 8.65964323e+08 -7.26754195e+01 -3.61163920e+02 
 8.91250938e+08 -7.31504618e+01 -3.61587875e+02 
 9.17275935e+08 -7.36242086e+01 -3.62015467e+02 
 9.44060876e+08 -7.40966084e+01 -3.62447185e+02 
 9.71627952e+08 -7.45676081e+01 -3.62883525e+02 
 1.00000000e+09 -7.50371540e+01 -3.63324992e+02 
