 frequency       onoise_spectrum inoise_spectrum
 1.00000000e+00  1.29990267e-05  4.06994393e-07 
 1.02329299e+00  1.28659442e-05  4.02827633e-07 
 1.04712855e+00  1.27342440e-05  3.98704151e-07 
 1.07151931e+00  1.26039115e-05  3.94623491e-07 
 1.09647820e+00  1.24749323e-05  3.90585202e-07 
 1.12201845e+00  1.23472920e-05  3.86588837e-07 
 1.14815362e+00  1.22209767e-05  3.82633955e-07 
 1.17489755e+00  1.20959724e-05  3.78720118e-07 
 1.20226443e+00  1.19722652e-05  3.74846895e-07 
 1.23026877e+00  1.18498415e-05  3.71013857e-07 
 1.25892541e+00  1.17286877e-05  3.67220581e-07 
 1.28824955e+00  1.16087906e-05  3.63466650e-07 
 1.31825674e+00  1.14901369e-05  3.59751648e-07 
 1.34896288e+00  1.13727135e-05  3.56075167e-07 
 1.38038426e+00  1.12565074e-05  3.52436801e-07 
 1.41253754e+00  1.11415059e-05  3.48836149e-07 
 1.44543977e+00  1.10276962e-05  3.45272814e-07 
 1.47910839e+00  1.09150659e-05  3.41746404e-07 
 1.51356125e+00  1.08036026e-05  3.38256531e-07 
 1.54881662e+00  1.06932939e-05  3.34802810e-07 
 1.58489319e+00  1.05841278e-05  3.31384863e-07 
 1.62181010e+00  1.04760923e-05  3.28002311e-07 
 1.65958691e+00  1.03691753e-05  3.24654785e-07 
 1.69824365e+00  1.02633653e-05  3.21341916e-07 
 1.73780083e+00  1.01586506e-05  3.18063339e-07 
 1.77827941e+00  1.00550197e-05  3.14818696e-07 
 1.81970086e+00  9.95246115e-06  3.11607628e-07 
 1.86208714e+00  9.85096376e-06  3.08429785e-07 
 1.90546072e+00  9.75051637e-06  3.05284817e-07 
 1.94984460e+00  9.65110797e-06  3.02172379e-07 
 1.99526231e+00  9.55272765e-06  2.99092130e-07 
 2.04173794e+00  9.45536464e-06  2.96043733e-07 
 2.08929613e+00  9.35900825e-06  2.93026852e-07 
 2.13796209e+00  9.26364793e-06  2.90041158e-07 
 2.18776162e+00  9.16927325e-06  2.87086324e-07 
 2.23872114e+00  9.07587385e-06  2.84162026e-07 
 2.29086765e+00  8.98343953e-06  2.81267944e-07 
 2.34422882e+00  8.89196017e-06  2.78403761e-07 
 2.39883292e+00  8.80142576e-06  2.75569165e-07 
 2.45470892e+00  8.71182640e-06  2.72763844e-07 
 2.51188643e+00  8.62315230e-06  2.69987493e-07 
 2.57039578e+00  8.53539376e-06  2.67239808e-07 
 2.63026799e+00  8.44854121e-06  2.64520489e-07 
 2.69153480e+00  8.36258515e-06  2.61829239e-07 
 2.75422870e+00  8.27751620e-06  2.59165763e-07 
 2.81838293e+00  8.19332508e-06  2.56529773e-07 
 2.88403150e+00  8.11000261e-06  2.53920979e-07 
 2.95120923e+00  8.02753968e-06  2.51339097e-07 
 3.01995172e+00  7.94592732e-06  2.48783846e-07 
 3.09029543e+00  7.86515663e-06  2.46254948e-07 
 3.16227766e+00  7.78521880e-06  2.43752126e-07 
 3.23593657e+00  7.70610513e-06  2.41275108e-07 
 3.31131121e+00  7.62780701e-06  2.38823625e-07 
 3.38844156e+00  7.55031590e-06  2.36397409e-07 
 3.46736850e+00  7.47362338e-06  2.33996197e-07 
 3.54813389e+00  7.39772111e-06  2.31619727e-07 
 3.63078055e+00  7.32260083e-06  2.29267740e-07 
 3.71535229e+00  7.24825436e-06  2.26939982e-07 
 3.80189396e+00  7.17467365e-06  2.24636198e-07 
 3.89045145e+00  7.10185067e-06  2.22356140e-07 
 3.98107171e+00  7.02977754e-06  2.20099559e-07 
 4.07380278e+00  6.95844642e-06  2.17866209e-07 
 4.16869383e+00  6.88784956e-06  2.15655850e-07 
 4.26579519e+00  6.81797932e-06  2.13468240e-07 
 4.36515832e+00  6.74882810e-06  2.11303143e-07 
 4.46683592e+00  6.68038842e-06  2.09160323e-07 
 4.57088190e+00  6.61265284e-06  2.07039549e-07 
 4.67735141e+00  6.54561403e-06  2.04940590e-07 
 4.78630092e+00  6.47926473e-06  2.02863220e-07 
 4.89778819e+00  6.41359776e-06  2.00807213e-07 
 5.01187234e+00  6.34860599e-06  1.98772346e-07 
 5.12861384e+00  6.28428240e-06  1.96758400e-07 
 5.24807460e+00  6.22062002e-06  1.94765156e-07 
 5.37031796e+00  6.15761197e-06  1.92792399e-07 
 5.49540874e+00  6.09525145e-06  1.90839916e-07 
 5.62341325e+00  6.03353169e-06  1.88907495e-07 
 5.75439937e+00  5.97244604e-06  1.86994927e-07 
 5.88843655e+00  5.91198790e-06  1.85102006e-07 
 6.02559586e+00  5.85215073e-06  1.83228528e-07 
 6.16595002e+00  5.79292808e-06  1.81374290e-07 
 6.30957344e+00  5.73431355e-06  1.79539093e-07 
 6.45654229e+00  5.67630083e-06  1.77722737e-07 
 6.60693448e+00  5.61888364e-06  1.75925028e-07 
 6.76082975e+00  5.56205581e-06  1.74145771e-07 
 6.91830971e+00  5.50581120e-06  1.72384774e-07 
 7.07945784e+00  5.45014375e-06  1.70641849e-07 
 7.24435960e+00  5.39504748e-06  1.68916806e-07 
 7.41310241e+00  5.34051643e-06  1.67209460e-07 
 7.58577575e+00  5.28654475e-06  1.65519628e-07 
 7.76247117e+00  5.23312662e-06  1.63847128e-07 
 7.94328235e+00  5.18025630e-06  1.62191779e-07 
 8.12830516e+00  5.12792810e-06  1.60553404e-07 
 8.31763771e+00  5.07613639e-06  1.58931826e-07 
 8.51138038e+00  5.02487560e-06  1.57326871e-07 
 8.70963590e+00  4.97414023e-06  1.55738366e-07 
 8.91250938e+00  4.92392483e-06  1.54166142e-07 
 9.12010839e+00  4.87422401e-06  1.52610029e-07 
 9.33254301e+00  4.82503242e-06  1.51069859e-07 
 9.54992586e+00  4.77634478e-06  1.49545469e-07 
 9.77237221e+00  4.72815589e-06  1.48036694e-07 
 1.00000000e+01  4.68046055e-06  1.46543372e-07 
 1.02329299e+01  4.63325367e-06  1.45065343e-07 
 1.04712855e+01  4.58653018e-06  1.43602449e-07 
 1.07151931e+01  4.54028507e-06  1.42154533e-07 
 1.09647820e+01  4.49451339e-06  1.40721439e-07 
 1.12201845e+01  4.44921024e-06  1.39303016e-07 
 1.14815362e+01  4.40437077e-06  1.37899110e-07 
 1.17489755e+01  4.35999018e-06  1.36509571e-07 
 1.20226443e+01  4.31606371e-06  1.35134250e-07 
 1.23026877e+01  4.27258667e-06  1.33773001e-07 
 1.25892541e+01  4.22955442e-06  1.32425679e-07 
 1.28824955e+01  4.18696235e-06  1.31092138e-07 
 1.31825674e+01  4.14480591e-06  1.29772236e-07 
 1.34896288e+01  4.10308059e-06  1.28465833e-07 
 1.38038426e+01  4.06178194e-06  1.27172789e-07 
 1.41253754e+01  4.02090556e-06  1.25892965e-07 
 1.44543977e+01  3.98044707e-06  1.24626226e-07 
 1.47910839e+01  3.94040216e-06  1.23372436e-07 
 1.51356125e+01  3.90076656e-06  1.22131461e-07 
 1.54881662e+01  3.86153605e-06  1.20903169e-07 
 1.58489319e+01  3.82270643e-06  1.19687429e-07 
 1.62181010e+01  3.78427357e-06  1.18484111e-07 
 1.65958691e+01  3.74623338e-06  1.17293088e-07 
 1.69824365e+01  3.70858181e-06  1.16114232e-07 
 1.73780083e+01  3.67131484e-06  1.14947418e-07 
 1.77827941e+01  3.63442851e-06  1.13792521e-07 
 1.81970086e+01  3.59791889e-06  1.12649420e-07 
 1.86208714e+01  3.56178210e-06  1.11517991e-07 
 1.90546072e+01  3.52601430e-06  1.10398115e-07 
 1.94984460e+01  3.49061168e-06  1.09289673e-07 
 1.99526231e+01  3.45557049e-06  1.08192547e-07 
 2.04173794e+01  3.42088699e-06  1.07106621e-07 
 2.08929613e+01  3.38655750e-06  1.06031778e-07 
 2.13796209e+01  3.35257839e-06  1.04967905e-07 
 2.18776162e+01  3.31894603e-06  1.03914890e-07 
 2.23872114e+01  3.28565686e-06  1.02872619e-07 
 2.29086765e+01  3.25270736e-06  1.01840983e-07 
 2.34422882e+01  3.22009402e-06  1.00819872e-07 
 2.39883292e+01  3.18781338e-06  9.98091782e-08 
 2.45470892e+01  3.15586203e-06  9.88087941e-08 
 2.51188643e+01  3.12423658e-06  9.78186137e-08 
 2.57039578e+01  3.09293368e-06  9.68385321e-08 
 2.63026799e+01  3.06195001e-06  9.58684457e-08 
 2.69153480e+01  3.03128229e-06  9.49082516e-08 
 2.75422870e+01  3.00092728e-06  9.39578482e-08 
 2.81838293e+01  2.97088177e-06  9.30171350e-08 
 2.88403150e+01  2.94114257e-06  9.20860124e-08 
 2.95120923e+01  2.91170654e-06  9.11643819e-08 
 3.01995172e+01  2.88257057e-06  9.02521462e-08 
 3.09029543e+01  2.85373158e-06  8.93492089e-08 
 3.16227766e+01  2.82518652e-06  8.84554744e-08 
 3.23593657e+01  2.79693238e-06  8.75708485e-08 
 3.31131121e+01  2.76896618e-06  8.66952376e-08 
 3.38844156e+01  2.74128495e-06  8.58285494e-08 
 3.46736850e+01  2.71388579e-06  8.49706924e-08 
 3.54813389e+01  2.68676579e-06  8.41215760e-08 
 3.63078055e+01  2.65992210e-06  8.32811108e-08 
 3.71535229e+01  2.63335190e-06  8.24492081e-08 
 3.80189396e+01  2.60705236e-06  8.16257801e-08 
 3.89045145e+01  2.58102074e-06  8.08107402e-08 
 3.98107171e+01  2.55525428e-06  8.00040024e-08 
 4.07380278e+01  2.52975026e-06  7.92054818e-08 
 4.16869383e+01  2.50450601e-06  7.84150943e-08 
 4.26579519e+01  2.47951887e-06  7.76327567e-08 
 4.36515832e+01  2.45478620e-06  7.68583867e-08 
 4.46683592e+01  2.43030541e-06  7.60919028e-08 
 4.57088190e+01  2.40607391e-06  7.53332243e-08 
 4.67735141e+01  2.38208917e-06  7.45822716e-08 
 4.78630092e+01  2.35834866e-06  7.38389656e-08 
 4.89778819e+01  2.33484989e-06  7.31032283e-08 
 5.01187234e+01  2.31159039e-06  7.23749824e-08 
 5.12861384e+01  2.28856770e-06  7.16541513e-08 
 5.24807460e+01  2.26577943e-06  7.09406595e-08 
 5.37031796e+01  2.24322317e-06  7.02344319e-08 
 5.49540874e+01  2.22089656e-06  6.95353946e-08 
 5.62341325e+01  2.19879726e-06  6.88434741e-08 
 5.75439937e+01  2.17692294e-06  6.81585979e-08 
 5.88843655e+01  2.15527132e-06  6.74806942e-08 
 6.02559586e+01  2.13384012e-06  6.68096918e-08 
 6.16595002e+01  2.11262710e-06  6.61455207e-08 
 6.30957344e+01  2.09163004e-06  6.54881110e-08 
 6.45654229e+01  2.07084674e-06  6.48373940e-08 
 6.60693448e+01  2.05027502e-06  6.41933015e-08 
 6.76082975e+01  2.02991272e-06  6.35557661e-08 
 6.91830971e+01  2.00975773e-06  6.29247212e-08 
 7.07945784e+01  1.98980792e-06  6.23001006e-08 
 7.24435960e+01  1.97006121e-06  6.16818390e-08 
 7.41310241e+01  1.95051554e-06  6.10698719e-08 
 7.58577575e+01  1.93116887e-06  6.04641351e-08 
 7.76247117e+01  1.91201917e-06  5.98645655e-08 
 7.94328235e+01  1.89306443e-06  5.92711004e-08 
 8.12830516e+01  1.87430269e-06  5.86836777e-08 
 8.31763771e+01  1.85573199e-06  5.81022362e-08 
 8.51138038e+01  1.83735037e-06  5.75267152e-08 
 8.70963590e+01  1.81915593e-06  5.69570545e-08 
 8.91250938e+01  1.80114677e-06  5.63931948e-08 
 9.12010839e+01  1.78332101e-06  5.58350772e-08 
 9.33254301e+01  1.76567678e-06  5.52826435e-08 
 9.54992586e+01  1.74821226e-06  5.47358361e-08 
 9.77237221e+01  1.73092561e-06  5.41945981e-08 
 1.00000000e+02  1.71381504e-06  5.36588730e-08 
 1.02329299e+02  1.69687877e-06  5.31286051e-08 
 1.04712855e+02  1.68011503e-06  5.26037390e-08 
 1.07151931e+02  1.66352208e-06  5.20842202e-08 
 1.09647820e+02  1.64709818e-06  5.15699946e-08 
 1.12201845e+02  1.63084164e-06  5.10610086e-08 
 1.14815362e+02  1.61475075e-06  5.05572093e-08 
 1.17489755e+02  1.59882385e-06  5.00585443e-08 
 1.20226443e+02  1.58305927e-06  4.95649617e-08 
 1.23026877e+02  1.56745539e-06  4.90764103e-08 
 1.25892541e+02  1.55201057e-06  4.85928392e-08 
 1.28824955e+02  1.53672322e-06  4.81141982e-08 
 1.31825674e+02  1.52159174e-06  4.76404376e-08 
 1.34896288e+02  1.50661456e-06  4.71715081e-08 
 1.38038426e+02  1.49179013e-06  4.67073611e-08 
 1.41253754e+02  1.47711691e-06  4.62479485e-08 
 1.44543977e+02  1.46259338e-06  4.57932224e-08 
 1.47910839e+02  1.44821802e-06  4.53431358e-08 
 1.51356125e+02  1.43398935e-06  4.48976419e-08 
 1.54881662e+02  1.41990590e-06  4.44566946e-08 
 1.58489319e+02  1.40596620e-06  4.40202480e-08 
 1.62181010e+02  1.39216880e-06  4.35882571e-08 
 1.65958691e+02  1.37851228e-06  4.31606770e-08 
 1.69824365e+02  1.36499523e-06  4.27374634e-08 
 1.73780083e+02  1.35161624e-06  4.23185724e-08 
 1.77827941e+02  1.33837392e-06  4.19039608e-08 
 1.81970086e+02  1.32526691e-06  4.14935855e-08 
 1.86208714e+02  1.31229384e-06  4.10874041e-08 
 1.90546072e+02  1.29945339e-06  4.06853746e-08 
 1.94984460e+02  1.28674421e-06  4.02874553e-08 
 1.99526231e+02  1.27416499e-06  3.98936050e-08 
 2.04173794e+02  1.26171444e-06  3.95037832e-08 
 2.08929613e+02  1.24939126e-06  3.91179493e-08 
 2.13796209e+02  1.23719418e-06  3.87360637e-08 
 2.18776162e+02  1.22512193e-06  3.83580867e-08 
 2.23872114e+02  1.21317329e-06  3.79839793e-08 
 2.29086765e+02  1.20134700e-06  3.76137029e-08 
 2.34422882e+02  1.18964184e-06  3.72472193e-08 
 2.39883292e+02  1.17805661e-06  3.68844905e-08 
 2.45470892e+02  1.16659012e-06  3.65254792e-08 
 2.51188643e+02  1.15524117e-06  3.61701482e-08 
 2.57039578e+02  1.14400860e-06  3.58184609e-08 
 2.63026799e+02  1.13289124e-06  3.54703811e-08 
 2.69153480e+02  1.12188796e-06  3.51258727e-08 
 2.75422870e+02  1.11099761e-06  3.47849003e-08 
 2.81838293e+02  1.10021907e-06  3.44474287e-08 
 2.88403150e+02  1.08955123e-06  3.41134230e-08 
 2.95120923e+02  1.07899300e-06  3.37828490e-08 
 3.01995172e+02  1.06854327e-06  3.34556724e-08 
 3.09029543e+02  1.05820098e-06  3.31318596e-08 
 3.16227766e+02  1.04796507e-06  3.28113772e-08 
 3.23593657e+02  1.03783446e-06  3.24941922e-08 
 3.31131121e+02  1.02780813e-06  3.21802720e-08 
 3.38844156e+02  1.01788504e-06  3.18695841e-08 
 3.46736850e+02  1.00806417e-06  3.15620966e-08 
 3.54813389e+02  9.98344497e-07  3.12577778e-08 
 3.63078055e+02  9.88725035e-07  3.09565964e-08 
 3.71535229e+02  9.79204788e-07  3.06585215e-08 
 3.80189396e+02  9.69782776e-07  3.03635222e-08 
 3.89045145e+02  9.60458031e-07  3.00715684e-08 
 3.98107171e+02  9.51229593e-07  2.97826299e-08 
 4.07380278e+02  9.42096512e-07  2.94966770e-08 
 4.16869383e+02  9.33057849e-07  2.92136803e-08 
 4.26579519e+02  9.24112674e-07  2.89336107e-08 
 4.36515832e+02  9.15260068e-07  2.86564394e-08 
 4.46683592e+02  9.06499120e-07  2.83821379e-08 
 4.57088190e+02  8.97828929e-07  2.81106779e-08 
 4.67735141e+02  8.89248604e-07  2.78420317e-08 
 4.78630092e+02  8.80757263e-07  2.75761714e-08 
 4.89778819e+02  8.72354033e-07  2.73130700e-08 
 5.01187234e+02  8.64038050e-07  2.70527002e-08 
 5.12861384e+02  8.55808460e-07  2.67950353e-08 
 5.24807460e+02  8.47664416e-07  2.65400489e-08 
 5.37031796e+02  8.39605082e-07  2.62877148e-08 
 5.49540874e+02  8.31629630e-07  2.60380069e-08 
 5.62341325e+02  8.23737239e-07  2.57908997e-08 
 5.75439937e+02  8.15927100e-07  2.55463678e-08 
 5.88843655e+02  8.08198409e-07  2.53043860e-08 
 6.02559586e+02  8.00550372e-07  2.50649295e-08 
 6.16595002e+02  7.92982204e-07  2.48279736e-08 
 6.30957344e+02  7.85493126e-07  2.45934941e-08 
 6.45654229e+02  7.78082370e-07  2.43614668e-08 
 6.60693448e+02  7.70749173e-07  2.41318679e-08 
 6.76082975e+02  7.63492783e-07  2.39046737e-08 
 6.91830971e+02  7.56312453e-07  2.36798610e-08 
 7.07945784e+02  7.49207445e-07  2.34574067e-08 
 7.24435960e+02  7.42177029e-07  2.32372878e-08 
 7.41310241e+02  7.35220483e-07  2.30194817e-08 
 7.58577575e+02  7.28337092e-07  2.28039662e-08 
 7.76247117e+02  7.21526147e-07  2.25907189e-08 
 7.94328235e+02  7.14786948e-07  2.23797180e-08 
 8.12830516e+02  7.08118803e-07  2.21709418e-08 
 8.31763771e+02  7.01521026e-07  2.19643688e-08 
 8.51138038e+02  6.94992937e-07  2.17599778e-08 
 8.70963590e+02  6.88533866e-07  2.15577477e-08 
 8.91250938e+02  6.82143147e-07  2.13576577e-08 
 9.12010839e+02  6.75820124e-07  2.11596873e-08 
 9.33254301e+02  6.69564144e-07  2.09638160e-08 
 9.54992586e+02  6.63374564e-07  2.07700237e-08 
 9.77237221e+02  6.57250747e-07  2.05782905e-08 
 1.00000000e+03  6.51192061e-07  2.03885965e-08 
 1.02329299e+03  6.45197882e-07  2.02009223e-08 
 1.04712855e+03  6.39267593e-07  2.00152484e-08 
 1.07151931e+03  6.33400581e-07  1.98315558e-08 
 1.09647820e+03  6.27596242e-07  1.96498255e-08 
 1.12201845e+03  6.21853977e-07  1.94700388e-08 
 1.14815362e+03  6.16173192e-07  1.92921770e-08 
 1.17489755e+03  6.10553302e-07  1.91162219e-08 
 1.20226443e+03  6.04993726e-07  1.89421552e-08 
 1.23026877e+03  5.99493888e-07  1.87699590e-08 
 1.25892541e+03  5.94053222e-07  1.85996155e-08 
 1.28824955e+03  5.88671162e-07  1.84311069e-08 
 1.31825674e+03  5.83347153e-07  1.82644160e-08 
 1.34896288e+03  5.78080643e-07  1.80995255e-08 
 1.38038426e+03  5.72871086e-07  1.79364181e-08 
 1.41253754e+03  5.67717942e-07  1.77750771e-08 
 1.44543977e+03  5.62620677e-07  1.76154858e-08 
 1.47910839e+03  5.57578761e-07  1.74576274e-08 
 1.51356125e+03  5.52591670e-07  1.73014857e-08 
 1.54881662e+03  5.47658886e-07  1.71470444e-08 
 1.58489319e+03  5.42779896e-07  1.69942875e-08 
 1.62181010e+03  5.37954191e-07  1.68431989e-08 
 1.65958691e+03  5.33181269e-07  1.66937631e-08 
 1.69824365e+03  5.28460632e-07  1.65459644e-08 
 1.73780083e+03  5.23791787e-07  1.63997874e-08 
 1.77827941e+03  5.19174246e-07  1.62552168e-08 
 1.81970086e+03  5.14607527e-07  1.61122375e-08 
 1.86208714e+03  5.10091151e-07  1.59708346e-08 
 1.90546072e+03  5.05624644e-07  1.58309931e-08 
 1.94984460e+03  5.01207539e-07  1.56926985e-08 
 1.99526231e+03  4.96839371e-07  1.55559363e-08 
 2.04173794e+03  4.92519681e-07  1.54206920e-08 
 2.08929613e+03  4.88248015e-07  1.52869514e-08 
 2.13796209e+03  4.84023921e-07  1.51547005e-08 
 2.18776162e+03  4.79846954e-07  1.50239252e-08 
 2.23872114e+03  4.75716673e-07  1.48946118e-08 
 2.29086765e+03  4.71632640e-07  1.47667466e-08 
 2.34422882e+03  4.67594423e-07  1.46403160e-08 
 2.39883292e+03  4.63601593e-07  1.45153066e-08 
 2.45470892e+03  4.59653725e-07  1.43917051e-08 
 2.51188643e+03  4.55750399e-07  1.42694984e-08 
 2.57039578e+03  4.51891198e-07  1.41486735e-08 
 2.63026799e+03  4.48075711e-07  1.40292174e-08 
 2.69153480e+03  4.44303529e-07  1.39111174e-08 
 2.75422870e+03  4.40574248e-07  1.37943608e-08 
 2.81838293e+03  4.36887466e-07  1.36789351e-08 
 2.88403150e+03  4.33242788e-07  1.35648278e-08 
 2.95120923e+03  4.29639819e-07  1.34520267e-08 
 3.01995172e+03  4.26078171e-07  1.33405196e-08 
 3.09029543e+03  4.22557458e-07  1.32302944e-08 
 3.16227766e+03  4.19077297e-07  1.31213391e-08 
 3.23593657e+03  4.15637310e-07  1.30136420e-08 
 3.31131121e+03  4.12237122e-07  1.29071913e-08 
 3.38844156e+03  4.08876361e-07  1.28019753e-08 
 3.46736850e+03  4.05554659e-07  1.26979825e-08 
 3.54813389e+03  4.02271651e-07  1.25952016e-08 
 3.63078055e+03  3.99026975e-07  1.24936211e-08 
 3.71535229e+03  3.95820274e-07  1.23932300e-08 
 3.80189396e+03  3.92651191e-07  1.22940171e-08 
 3.89045145e+03  3.89519374e-07  1.21959714e-08 
 3.98107171e+03  3.86424475e-07  1.20990819e-08 
 4.07380278e+03  3.83366149e-07  1.20033380e-08 
 4.16869383e+03  3.80344051e-07  1.19087288e-08 
 4.26579519e+03  3.77357843e-07  1.18152437e-08 
 4.36515832e+03  3.74407187e-07  1.17228723e-08 
 4.46683592e+03  3.71491750e-07  1.16316040e-08 
 4.57088190e+03  3.68611200e-07  1.15414285e-08 
 4.67735141e+03  3.65765209e-07  1.14523356e-08 
 4.78630092e+03  3.62953451e-07  1.13643151e-08 
 4.89778819e+03  3.60175604e-07  1.12773569e-08 
 5.01187234e+03  3.57431346e-07  1.11914509e-08 
 5.12861384e+03  3.54720362e-07  1.11065874e-08 
 5.24807460e+03  3.52042335e-07  1.10227564e-08 
 5.37031796e+03  3.49396953e-07  1.09399482e-08 
 5.49540874e+03  3.46783907e-07  1.08581532e-08 
 5.62341325e+03  3.44202889e-07  1.07773616e-08 
 5.75439937e+03  3.41653593e-07  1.06975641e-08 
 5.88843655e+03  3.39135718e-07  1.06187511e-08 
 6.02559586e+03  3.36648963e-07  1.05409133e-08 
 6.16595002e+03  3.34193030e-07  1.04640414e-08 
 6.30957344e+03  3.31767623e-07  1.03881262e-08 
 6.45654229e+03  3.29372450e-07  1.03131585e-08 
 6.60693448e+03  3.27007218e-07  1.02391293e-08 
 6.76082975e+03  3.24671640e-07  1.01660295e-08 
 6.91830971e+03  3.22365427e-07  1.00938502e-08 
 7.07945784e+03  3.20088295e-07  1.00225826e-08 
 7.24435960e+03  3.17839962e-07  9.95221778e-09 
 7.41310241e+03  3.15620147e-07  9.88274706e-09 
 7.58577575e+03  3.13428571e-07  9.81416176e-09 
 7.76247117e+03  3.11264957e-07  9.74645326e-09 
 7.94328235e+03  3.09129031e-07  9.67961302e-09 
 8.12830516e+03  3.07020519e-07  9.61363255e-09 
 8.31763771e+03  3.04939151e-07  9.54850343e-09 
 8.51138038e+03  3.02884658e-07  9.48421729e-09 
 8.70963590e+03  3.00856772e-07  9.42076582e-09 
 8.91250938e+03  2.98855227e-07  9.35814079e-09 
 9.12010839e+03  2.96879760e-07  9.29633400e-09 
 9.33254301e+03  2.94930109e-07  9.23533731e-09 
 9.54992586e+03  2.93006013e-07  9.17514266e-09 
 9.77237221e+03  2.91107214e-07  9.11574203e-09 
 1.00000000e+04  2.89233453e-07  9.05712744e-09 
 1.02329299e+04  2.87384477e-07  8.99929099e-09 
 1.04712855e+04  2.85560030e-07  8.94222482e-09 
 1.07151931e+04  2.83759861e-07  8.88592112e-09 
 1.09647820e+04  2.81983718e-07  8.83037214e-09 
 1.12201845e+04  2.80231353e-07  8.77557018e-09 
 1.14815362e+04  2.78502517e-07  8.72150760e-09 
 1.17489755e+04  2.76796964e-07  8.66817678e-09 
 1.20226443e+04  2.75114449e-07  8.61557017e-09 
 1.23026877e+04  2.73454728e-07  8.56368029e-09 
 1.25892541e+04  2.71817559e-07  8.51249967e-09 
 1.28824955e+04  2.70202702e-07  8.46202092e-09 
 1.31825674e+04  2.68609917e-07  8.41223666e-09 
 1.34896288e+04  2.67038965e-07  8.36313961e-09 
 1.38038426e+04  2.65489610e-07  8.31472249e-09 
 1.41253754e+04  2.63961615e-07  8.26697810e-09 
 1.44543977e+04  2.62454748e-07  8.21989926e-09 
 1.47910839e+04  2.60968774e-07  8.17347884e-09 
 1.51356125e+04  2.59503461e-07  8.12770978e-09 
 1.54881662e+04  2.58058580e-07  8.08258505e-09 
 1.58489319e+04  2.56633899e-07  8.03809764e-09 
 1.62181010e+04  2.55229191e-07  7.99424064e-09 
 1.65958691e+04  2.53844228e-07  7.95100712e-09 
 1.69824365e+04  2.52478784e-07  7.90839025e-09 
 1.73780083e+04  2.51132633e-07  7.86638321e-09 
 1.77827941e+04  2.49805552e-07  7.82497924e-09 
 1.81970086e+04  2.48497318e-07  7.78417162e-09 
 1.86208714e+04  2.47207708e-07  7.74395366e-09 
 1.90546072e+04  2.45936501e-07  7.70431874e-09 
 1.94984460e+04  2.44683477e-07  7.66526025e-09 
 1.99526231e+04  2.43448416e-07  7.62677166e-09 
 2.04173794e+04  2.42231101e-07  7.58884645e-09 
 2.08929613e+04  2.41031315e-07  7.55147817e-09 
 2.13796209e+04  2.39848839e-07  7.51466039e-09 
 2.18776162e+04  2.38683460e-07  7.47838673e-09 
 2.23872114e+04  2.37534961e-07  7.44265087e-09 
 2.29086765e+04  2.36403129e-07  7.40744651e-09 
 2.34422882e+04  2.35287751e-07  7.37276739e-09 
 2.39883292e+04  2.34188614e-07  7.33860732e-09 
 2.45470892e+04  2.33105506e-07  7.30496013e-09 
 2.51188643e+04  2.32038216e-07  7.27181969e-09 
 2.57039578e+04  2.30986533e-07  7.23917994e-09 
 2.63026799e+04  2.29950248e-07  7.20703483e-09 
 2.69153480e+04  2.28929152e-07  7.17537838e-09 
 2.75422870e+04  2.27923035e-07  7.14420462e-09 
 2.81838293e+04  2.26931689e-07  7.11350766e-09 
 2.88403150e+04  2.25954908e-07  7.08328164e-09 
 2.95120923e+04  2.24992482e-07  7.05352072e-09 
 3.01995172e+04  2.24044207e-07  7.02421914e-09 
 3.09029543e+04  2.23109874e-07  6.99537115e-09 
 3.16227766e+04  2.22189279e-07  6.96697108e-09 
 3.23593657e+04  2.21282215e-07  6.93901326e-09 
 3.31131121e+04  2.20388476e-07  6.91149211e-09 
 3.38844156e+04  2.19507858e-07  6.88440205e-09 
 3.46736850e+04  2.18640155e-07  6.85773757e-09 
 3.54813389e+04  2.17785161e-07  6.83149320e-09 
 3.63078055e+04  2.16942671e-07  6.80566351e-09 
 3.71535229e+04  2.16112481e-07  6.78024311e-09 
 3.80189396e+04  2.15294386e-07  6.75522668e-09 
 3.89045145e+04  2.14488178e-07  6.73060890e-09 
 3.98107171e+04  2.13693654e-07  6.70638454e-09 
 4.07380278e+04  2.12910606e-07  6.68254838e-09 
 4.16869383e+04  2.12138829e-07  6.65909527e-09 
 4.26579519e+04  2.11378116e-07  6.63602008e-09 
 4.36515832e+04  2.10628259e-07  6.61331774e-09 
 4.46683592e+04  2.09889051e-07  6.59098324e-09 
 4.57088190e+04  2.09160283e-07  6.56901159e-09 
 4.67735141e+04  2.08441746e-07  6.54739784e-09 
 4.78630092e+04  2.07733230e-07  6.52613712e-09 
 4.89778819e+04  2.07034522e-07  6.50522458e-09 
 5.01187234e+04  2.06345412e-07  6.48465542e-09 
 5.12861384e+04  2.05665684e-07  6.46442488e-09 
 5.24807460e+04  2.04995126e-07  6.44452826e-09 
 5.37031796e+04  2.04333520e-07  6.42496090e-09 
 5.49540874e+04  2.03680648e-07  6.40571818e-09 
 5.62341325e+04  2.03036291e-07  6.38679552e-09 
 5.75439937e+04  2.02400229e-07  6.36818842e-09 
 5.88843655e+04  2.01772236e-07  6.34989239e-09 
 6.02559586e+04  2.01152089e-07  6.33190300e-09 
 6.16595002e+04  2.00539560e-07  6.31421586e-09 
 6.30957344e+04  1.99934418e-07  6.29682664e-09 
 6.45654229e+04  1.99336432e-07  6.27973105e-09 
 6.60693448e+04  1.98745365e-07  6.26292484e-09 
 6.76082975e+04  1.98160980e-07  6.24640381e-09 
 6.91830971e+04  1.97583034e-07  6.23016380e-09 
 7.07945784e+04  1.97011285e-07  6.21420073e-09 
 7.24435960e+04  1.96445482e-07  6.19851051e-09 
 7.41310241e+04  1.95885375e-07  6.18308915e-09 
 7.58577575e+04  1.95330708e-07  6.16793267e-09 
 7.76247117e+04  1.94781220e-07  6.15303715e-09 
 7.94328235e+04  1.94236648e-07  6.13839873e-09 
 8.12830516e+04  1.93696723e-07  6.12401357e-09 
 8.31763771e+04  1.93161170e-07  6.10987790e-09 
 8.51138038e+04  1.92629712e-07  6.09598798e-09 
 8.70963590e+04  1.92102063e-07  6.08234012e-09 
 8.91250938e+04  1.91577934e-07  6.06893069e-09 
 9.12010839e+04  1.91057030e-07  6.05575608e-09 
 9.33254301e+04  1.90539048e-07  6.04281275e-09 
 9.54992586e+04  1.90023680e-07  6.03009720e-09 
 9.77237221e+04  1.89510612e-07  6.01760596e-09 
 1.00000000e+05  1.88999520e-07  6.00533564e-09 
 1.02329299e+05  1.88490075e-07  5.99328287e-09 
 1.04712855e+05  1.87981940e-07  5.98144433e-09 
 1.07151931e+05  1.87474770e-07  5.96981674e-09 
 1.09647820e+05  1.86968211e-07  5.95839688e-09 
 1.12201845e+05  1.86461902e-07  5.94718158e-09 
 1.14815362e+05  1.85955469e-07  5.93616769e-09 
 1.17489755e+05  1.85448534e-07  5.92535214e-09 
 1.20226443e+05  1.84940706e-07  5.91473186e-09 
 1.23026877e+05  1.84431584e-07  5.90430388e-09 
 1.25892541e+05  1.83920757e-07  5.89406523e-09 
 1.28824955e+05  1.83407805e-07  5.88401300e-09 
 1.31825674e+05  1.82892295e-07  5.87414435e-09 
 1.34896288e+05  1.82373784e-07  5.86445644e-09 
 1.38038426e+05  1.81851815e-07  5.85494652e-09 
 1.41253754e+05  1.81325921e-07  5.84561185e-09 
 1.44543977e+05  1.80795622e-07  5.83644975e-09 
 1.47910839e+05  1.80260427e-07  5.82745759e-09 
 1.51356125e+05  1.79719830e-07  5.81863277e-09 
 1.54881662e+05  1.79173312e-07  5.80997275e-09 
 1.58489319e+05  1.78620342e-07  5.80147504e-09 
 1.62181010e+05  1.78060374e-07  5.79313716e-09 
 1.65958691e+05  1.77492850e-07  5.78495672e-09 
 1.69824365e+05  1.76917196e-07  5.77693134e-09 
 1.73780083e+05  1.76332826e-07  5.76905870e-09 
 1.77827941e+05  1.75739139e-07  5.76133652e-09 
 1.81970086e+05  1.75135520e-07  5.75376258e-09 
 1.86208714e+05  1.74521340e-07  5.74633467e-09 
 1.90546072e+05  1.73895956e-07  5.73905067e-09 
 1.94984460e+05  1.73258712e-07  5.73190847e-09 
 1.99526231e+05  1.72608939e-07  5.72490601e-09 
 2.04173794e+05  1.71945953e-07  5.71804129e-09 
 2.08929613e+05  1.71269060e-07  5.71131234e-09 
 2.13796209e+05  1.70577551e-07  5.70471725e-09 
 2.18776162e+05  1.69870708e-07  5.69825413e-09 
 2.23872114e+05  1.69147801e-07  5.69192116e-09 
 2.29086765e+05  1.68408091e-07  5.68571655e-09 
 2.34422882e+05  1.67650829e-07  5.67963856e-09 
 2.39883292e+05  1.66875261e-07  5.67368549e-09 
 2.45470892e+05  1.66080623e-07  5.66785571e-09 
 2.51188643e+05  1.65266149e-07  5.66214759e-09 
 2.57039578e+05  1.64431068e-07  5.65655958e-09 
 2.63026799e+05  1.63574611e-07  5.65109017e-09 
 2.69153480e+05  1.62696005e-07  5.64573790e-09 
 2.75422870e+05  1.61794483e-07  5.64050132e-09 
 2.81838293e+05  1.60869284e-07  5.63537908e-09 
 2.88403150e+05  1.59919651e-07  5.63036983e-09 
 2.95120923e+05  1.58944842e-07  5.62547229e-09 
 3.01995172e+05  1.57944127e-07  5.62068523e-09 
 3.09029543e+05  1.56916793e-07  5.61600745e-09 
 3.16227766e+05  1.55862149e-07  5.61143780e-09 
 3.23593657e+05  1.54779526e-07  5.60697518e-09 
 3.31131121e+05  1.53668286e-07  5.60261854e-09 
 3.38844156e+05  1.52527822e-07  5.59836686e-09 
 3.46736850e+05  1.51357564e-07  5.59421920e-09 
 3.54813389e+05  1.50156982e-07  5.59017463e-09 
 3.63078055e+05  1.48925595e-07  5.58623228e-09 
 3.71535229e+05  1.47662970e-07  5.58239134e-09 
 3.80189396e+05  1.46368730e-07  5.57865102e-09 
 3.89045145e+05  1.45042560e-07  5.57501060e-09 
 3.98107171e+05  1.43684210e-07  5.57146940e-09 
 4.07380278e+05  1.42293499e-07  5.56802676e-09 
 4.16869383e+05  1.40870323e-07  5.56468211e-09 
 4.26579519e+05  1.39414659e-07  5.56143489e-09 
 4.36515832e+05  1.37926568e-07  5.55828461e-09 
 4.46683592e+05  1.36406201e-07  5.55523079e-09 
 4.57088190e+05  1.34853802e-07  5.55227304e-09 
 4.67735141e+05  1.33269715e-07  5.54941097e-09 
 4.78630092e+05  1.31654382e-07  5.54664426e-09 
 4.89778819e+05  1.30008353e-07  5.54397262e-09 
 5.01187234e+05  1.28332281e-07  5.54139579e-09 
 5.12861384e+05  1.26626931e-07  5.53891358e-09 
 5.24807460e+05  1.24893175e-07  5.53652581e-09 
 5.37031796e+05  1.23131997e-07  5.53423234e-09 
 5.49540874e+05  1.21344492e-07  5.53203307e-09 
 5.62341325e+05  1.19531863e-07  5.52992795e-09 
 5.75439937e+05  1.17695421e-07  5.52791692e-09 
 5.88843655e+05  1.15836581e-07  5.52599999e-09 
 6.02559586e+05  1.13956860e-07  5.52417717e-09 
 6.16595002e+05  1.12057871e-07  5.52244851e-09 
 6.30957344e+05  1.10141319e-07  5.52081408e-09 
 6.45654229e+05  1.08208994e-07  5.51927395e-09 
 6.60693448e+05  1.06262763e-07  5.51782822e-09 
 6.76082975e+05  1.04304563e-07  5.51647701e-09 
 6.91830971e+05  1.02336396e-07  5.51522043e-09 
 7.07945784e+05  1.00360312e-07  5.51405861e-09 
 7.24435960e+05  9.83784087e-08  5.51299165e-09 
 7.41310241e+05  9.63928133e-08  5.51201969e-09 
 7.58577575e+05  9.44056771e-08  5.51114282e-09 
 7.76247117e+05  9.24191629e-08  5.51036114e-09 
 7.94328235e+05  9.04354344e-08  5.50967471e-09 
 8.12830516e+05  8.84566457e-08  5.50908359e-09 
 8.31763771e+05  8.64849305e-08  5.50858778e-09 
 8.51138038e+05  8.45223914e-08  5.50818727e-09 
 8.70963590e+05  8.25710902e-08  5.50788198e-09 
 8.91250938e+05  8.06330379e-08  5.50767180e-09 
 9.12010839e+05  7.87101857e-08  5.50755657e-09 
 9.33254301e+05  7.68044164e-08  5.50753604e-09 
 9.54992586e+05  7.49175367e-08  5.50760991e-09 
 9.77237221e+05  7.30512702e-08  5.50777780e-09 
 1.00000000e+06  7.12072507e-08  5.50803925e-09 
 1.02329299e+06  6.93870175e-08  5.50839372e-09 
 1.04712855e+06  6.75920102e-08  5.50884056e-09 
 1.07151931e+06  6.58235654e-08  5.50937902e-09 
 1.09647820e+06  6.40829138e-08  5.51000825e-09 
 1.12201845e+06  6.23711782e-08  5.51072729e-09 
 1.14815362e+06  6.06893726e-08  5.51153506e-09 
 1.17489755e+06  5.90384019e-08  5.51243034e-09 
 1.20226443e+06  5.74190621e-08  5.51341183e-09 
 1.23026877e+06  5.58320417e-08  5.51447804e-09 
 1.25892541e+06  5.42779235e-08  5.51562740e-09 
 1.28824955e+06  5.27571872e-08  5.51685818e-09 
 1.31825674e+06  5.12702121e-08  5.51816851e-09 
 1.34896288e+06  4.98172806e-08  5.51955639e-09 
 1.38038426e+06  4.83985825e-08  5.52101970e-09 
 1.41253754e+06  4.70142185e-08  5.52255616e-09 
 1.44543977e+06  4.56642053e-08  5.52416337e-09 
 1.47910839e+06  4.43484798e-08  5.52583881e-09 
 1.51356125e+06  4.30669047e-08  5.52757981e-09 
 1.54881662e+06  4.18192726e-08  5.52938362e-09 
 1.58489319e+06  4.06053117e-08  5.53124735e-09 
 1.62181010e+06  3.94246909e-08  5.53316801e-09 
 1.65958691e+06  3.82770241e-08  5.53514252e-09 
 1.69824365e+06  3.71618762e-08  5.53716772e-09 
 1.73780083e+06  3.60787672e-08  5.53924037e-09 
 1.77827941e+06  3.50271774e-08  5.54135717e-09 
 1.81970086e+06  3.40065516e-08  5.54351476e-09 
 1.86208714e+06  3.30163040e-08  5.54570976e-09 
 1.90546072e+06  3.20558221e-08  5.54793876e-09 
 1.94984460e+06  3.11244709e-08  5.55019833e-09 
 1.99526231e+06  3.02215965e-08  5.55248505e-09 
 2.04173794e+06  2.93465302e-08  5.55479554e-09 
 2.08929613e+06  2.84985912e-08  5.55712642e-09 
 2.13796209e+06  2.76770903e-08  5.55947440e-09 
 2.18776162e+06  2.68813327e-08  5.56183623e-09 
 2.23872114e+06  2.61106205e-08  5.56420873e-09 
 2.29086765e+06  2.53642554e-08  5.56658885e-09 
 2.34422882e+06  2.46415410e-08  5.56897361e-09 
 2.39883292e+06  2.39417845e-08  5.57136018e-09 
 2.45470892e+06  2.32642992e-08  5.57374585e-09 
 2.51188643e+06  2.26084054e-08  5.57612805e-09 
 2.57039578e+06  2.19734327e-08  5.57850438e-09 
 2.63026799e+06  2.13587207e-08  5.58087259e-09 
 2.69153480e+06  2.07636203e-08  5.58323063e-09 
 2.75422870e+06  2.01874948e-08  5.58557660e-09 
 2.81838293e+06  1.96297209e-08  5.58790882e-09 
 2.88403150e+06  1.90896888e-08  5.59022579e-09 
 2.95120923e+06  1.85668037e-08  5.59252622e-09 
 3.01995172e+06  1.80604853e-08  5.59480900e-09 
 3.09029543e+06  1.75701690e-08  5.59707327e-09 
 3.16227766e+06  1.70953057e-08  5.59931834e-09 
 3.23593657e+06  1.66353620e-08  5.60154375e-09 
 3.31131121e+06  1.61898204e-08  5.60374924e-09 
 3.38844156e+06  1.57581795e-08  5.60593478e-09 
 3.46736850e+06  1.53399537e-08  5.60810053e-09 
 3.54813389e+06  1.49346729e-08  5.61024686e-09 
 3.63078055e+06  1.45418831e-08  5.61237434e-09 
 3.71535229e+06  1.41611454e-08  5.61448375e-09 
 3.80189396e+06  1.37920361e-08  5.61657607e-09 
 3.89045145e+06  1.34341467e-08  5.61865244e-09 
 3.98107171e+06  1.30870830e-08  5.62071423e-09 
 4.07380278e+06  1.27504653e-08  5.62276298e-09 
 4.16869383e+06  1.24239279e-08  5.62480039e-09 
 4.26579519e+06  1.21071186e-08  5.62682837e-09 
 4.36515832e+06  1.17996984e-08  5.62884898e-09 
 4.46683592e+06  1.15013412e-08  5.63086443e-09 
 4.57088190e+06  1.12117335e-08  5.63287713e-09 
 4.67735141e+06  1.09305737e-08  5.63488962e-09 
 4.78630092e+06  1.06575718e-08  5.63690460e-09 
 4.89778819e+06  1.03924494e-08  5.63892491e-09 
 5.01187234e+06  1.01349386e-08  5.64095356e-09 
 5.12861384e+06  9.88478231e-09  5.64299368e-09 
 5.24807460e+06  9.64173330e-09  5.64504855e-09 
 5.37031796e+06  9.40555420e-09  5.64712159e-09 
 5.49540874e+06  9.17601697e-09  5.64921634e-09 
 5.62341325e+06  8.95290256e-09  5.65133650e-09 
 5.75439937e+06  8.73600054e-09  5.65348588e-09 
 5.88843655e+06  8.52510877e-09  5.65566844e-09 
 6.02559586e+06  8.32003306e-09  5.65788825e-09 
 6.16595002e+06  8.12058684e-09  5.66014952e-09 
 6.30957344e+06  7.92659083e-09  5.66245660e-09 
 6.45654229e+06  7.73787277e-09  5.66481396e-09 
 6.60693448e+06  7.55426708e-09  5.66722621e-09 
 6.76082975e+06  7.37561458e-09  5.66969809e-09 
 6.91830971e+06  7.20176224e-09  5.67223447e-09 
 7.07945784e+06  7.03256290e-09  5.67484038e-09 
 7.24435960e+06  6.86787501e-09  5.67752095e-09 
 7.41310241e+06  6.70756239e-09  5.68028149e-09 
 7.58577575e+06  6.55149397e-09  5.68312743e-09 
 7.76247117e+06  6.39954363e-09  5.68606434e-09 
 7.94328235e+06  6.25158988e-09  5.68909798e-09 
 8.12830516e+06  6.10751577e-09  5.69223421e-09 
 8.31763771e+06  5.96720859e-09  5.69547907e-09 
 8.51138038e+06  5.83055973e-09  5.69883876e-09 
 8.70963590e+06  5.69746451e-09  5.70231962e-09 
 8.91250938e+06  5.56782195e-09  5.70592819e-09 
 9.12010839e+06  5.44153467e-09  5.70967112e-09 
 9.33254301e+06  5.31850867e-09  5.71355528e-09 
 9.54992586e+06  5.19865324e-09  5.71758767e-09 
 9.77237221e+06  5.08188073e-09  5.72177548e-09 
 1.00000000e+07  4.96810652e-09  5.72612607e-09 
 1.02329299e+07  4.85724878e-09  5.73064696e-09 
 1.04712855e+07  4.74922841e-09  5.73534586e-09 
 1.07151931e+07  4.64396890e-09  5.74023063e-09 
 1.09647820e+07  4.54139620e-09  5.74530932e-09 
 1.12201845e+07  4.44143863e-09  5.75059015e-09 
 1.14815362e+07  4.34402676e-09  5.75608150e-09 
 1.17489755e+07  4.24909332e-09  5.76179190e-09 
 1.20226443e+07  4.15657307e-09  5.76773006e-09 
 1.23026877e+07  4.06640275e-09  5.77390484e-09 
 1.25892541e+07  3.97852097e-09  5.78032524e-09 
 1.28824955e+07  3.89286810e-09  5.78700040e-09 
 1.31825674e+07  3.80938623e-09  5.79393960e-09 
 1.34896288e+07  3.72801906e-09  5.80115223e-09 
 1.38038426e+07  3.64871184e-09  5.80864780e-09 
 1.41253754e+07  3.57141129e-09  5.81643589e-09 
 1.44543977e+07  3.49606551e-09  5.82452620e-09 
 1.47910839e+07  3.42262395e-09  5.83292845e-09 
 1.51356125e+07  3.35103731e-09  5.84165244e-09 
 1.54881662e+07  3.28125750e-09  5.85070797e-09 
 1.58489319e+07  3.21323757e-09  5.86010486e-09 
 1.62181010e+07  3.14693162e-09  5.86985291e-09 
 1.65958691e+07  3.08229481e-09  5.87996186e-09 
 1.69824365e+07  3.01928325e-09  5.89044138e-09 
 1.73780083e+07  2.95785395e-09  5.90130105e-09 
 1.77827941e+07  2.89796479e-09  5.91255030e-09 
 1.81970086e+07  2.83957446e-09  5.92419839e-09 
 1.86208714e+07  2.78264242e-09  5.93625439e-09 
 1.90546072e+07  2.72712883e-09  5.94872712e-09 
 1.94984460e+07  2.67299452e-09  5.96162514e-09 
 1.99526231e+07  2.62020096e-09  5.97495666e-09 
 2.04173794e+07  2.56871020e-09  5.98872955e-09 
 2.08929613e+07  2.51848482e-09  6.00295130e-09 
 2.13796209e+07  2.46948793e-09  6.01762892e-09 
 2.18776162e+07  2.42168310e-09  6.03276896e-09 
 2.23872114e+07  2.37503432e-09  6.04837742e-09 
 2.29086765e+07  2.32950601e-09  6.06445975e-09 
 2.34422882e+07  2.28506294e-09  6.08102077e-09 
 2.39883292e+07  2.24167026e-09  6.09806463e-09 
 2.45470892e+07  2.19929341e-09  6.11559482e-09 
 2.51188643e+07  2.15789813e-09  6.13361405e-09 
 2.57039578e+07  2.11745045e-09  6.15212427e-09 
 2.63026799e+07  2.07791667e-09  6.17112664e-09 
 2.69153480e+07  2.03926331e-09  6.19062144e-09 
 2.75422870e+07  2.00145716e-09  6.21060811e-09 
 2.81838293e+07  1.96446524e-09  6.23108520e-09 
 2.88403150e+07  1.92825478e-09  6.25205034e-09 
 2.95120923e+07  1.89279328e-09  6.27350023e-09 
 3.01995172e+07  1.85804845e-09  6.29543065e-09 
 3.09029543e+07  1.82398828e-09  6.31783643e-09 
 3.16227766e+07  1.79058105e-09  6.34071150e-09 
 3.23593657e+07  1.75779531e-09  6.36404885e-09 
 3.31131121e+07  1.72559997e-09  6.38784058e-09 
 3.38844156e+07  1.69396429e-09  6.41207791e-09 
 3.46736850e+07  1.66285797e-09  6.43675123e-09 
 3.54813389e+07  1.63225117e-09  6.46185013e-09 
 3.63078055e+07  1.60211457e-09  6.48736347e-09 
 3.71535229e+07  1.57241944e-09  6.51327940e-09 
 3.80189396e+07  1.54313772e-09  6.53958546e-09 
 3.89045145e+07  1.51424212e-09  6.56626863e-09 
 3.98107171e+07  1.48570613e-09  6.59331543e-09 
 4.07380278e+07  1.45750421e-09  6.62071200e-09 
 4.16869383e+07  1.42961181e-09  6.64844418e-09 
 4.26579519e+07  1.40200554e-09  6.67649764e-09 
 4.36515832e+07  1.37466321e-09  6.70485794e-09 
 4.46683592e+07  1.34756398e-09  6.73351068e-09 
 4.57088190e+07  1.32068846e-09  6.76244160e-09 
 4.67735141e+07  1.29401882e-09  6.79163669e-09 
 4.78630092e+07  1.26753889e-09  6.82108231e-09 
 4.89778819e+07  1.24123425e-09  6.85076532e-09 
 5.01187234e+07  1.21509236e-09  6.88067318e-09 
 5.12861384e+07  1.18910261e-09  6.91079411e-09 
 5.24807460e+07  1.16325640e-09  6.94111714e-09 
 5.37031796e+07  1.13754720e-09  6.97163231e-09 
 5.49540874e+07  1.11197060e-09  7.00233072e-09 
 5.62341325e+07  1.08652431e-09  7.03320467e-09 
 5.75439937e+07  1.06120818e-09  7.06424776e-09 
 5.88843655e+07  1.03602418e-09  7.09545500e-09 
 6.02559586e+07  1.01097635e-09  7.12682288e-09 
 6.16595002e+07  9.86070741e-10  7.15834950e-09 
 6.30957344e+07  9.61315301e-10  7.19003462e-09 
 6.45654229e+07  9.36719788e-10  7.22187977e-09 
 6.60693448e+07  9.12295617e-10  7.25388829e-09 
 6.76082975e+07  8.88055706e-10  7.28606542e-09 
 6.91830971e+07  8.64014300e-10  7.31841835e-09 
 7.07945784e+07  8.40186776e-10  7.35095627e-09 
 7.24435960e+07  8.16589438e-10  7.38369043e-09 
 7.41310241e+07  7.93239305e-10  7.41663414e-09 
 7.58577575e+07  7.70153888e-10  7.44980288e-09 
 7.76247117e+07  7.47350971e-10  7.48321424e-09 
 7.94328235e+07  7.24848388e-10  7.51688801e-09 
 8.12830516e+07  7.02663817e-10  7.55084617e-09 
 8.31763771e+07  6.80814566e-10  7.58511291e-09 
 8.51138038e+07  6.59317391e-10  7.61971466e-09 
 8.70963590e+07  6.38188317e-10  7.65468005e-09 
 8.91250938e+07  6.17442477e-10  7.69003998e-09 
 9.12010839e+07  5.97093981e-10  7.72582758e-09 
 9.33254301e+07  5.77155788e-10  7.76207821e-09 
 9.54992586e+07  5.57639620e-10  7.79882949e-09 
 9.77237221e+07  5.38555877e-10  7.83612129e-09 
 1.00000000e+08  5.19913591e-10  7.87399572e-09 
 1.02329299e+08  5.01720385e-10  7.91249713e-09 
 1.04712855e+08  4.83982464e-10  7.95167214e-09 
 1.07151931e+08  4.66704613e-10  7.99156959e-09 
 1.09647820e+08  4.49890222e-10  8.03224059e-09 
 1.12201845e+08  4.33541314e-10  8.07373852e-09 
 1.14815362e+08  4.17658593e-10  8.11611902e-09 
 1.17489755e+08  4.02241504e-10  8.15943997e-09 
 1.20226443e+08  3.87288293e-10  8.20376159e-09 
 1.23026877e+08  3.72796081e-10  8.24914636e-09 
 1.25892541e+08  3.58760945e-10  8.29565909e-09 
 1.28824955e+08  3.45177993e-10  8.34336692e-09 
 1.31825674e+08  3.32041452e-10  8.39233932e-09 
 1.34896288e+08  3.19344746e-10  8.44264818e-09 
 1.38038426e+08  3.07080587e-10  8.49436775e-09 
 1.41253754e+08  2.95241049e-10  8.54757473e-09 
 1.44543977e+08  2.83817651e-10  8.60234828e-09 
 1.47910839e+08  2.72801437e-10  8.65877003e-09 
 1.51356125e+08  2.62183043e-10  8.71692417e-09 
 1.54881662e+08  2.51952770e-10  8.77689744e-09 
 1.58489319e+08  2.42100651e-10  8.83877920e-09 
 1.62181010e+08  2.32616507e-10  8.90266144e-09 
 1.65958691e+08  2.23490009e-10  8.96863887e-09 
 1.69824365e+08  2.14710726e-10  9.03680895e-09 
 1.73780083e+08  2.06268176e-10  9.10727194e-09 
 1.77827941e+08  1.98151866e-10  9.18013092e-09 
 1.81970086e+08  1.90351335e-10  9.25549195e-09 
 1.86208714e+08  1.82856187e-10  9.33346400e-09 
 1.90546072e+08  1.75656122e-10  9.41415912e-09 
 1.94984460e+08  1.68740964e-10  9.49769247e-09 
 1.99526231e+08  1.62100688e-10  9.58418238e-09 
 2.04173794e+08  1.55725439e-10  9.67375045e-09 
 2.08929613e+08  1.49605547e-10  9.76652162e-09 
 2.13796209e+08  1.43731551e-10  9.86262428e-09 
 2.18776162e+08  1.38094203e-10  9.96219033e-09 
 2.23872114e+08  1.32684483e-10  1.00653553e-08 
 2.29086765e+08  1.27493610e-10  1.01722585e-08 
 2.34422882e+08  1.22513043e-10  1.02830431e-08 
 2.39883292e+08  1.17734489e-10  1.03978562e-08 
 2.45470892e+08  1.13149907e-10  1.05168489e-08 
 2.51188643e+08  1.08751509e-10  1.06401769e-08 
 2.57039578e+08  1.04531762e-10  1.07680000e-08 
 2.63026799e+08  1.00483385e-10  1.09004828e-08 
 2.69153480e+08  9.65993493e-11  1.10377944e-08 
 2.75422870e+08  9.28728779e-11  1.11801090e-08 
 2.81838293e+08  8.92974396e-11  1.13276061e-08 
 2.88403150e+08  8.58667474e-11  1.14804703e-08 
 2.95120923e+08  8.25747534e-11  1.16388921e-08 
 3.01995172e+08  7.94156446e-11  1.18030675e-08 
 3.09029543e+08  7.63838376e-11  1.19731989e-08 
 3.16227766e+08  7.34739731e-11  1.21494951e-08 
 3.23593657e+08  7.06809104e-11  1.23321715e-08 
 3.31131121e+08  6.79997213e-11  1.25214507e-08 
 3.38844156e+08  6.54256838e-11  1.27175625e-08 
 3.46736850e+08  6.29542761e-11  1.29207446e-08 
 3.54813389e+08  6.05811698e-11  1.31312427e-08 
 3.63078055e+08  5.83022239e-11  1.33493114e-08 
 3.71535229e+08  5.61134780e-11  1.35752138e-08 
 3.80189396e+08  5.40111456e-11  1.38092228e-08 
 3.89045145e+08  5.19916080e-11  1.40516210e-08 
 3.98107171e+08  5.00514075e-11  1.43027015e-08 
 4.07380278e+08  4.81872413e-11  1.45627684e-08 
 4.16869383e+08  4.63959548e-11  1.48321373e-08 
 4.26579519e+08  4.46745357e-11  1.51111357e-08 
 4.36515832e+08  4.30201077e-11  1.54001040e-08 
 4.46683592e+08  4.14299248e-11  1.56993957e-08 
 4.57088190e+08  3.99013651e-11  1.60093785e-08 
 4.67735141e+08  3.84319251e-11  1.63304346e-08 
 4.78630092e+08  3.70192146e-11  1.66629615e-08 
 4.89778819e+08  3.56609509e-11  1.70073728e-08 
 5.01187234e+08  3.43549539e-11  1.73640991e-08 
 5.12861384e+08  3.30991408e-11  1.77335883e-08 
 5.24807460e+08  3.18915215e-11  1.81163069e-08 
 5.37031796e+08  3.07301938e-11  1.85127408e-08 
 5.49540874e+08  2.96133391e-11  1.89233956e-08 
 5.62341325e+08  2.85392180e-11  1.93487982e-08 
 5.75439937e+08  2.75061663e-11  1.97894972e-08 
 5.88843655e+08  2.65125911e-11  2.02460641e-08 
 6.02559586e+08  2.55569669e-11  2.07190939e-08 
 6.16595002e+08  2.46378325e-11  2.12092064e-08 
 6.30957344e+08  2.37537873e-11  2.17170470e-08 
 6.45654229e+08  2.29034884e-11  2.22432878e-08 
 6.60693448e+08  2.20856473e-11  2.27886285e-08 
 6.76082975e+08  2.12990274e-11  2.33537971e-08 
 6.91830971e+08  2.05424415e-11  2.39395518e-08 
 7.07945784e+08  1.98147486e-11  2.45466809e-08 
 7.24435960e+08  1.91148525e-11  2.51760050e-08 
 7.41310241e+08  1.84416989e-11  2.58283769e-08 
 7.58577575e+08  1.77942736e-11  2.65046835e-08 
 7.76247117e+08  1.71716008e-11  2.72058465e-08 
 7.94328235e+08  1.65727410e-11  2.79328234e-08 
 8.12830516e+08  1.59967894e-11  2.86866086e-08 
 8.31763771e+08  1.54428745e-11  2.94682346e-08 
 8.51138038e+08  1.49101566e-11  3.02787727e-08 
 8.70963590e+08  1.43978264e-11  3.11193341e-08 
 8.91250938e+08  1.39051035e-11  3.19910711e-08 
 9.12010839e+08  1.34312359e-11  3.28951778e-08 
 9.33254301e+08  1.29754981e-11  3.38328913e-08 
 9.54992586e+08  1.25371906e-11  3.48054924e-08 
 9.77237221e+08  1.21156389e-11  3.58143065e-08 
 1.00000000e+09  1.17101922e-11  3.68607050e-08 
