 frequency       onoise_spectrum inoise_spectrum
 1.00000000e+00  7.21244806e-06  2.26460632e-07 
 1.02329299e+00  7.13824478e-06  2.24130755e-07 
 1.04712855e+00  7.06481641e-06  2.21825208e-07 
 1.07151931e+00  6.99215474e-06  2.19543735e-07 
 1.09647820e+00  6.92025163e-06  2.17286079e-07 
 1.12201845e+00  6.84909906e-06  2.15051990e-07 
 1.14815362e+00  6.77868907e-06  2.12841216e-07 
 1.17489755e+00  6.70901380e-06  2.10653511e-07 
 1.20226443e+00  6.64006547e-06  2.08488632e-07 
 1.23026877e+00  6.57183639e-06  2.06346335e-07 
 1.25892541e+00  6.50431894e-06  2.04226383e-07 
 1.28824955e+00  6.43750559e-06  2.02128539e-07 
 1.31825674e+00  6.37138888e-06  2.00052568e-07 
 1.34896288e+00  6.30596146e-06  1.97998240e-07 
 1.38038426e+00  6.24121602e-06  1.95965325e-07 
 1.41253754e+00  6.17714536e-06  1.93953597e-07 
 1.44543977e+00  6.11374234e-06  1.91962832e-07 
 1.47910839e+00  6.05099990e-06  1.89992809e-07 
 1.51356125e+00  5.98891106e-06  1.88043307e-07 
 1.54881662e+00  5.92746891e-06  1.86114111e-07 
 1.58489319e+00  5.86666661e-06  1.84205005e-07 
 1.62181010e+00  5.80649742e-06  1.82315778e-07 
 1.65958691e+00  5.74695463e-06  1.80446219e-07 
 1.69824365e+00  5.68803163e-06  1.78596120e-07 
 1.73780083e+00  5.62972189e-06  1.76765277e-07 
 1.77827941e+00  5.57201891e-06  1.74953486e-07 
 1.81970086e+00  5.51491631e-06  1.73160545e-07 
 1.86208714e+00  5.45840773e-06  1.71386256e-07 
 1.90546072e+00  5.40248692e-06  1.69630422e-07 
 1.94984460e+00  5.34714767e-06  1.67892848e-07 
 1.99526231e+00  5.29238385e-06  1.66173341e-07 
 2.04173794e+00  5.23818938e-06  1.64471712e-07 
 2.08929613e+00  5.18455827e-06  1.62787771e-07 
 2.13796209e+00  5.13148457e-06  1.61121333e-07 
 2.18776162e+00  5.07896241e-06  1.59472211e-07 
 2.23872114e+00  5.02698598e-06  1.57840225e-07 
 2.29086765e+00  4.97554951e-06  1.56225193e-07 
 2.34422882e+00  4.92464734e-06  1.54626937e-07 
 2.39883292e+00  4.87427381e-06  1.53045280e-07 
 2.45470892e+00  4.82442338e-06  1.51480047e-07 
 2.51188643e+00  4.77509052e-06  1.49931065e-07 
 2.57039578e+00  4.72626980e-06  1.48398164e-07 
 2.63026799e+00  4.67795581e-06  1.46881173e-07 
 2.69153480e+00  4.63014323e-06  1.45379926e-07 
 2.75422870e+00  4.58282677e-06  1.43894256e-07 
 2.81838293e+00  4.53600123e-06  1.42424001e-07 
 2.88403150e+00  4.48966143e-06  1.40968997e-07 
 2.95120923e+00  4.44380226e-06  1.39529084e-07 
 3.01995172e+00  4.39841868e-06  1.38104104e-07 
 3.09029543e+00  4.35350567e-06  1.36693899e-07 
 3.16227766e+00  4.30905830e-06  1.35298315e-07 
 3.23593657e+00  4.26507167e-06  1.33917197e-07 
 3.31131121e+00  4.22154094e-06  1.32550394e-07 
 3.38844156e+00  4.17846132e-06  1.31197755e-07 
 3.46736850e+00  4.13582807e-06  1.29859131e-07 
 3.54813389e+00  4.09363649e-06  1.28534376e-07 
 3.63078055e+00  4.05188196e-06  1.27223343e-07 
 3.71535229e+00  4.01055989e-06  1.25925888e-07 
 3.80189396e+00  3.96966573e-06  1.24641870e-07 
 3.89045145e+00  3.92919499e-06  1.23371146e-07 
 3.98107171e+00  3.88914324e-06  1.22113578e-07 
 4.07380278e+00  3.84950607e-06  1.20869027e-07 
 4.16869383e+00  3.81027913e-06  1.19637357e-07 
 4.26579519e+00  3.77145813e-06  1.18418433e-07 
 4.36515832e+00  3.73303881e-06  1.17212120e-07 
 4.46683592e+00  3.69501695e-06  1.16018288e-07 
 4.57088190e+00  3.65738839e-06  1.14836805e-07 
 4.67735141e+00  3.62014901e-06  1.13667541e-07 
 4.78630092e+00  3.58329473e-06  1.12510369e-07 
 4.89778819e+00  3.54682151e-06  1.11365162e-07 
 5.01187234e+00  3.51072537e-06  1.10231794e-07 
 5.12861384e+00  3.47500236e-06  1.09110142e-07 
 5.24807460e+00  3.43964856e-06  1.08000083e-07 
 5.37031796e+00  3.40466011e-06  1.06901495e-07 
 5.49540874e+00  3.37003319e-06  1.05814259e-07 
 5.62341325e+00  3.33576402e-06  1.04738256e-07 
 5.75439937e+00  3.30184885e-06  1.03673368e-07 
 5.88843655e+00  3.26828398e-06  1.02619478e-07 
 6.02559586e+00  3.23506575e-06  1.01576473e-07 
 6.16595002e+00  3.20219053e-06  1.00544238e-07 
 6.30957344e+00  3.16965473e-06  9.95226598e-08 
 6.45654229e+00  3.13745481e-06  9.85116280e-08 
 6.60693448e+00  3.10558725e-06  9.75110320e-08 
 6.76082975e+00  3.07404859e-06  9.65207627e-08 
 6.91830971e+00  3.04283538e-06  9.55407124e-08 
 7.07945784e+00  3.01194424e-06  9.45707742e-08 
 7.24435960e+00  2.98137178e-06  9.36108426e-08 
 7.41310241e+00  2.95111470e-06  9.26608130e-08 
 7.58577575e+00  2.92116969e-06  9.17205822e-08 
 7.76247117e+00  2.89153350e-06  9.07900478e-08 
 7.94328235e+00  2.86220290e-06  8.98691087e-08 
 8.12830516e+00  2.83317471e-06  8.89576647e-08 
 8.31763771e+00  2.80444577e-06  8.80556168e-08 
 8.51138038e+00  2.77601296e-06  8.71628670e-08 
 8.70963590e+00  2.74787320e-06  8.62793183e-08 
 8.91250938e+00  2.72002342e-06  8.54048749e-08 
 9.12010839e+00  2.69246061e-06  8.45394418e-08 
 9.33254301e+00  2.66518178e-06  8.36829251e-08 
 9.54992586e+00  2.63818396e-06  8.28352320e-08 
 9.77237221e+00  2.61146423e-06  8.19962704e-08 
 1.00000000e+01  2.58501970e-06  8.11659496e-08 
 1.02329299e+01  2.55884749e-06  8.03441794e-08 
 1.04712855e+01  2.53294477e-06  7.95308709e-08 
 1.07151931e+01  2.50730875e-06  7.87259361e-08 
 1.09647820e+01  2.48193663e-06  7.79292877e-08 
 1.12201845e+01  2.45682568e-06  7.71408395e-08 
 1.14815362e+01  2.43197318e-06  7.63605063e-08 
 1.17489755e+01  2.40737645e-06  7.55882037e-08 
 1.20226443e+01  2.38303281e-06  7.48238481e-08 
 1.23026877e+01  2.35893965e-06  7.40673569e-08 
 1.25892541e+01  2.33509435e-06  7.33186485e-08 
 1.28824955e+01  2.31149435e-06  7.25776418e-08 
 1.31825674e+01  2.28813709e-06  7.18442570e-08 
 1.34896288e+01  2.26502005e-06  7.11184147e-08 
 1.38038426e+01  2.24214073e-06  7.04000368e-08 
 1.41253754e+01  2.21949668e-06  6.96890457e-08 
 1.44543977e+01  2.19708544e-06  6.89853646e-08 
 1.47910839e+01  2.17490461e-06  6.82889179e-08 
 1.51356125e+01  2.15295178e-06  6.75996302e-08 
 1.54881662e+01  2.13122460e-06  6.69174275e-08 
 1.58489319e+01  2.10972072e-06  6.62422362e-08 
 1.62181010e+01  2.08843783e-06  6.55739837e-08 
 1.65958691e+01  2.06737363e-06  6.49125979e-08 
 1.69824365e+01  2.04652587e-06  6.42580077e-08 
 1.73780083e+01  2.02589229e-06  6.36101426e-08 
 1.77827941e+01  2.00547068e-06  6.29689331e-08 
 1.81970086e+01  1.98525885e-06  6.23343101e-08 
 1.86208714e+01  1.96525461e-06  6.17062055e-08 
 1.90546072e+01  1.94545582e-06  6.10845517e-08 
 1.94984460e+01  1.92586036e-06  6.04692820e-08 
 1.99526231e+01  1.90646612e-06  5.98603303e-08 
 2.04173794e+01  1.88727101e-06  5.92576312e-08 
 2.08929613e+01  1.86827298e-06  5.86611200e-08 
 2.13796209e+01  1.84946999e-06  5.80707329e-08 
 2.18776162e+01  1.83086003e-06  5.74864063e-08 
 2.23872114e+01  1.81244109e-06  5.69080777e-08 
 2.29086765e+01  1.79421120e-06  5.63356851e-08 
 2.34422882e+01  1.77616841e-06  5.57691672e-08 
 2.39883292e+01  1.75831079e-06  5.52084632e-08 
 2.45470892e+01  1.74063642e-06  5.46535132e-08 
 2.51188643e+01  1.72314342e-06  5.41042576e-08 
 2.57039578e+01  1.70582990e-06  5.35606378e-08 
 2.63026799e+01  1.68869402e-06  5.30225956e-08 
 2.69153480e+01  1.67173395e-06  5.24900733e-08 
 2.75422870e+01  1.65494786e-06  5.19630141e-08 
 2.81838293e+01  1.63833398e-06  5.14413617e-08 
 2.88403150e+01  1.62189051e-06  5.09250602e-08 
 2.95120923e+01  1.60561571e-06  5.04140545e-08 
 3.01995172e+01  1.58950784e-06  4.99082901e-08 
 3.09029543e+01  1.57356517e-06  4.94077130e-08 
 3.16227766e+01  1.55778600e-06  4.89122696e-08 
 3.23593657e+01  1.54216866e-06  4.84219073e-08 
 3.31131121e+01  1.52671148e-06  4.79365735e-08 
 3.38844156e+01  1.51141279e-06  4.74562167e-08 
 3.46736850e+01  1.49627099e-06  4.69807855e-08 
 3.54813389e+01  1.48128445e-06  4.65102293e-08 
 3.63078055e+01  1.46645157e-06  4.60444980e-08 
 3.71535229e+01  1.45177078e-06  4.55835420e-08 
 3.80189396e+01  1.43724051e-06  4.51273122e-08 
 3.89045145e+01  1.42285921e-06  4.46757599e-08 
 3.98107171e+01  1.40862536e-06  4.42288373e-08 
 4.07380278e+01  1.39453745e-06  4.37864966e-08 
 4.16869383e+01  1.38059396e-06  4.33486909e-08 
 4.26579519e+01  1.36679342e-06  4.29153737e-08 
 4.36515832e+01  1.35313437e-06  4.24864988e-08 
 4.46683592e+01  1.33961534e-06  4.20620206e-08 
 4.57088190e+01  1.32623492e-06  4.16418942e-08 
 4.67735141e+01  1.31299166e-06  4.12260748e-08 
 4.78630092e+01  1.29988418e-06  4.08145184e-08 
 4.89778819e+01  1.28691107e-06  4.04071812e-08 
 5.01187234e+01  1.27407096e-06  4.00040200e-08 
 5.12861384e+01  1.26136249e-06  3.96049920e-08 
 5.24807460e+01  1.24878431e-06  3.92100550e-08 
 5.37031796e+01  1.23633508e-06  3.88191671e-08 
 5.49540874e+01  1.22401350e-06  3.84322867e-08 
 5.62341325e+01  1.21181824e-06  3.80493731e-08 
 5.75439937e+01  1.19974803e-06  3.76703855e-08 
 5.88843655e+01  1.18780158e-06  3.72952838e-08 
 6.02559586e+01  1.17597762e-06  3.69240284e-08 
 6.16595002e+01  1.16427491e-06  3.65565799e-08 
 6.30957344e+01  1.15269221e-06  3.61928994e-08 
 6.45654229e+01  1.14122829e-06  3.58329486e-08 
 6.60693448e+01  1.12988193e-06  3.54766893e-08 
 6.76082975e+01  1.11865195e-06  3.51240838e-08 
 6.91830971e+01  1.10753715e-06  3.47750949e-08 
 7.07945784e+01  1.09653636e-06  3.44296858e-08 
 7.24435960e+01  1.08564842e-06  3.40878198e-08 
 7.41310241e+01  1.07487218e-06  3.37494610e-08 
 7.58577575e+01  1.06420649e-06  3.34145736e-08 
 7.76247117e+01  1.05365024e-06  3.30831223e-08 
 7.94328235e+01  1.04320231e-06  3.27550720e-08 
 8.12830516e+01  1.03286159e-06  3.24303882e-08 
 8.31763771e+01  1.02262700e-06  3.21090367e-08 
 8.51138038e+01  1.01249746e-06  3.17909835e-08 
 8.70963590e+01  1.00247190e-06  3.14761951e-08 
 8.91250938e+01  9.92549264e-07  3.11646384e-08 
 9.12010839e+01  9.82728505e-07  3.08562806e-08 
 9.33254301e+01  9.73008591e-07  3.05510891e-08 
 9.54992586e+01  9.63388498e-07  3.02490318e-08 
 9.77237221e+01  9.53867213e-07  2.99500770e-08 
 1.00000000e+02  9.44443733e-07  2.96541931e-08 
 1.02329299e+02  9.35117068e-07  2.93613491e-08 
 1.04712855e+02  9.25886237e-07  2.90715141e-08 
 1.07151931e+02  9.16750269e-07  2.87846577e-08 
 1.09647820e+02  9.07708203e-07  2.85007497e-08 
 1.12201845e+02  8.98759088e-07  2.82197602e-08 
 1.14815362e+02  8.89901986e-07  2.79416598e-08 
 1.17489755e+02  8.81135965e-07  2.76664192e-08 
 1.20226443e+02  8.72460104e-07  2.73940095e-08 
 1.23026877e+02  8.63873493e-07  2.71244021e-08 
 1.25892541e+02  8.55375230e-07  2.68575687e-08 
 1.28824955e+02  8.46964424e-07  2.65934813e-08 
 1.31825674e+02  8.38640191e-07  2.63321123e-08 
 1.34896288e+02  8.30401659e-07  2.60734341e-08 
 1.38038426e+02  8.22247964e-07  2.58174196e-08 
 1.41253754e+02  8.14178250e-07  2.55640421e-08 
 1.44543977e+02  8.06191673e-07  2.53132749e-08 
 1.47910839e+02  7.98287394e-07  2.50650918e-08 
 1.51356125e+02  7.90464586e-07  2.48194668e-08 
 1.54881662e+02  7.82722429e-07  2.45763740e-08 
 1.58489319e+02  7.75060112e-07  2.43357882e-08 
 1.62181010e+02  7.67476834e-07  2.40976840e-08 
 1.65958691e+02  7.59971799e-07  2.38620367e-08 
 1.69824365e+02  7.52544224e-07  2.36288214e-08 
 1.73780083e+02  7.45193330e-07  2.33980138e-08 
 1.77827941e+02  7.37918349e-07  2.31695897e-08 
 1.81970086e+02  7.30718519e-07  2.29435253e-08 
 1.86208714e+02  7.23593088e-07  2.27197969e-08 
 1.90546072e+02  7.16541311e-07  2.24983811e-08 
 1.94984460e+02  7.09562451e-07  2.22792549e-08 
 1.99526231e+02  7.02655777e-07  2.20623952e-08 
 2.04173794e+02  6.95820569e-07  2.18477794e-08 
 2.08929613e+02  6.89056113e-07  2.16353851e-08 
 2.13796209e+02  6.82361702e-07  2.14251901e-08 
 2.18776162e+02  6.75736636e-07  2.12171725e-08 
 2.23872114e+02  6.69180224e-07  2.10113105e-08 
 2.29086765e+02  6.62691782e-07  2.08075827e-08 
 2.34422882e+02  6.56270633e-07  2.06059678e-08 
 2.39883292e+02  6.49916105e-07  2.04064447e-08 
 2.45470892e+02  6.43627537e-07  2.02089926e-08 
 2.51188643e+02  6.37404272e-07  2.00135910e-08 
 2.57039578e+02  6.31245661e-07  1.98202194e-08 
 2.63026799e+02  6.25151061e-07  1.96288576e-08 
 2.69153480e+02  6.19119837e-07  1.94394858e-08 
 2.75422870e+02  6.13151361e-07  1.92520842e-08 
 2.81838293e+02  6.07245009e-07  1.90666332e-08 
 2.88403150e+02  6.01400166e-07  1.88831135e-08 
 2.95120923e+02  5.95616224e-07  1.87015060e-08 
 3.01995172e+02  5.89892579e-07  1.85217917e-08 
 3.09029543e+02  5.84228635e-07  1.83439520e-08 
 3.16227766e+02  5.78623801e-07  1.81679683e-08 
 3.23593657e+02  5.73077494e-07  1.79938222e-08 
 3.31131121e+02  5.67589136e-07  1.78214956e-08 
 3.38844156e+02  5.62158156e-07  1.76509706e-08 
 3.46736850e+02  5.56783987e-07  1.74822294e-08 
 3.54813389e+02  5.51466069e-07  1.73152544e-08 
 3.63078055e+02  5.46203850e-07  1.71500283e-08 
 3.71535229e+02  5.40996781e-07  1.69865338e-08 
 3.80189396e+02  5.35844319e-07  1.68247540e-08 
 3.89045145e+02  5.30745929e-07  1.66646719e-08 
 3.98107171e+02  5.25701079e-07  1.65062708e-08 
 4.07380278e+02  5.20709244e-07  1.63495344e-08 
 4.16869383e+02  5.15769904e-07  1.61944463e-08 
 4.26579519e+02  5.10882546e-07  1.60409903e-08 
 4.36515832e+02  5.06046659e-07  1.58891504e-08 
 4.46683592e+02  5.01261741e-07  1.57389109e-08 
 4.57088190e+02  4.96527293e-07  1.55902561e-08 
 4.67735141e+02  4.91842822e-07  1.54431705e-08 
 4.78630092e+02  4.87207841e-07  1.52976388e-08 
 4.89778819e+02  4.82621866e-07  1.51536459e-08 
 5.01187234e+02  4.78084420e-07  1.50111767e-08 
 5.12861384e+02  4.73595031e-07  1.48702164e-08 
 5.24807460e+02  4.69153230e-07  1.47307503e-08 
 5.37031796e+02  4.64758555e-07  1.45927639e-08 
 5.49540874e+02  4.60410548e-07  1.44562429e-08 
 5.62341325e+02  4.56108756e-07  1.43211729e-08 
 5.75439937e+02  4.51852730e-07  1.41875399e-08 
 5.88843655e+02  4.47642027e-07  1.40553300e-08 
 6.02559586e+02  4.43476207e-07  1.39245294e-08 
 6.16595002e+02  4.39354837e-07  1.37951245e-08 
 6.30957344e+02  4.35277487e-07  1.36671017e-08 
 6.45654229e+02  4.31243730e-07  1.35404477e-08 
 6.60693448e+02  4.27253146e-07  1.34151493e-08 
 6.76082975e+02  4.23305318e-07  1.32911933e-08 
 6.91830971e+02  4.19399834e-07  1.31685670e-08 
 7.07945784e+02  4.15536287e-07  1.30472573e-08 
 7.24435960e+02  4.11714272e-07  1.29272518e-08 
 7.41310241e+02  4.07933389e-07  1.28085377e-08 
 7.58577575e+02  4.04193245e-07  1.26911028e-08 
 7.76247117e+02  4.00493446e-07  1.25749347e-08 
 7.94328235e+02  3.96833607e-07  1.24600213e-08 
 8.12830516e+02  3.93213344e-07  1.23463505e-08 
 8.31763771e+02  3.89632277e-07  1.22339105e-08 
 8.51138038e+02  3.86090032e-07  1.21226894e-08 
 8.70963590e+02  3.82586237e-07  1.20126756e-08 
 8.91250938e+02  3.79120525e-07  1.19038575e-08 
 9.12010839e+02  3.75692531e-07  1.17962238e-08 
 9.33254301e+02  3.72301896e-07  1.16897631e-08 
 9.54992586e+02  3.68948263e-07  1.15844642e-08 
 9.77237221e+02  3.65631279e-07  1.14803161e-08 
 1.00000000e+03  3.62350596e-07  1.13773078e-08 
 1.02329299e+03  3.59105869e-07  1.12754285e-08 
 1.04712855e+03  3.55896754e-07  1.11746674e-08 
 1.07151931e+03  3.52722914e-07  1.10750138e-08 
 1.09647820e+03  3.49584014e-07  1.09764574e-08 
 1.12201845e+03  3.46479721e-07  1.08789876e-08 
 1.14815362e+03  3.43409708e-07  1.07825942e-08 
 1.17489755e+03  3.40373651e-07  1.06872669e-08 
 1.20226443e+03  3.37371226e-07  1.05929957e-08 
 1.23026877e+03  3.34402116e-07  1.04997705e-08 
 1.25892541e+03  3.31466006e-07  1.04075815e-08 
 1.28824955e+03  3.28562583e-07  1.03164189e-08 
 1.31825674e+03  3.25691539e-07  1.02262730e-08 
 1.34896288e+03  3.22852567e-07  1.01371341e-08 
 1.38038426e+03  3.20045366e-07  1.00489928e-08 
 1.41253754e+03  3.17269635e-07  9.96183964e-09 
 1.44543977e+03  3.14525078e-07  9.87566533e-09 
 1.47910839e+03  3.11811401e-07  9.79046064e-09 
 1.51356125e+03  3.09128312e-07  9.70621642e-09 
 1.54881662e+03  3.06475524e-07  9.62292365e-09 
 1.58489319e+03  3.03852752e-07  9.54057336e-09 
 1.62181010e+03  3.01259713e-07  9.45915668e-09 
 1.65958691e+03  2.98696127e-07  9.37866484e-09 
 1.69824365e+03  2.96161717e-07  9.29908914e-09 
 1.73780083e+03  2.93656210e-07  9.22042097e-09 
 1.77827941e+03  2.91179333e-07  9.14265180e-09 
 1.81970086e+03  2.88730817e-07  9.06577319e-09 
 1.86208714e+03  2.86310396e-07  8.98977677e-09 
 1.90546072e+03  2.83917807e-07  8.91465425e-09 
 1.94984460e+03  2.81552786e-07  8.84039743e-09 
 1.99526231e+03  2.79215077e-07  8.76699819e-09 
 2.04173794e+03  2.76904421e-07  8.69444846e-09 
 2.08929613e+03  2.74620566e-07  8.62274028e-09 
 2.13796209e+03  2.72363258e-07  8.55186575e-09 
 2.18776162e+03  2.70132250e-07  8.48181702e-09 
 2.23872114e+03  2.67927294e-07  8.41258636e-09 
 2.29086765e+03  2.65748144e-07  8.34416608e-09 
 2.34422882e+03  2.63594559e-07  8.27654855e-09 
 2.39883292e+03  2.61466298e-07  8.20972625e-09 
 2.45470892e+03  2.59363123e-07  8.14369169e-09 
 2.51188643e+03  2.57284798e-07  8.07843747e-09 
 2.57039578e+03  2.55231089e-07  8.01395624e-09 
 2.63026799e+03  2.53201764e-07  7.95024074e-09 
 2.69153480e+03  2.51196594e-07  7.88728375e-09 
 2.75422870e+03  2.49215350e-07  7.82507812e-09 
 2.81838293e+03  2.47257807e-07  7.76361678e-09 
 2.88403150e+03  2.45323742e-07  7.70289269e-09 
 2.95120923e+03  2.43412932e-07  7.64289891e-09 
 3.01995172e+03  2.41525157e-07  7.58362852e-09 
 3.09029543e+03  2.39660200e-07  7.52507469e-09 
 3.16227766e+03  2.37817844e-07  7.46723064e-09 
 3.23593657e+03  2.35997875e-07  7.41008963e-09 
 3.31131121e+03  2.34200081e-07  7.35364501e-09 
 3.38844156e+03  2.32424249e-07  7.29789015e-09 
 3.46736850e+03  2.30670173e-07  7.24281851e-09 
 3.54813389e+03  2.28937644e-07  7.18842357e-09 
 3.63078055e+03  2.27226456e-07  7.13469888e-09 
 3.71535229e+03  2.25536406e-07  7.08163806e-09 
 3.80189396e+03  2.23867291e-07  7.02923475e-09 
 3.89045145e+03  2.22218910e-07  6.97748266e-09 
 3.98107171e+03  2.20591065e-07  6.92637554e-09 
 4.07380278e+03  2.18983558e-07  6.87590719e-09 
 4.16869383e+03  2.17396193e-07  6.82607148e-09 
 4.26579519e+03  2.15828774e-07  6.77686230e-09 
 4.36515832e+03  2.14281111e-07  6.72827360e-09 
 4.46683592e+03  2.12753010e-07  6.68029938e-09 
 4.57088190e+03  2.11244281e-07  6.63293367e-09 
 4.67735141e+03  2.09754737e-07  6.58617057e-09 
 4.78630092e+03  2.08284189e-07  6.54000420e-09 
 4.89778819e+03  2.06832452e-07  6.49442874e-09 
 5.01187234e+03  2.05399341e-07  6.44943841e-09 
 5.12861384e+03  2.03984673e-07  6.40502746e-09 
 5.24807460e+03  2.02588267e-07  6.36119021e-09 
 5.37031796e+03  2.01209941e-07  6.31792099e-09 
 5.49540874e+03  1.99849517e-07  6.27521418e-09 
 5.62341325e+03  1.98506816e-07  6.23306422e-09 
 5.75439937e+03  1.97181662e-07  6.19146556e-09 
 5.88843655e+03  1.95873879e-07  6.15041272e-09 
 6.02559586e+03  1.94583292e-07  6.10990023e-09 
 6.16595002e+03  1.93309729e-07  6.06992267e-09 
 6.30957344e+03  1.92053018e-07  6.03047467e-09 
 6.45654229e+03  1.90812987e-07  5.99155087e-09 
 6.60693448e+03  1.89589468e-07  5.95314597e-09 
 6.76082975e+03  1.88382291e-07  5.91525469e-09 
 6.91830971e+03  1.87191289e-07  5.87787181e-09 
 7.07945784e+03  1.86016295e-07  5.84099211e-09 
 7.24435960e+03  1.84857145e-07  5.80461044e-09 
 7.41310241e+03  1.83713675e-07  5.76872165e-09 
 7.58577575e+03  1.82585720e-07  5.73332066e-09 
 7.76247117e+03  1.81473120e-07  5.69840240e-09 
 7.94328235e+03  1.80375712e-07  5.66396183e-09 
 8.12830516e+03  1.79293337e-07  5.62999396e-09 
 8.31763771e+03  1.78225835e-07  5.59649383e-09 
 8.51138038e+03  1.77173049e-07  5.56345650e-09 
 8.70963590e+03  1.76134822e-07  5.53087707e-09 
 8.91250938e+03  1.75110997e-07  5.49875068e-09 
 9.12010839e+03  1.74101419e-07  5.46707248e-09 
 9.33254301e+03  1.73105934e-07  5.43583767e-09 
 9.54992586e+03  1.72124388e-07  5.40504147e-09 
 9.77237221e+03  1.71156629e-07  5.37467915e-09 
 1.00000000e+04  1.70202507e-07  5.34474599e-09 
 1.02329299e+04  1.69261869e-07  5.31523729e-09 
 1.04712855e+04  1.68334567e-07  5.28614842e-09 
 1.07151931e+04  1.67420451e-07  5.25747475e-09 
 1.09647820e+04  1.66519374e-07  5.22921168e-09 
 1.12201845e+04  1.65631189e-07  5.20135466e-09 
 1.14815362e+04  1.64755749e-07  5.17389914e-09 
 1.17489755e+04  1.63892910e-07  5.14684063e-09 
 1.20226443e+04  1.63042527e-07  5.12017464e-09 
 1.23026877e+04  1.62204455e-07  5.09389674e-09 
 1.25892541e+04  1.61378553e-07  5.06800251e-09 
 1.28824955e+04  1.60564679e-07  5.04248755e-09 
 1.31825674e+04  1.59762691e-07  5.01734751e-09 
 1.34896288e+04  1.58972449e-07  4.99257806e-09 
 1.38038426e+04  1.58193813e-07  4.96817490e-09 
 1.41253754e+04  1.57426646e-07  4.94413376e-09 
 1.44543977e+04  1.56670808e-07  4.92045039e-09 
 1.47910839e+04  1.55926164e-07  4.89712058e-09 
 1.51356125e+04  1.55192575e-07  4.87414014e-09 
 1.54881662e+04  1.54469908e-07  4.85150492e-09 
 1.58489319e+04  1.53758027e-07  4.82921078e-09 
 1.62181010e+04  1.53056799e-07  4.80725363e-09 
 1.65958691e+04  1.52366089e-07  4.78562940e-09 
 1.69824365e+04  1.51685766e-07  4.76433404e-09 
 1.73780083e+04  1.51015698e-07  4.74336354e-09 
 1.77827941e+04  1.50355753e-07  4.72271391e-09 
 1.81970086e+04  1.49705802e-07  4.70238121e-09 
 1.86208714e+04  1.49065715e-07  4.68236149e-09 
 1.90546072e+04  1.48435363e-07  4.66265087e-09 
 1.94984460e+04  1.47814618e-07  4.64324548e-09 
 1.99526231e+04  1.47203352e-07  4.62414147e-09 
 2.04173794e+04  1.46601439e-07  4.60533503e-09 
 2.08929613e+04  1.46008754e-07  4.58682238e-09 
 2.13796209e+04  1.45425169e-07  4.56859978e-09 
 2.18776162e+04  1.44850561e-07  4.55066349e-09 
 2.23872114e+04  1.44284806e-07  4.53300982e-09 
 2.29086765e+04  1.43727781e-07  4.51563510e-09 
 2.34422882e+04  1.43179361e-07  4.49853571e-09 
 2.39883292e+04  1.42639426e-07  4.48170804e-09 
 2.45470892e+04  1.42107854e-07  4.46514850e-09 
 2.51188643e+04  1.41584523e-07  4.44885355e-09 
 2.57039578e+04  1.41069314e-07  4.43281968e-09 
 2.63026799e+04  1.40562107e-07  4.41704340e-09 
 2.69153480e+04  1.40062782e-07  4.40152125e-09 
 2.75422870e+04  1.39571220e-07  4.38624980e-09 
 2.81838293e+04  1.39087304e-07  4.37122565e-09 
 2.88403150e+04  1.38610916e-07  4.35644545e-09 
 2.95120923e+04  1.38141938e-07  4.34190584e-09 
 3.01995172e+04  1.37680253e-07  4.32760353e-09 
 3.09029543e+04  1.37225747e-07  4.31353524e-09 
 3.16227766e+04  1.36778301e-07  4.29969771e-09 
 3.23593657e+04  1.36337801e-07  4.28608773e-09 
 3.31131121e+04  1.35904132e-07  4.27270212e-09 
 3.38844156e+04  1.35477179e-07  4.25953772e-09 
 3.46736850e+04  1.35056827e-07  4.24659140e-09 
 3.54813389e+04  1.34642962e-07  4.23386007e-09 
 3.63078055e+04  1.34235471e-07  4.22134067e-09 
 3.71535229e+04  1.33834238e-07  4.20903015e-09 
 3.80189396e+04  1.33439152e-07  4.19692551e-09 
 3.89045145e+04  1.33050098e-07  4.18502379e-09 
 3.98107171e+04  1.32666962e-07  4.17332203e-09 
 4.07380278e+04  1.32289633e-07  4.16181732e-09 
 4.16869383e+04  1.31917996e-07  4.15050678e-09 
 4.26579519e+04  1.31551939e-07  4.13938757e-09 
 4.36515832e+04  1.31191347e-07  4.12845685e-09 
 4.46683592e+04  1.30836108e-07  4.11771183e-09 
 4.57088190e+04  1.30486109e-07  4.10714976e-09 
 4.67735141e+04  1.30141235e-07  4.09676790e-09 
 4.78630092e+04  1.29801373e-07  4.08656355e-09 
 4.89778819e+04  1.29466408e-07  4.07653405e-09 
 5.01187234e+04  1.29136226e-07  4.06667675e-09 
 5.12861384e+04  1.28810711e-07  4.05698903e-09 
 5.24807460e+04  1.28489749e-07  4.04746833e-09 
 5.37031796e+04  1.28173222e-07  4.03811210e-09 
 5.49540874e+04  1.27861015e-07  4.02891780e-09 
 5.62341325e+04  1.27553010e-07  4.01988295e-09 
 5.75439937e+04  1.27249088e-07  4.01100509e-09 
 5.88843655e+04  1.26949131e-07  4.00228179e-09 
 6.02559586e+04  1.26653019e-07  3.99371065e-09 
 6.16595002e+04  1.26360631e-07  3.98528929e-09 
 6.30957344e+04  1.26071844e-07  3.97701538e-09 
 6.45654229e+04  1.25786535e-07  3.96888659e-09 
 6.60693448e+04  1.25504580e-07  3.96090064e-09 
 6.76082975e+04  1.25225853e-07  3.95305529e-09 
 6.91830971e+04  1.24950227e-07  3.94534829e-09 
 7.07945784e+04  1.24677572e-07  3.93777746e-09 
 7.24435960e+04  1.24407757e-07  3.93034062e-09 
 7.41310241e+04  1.24140651e-07  3.92303564e-09 
 7.58577575e+04  1.23876118e-07  3.91586040e-09 
 7.76247117e+04  1.23614022e-07  3.90881281e-09 
 7.94328235e+04  1.23354225e-07  3.90189082e-09 
 8.12830516e+04  1.23096585e-07  3.89509240e-09 
 8.31763771e+04  1.22840958e-07  3.88841556e-09 
 8.51138038e+04  1.22587199e-07  3.88185831e-09 
 8.70963590e+04  1.22335159e-07  3.87541872e-09 
 8.91250938e+04  1.22084687e-07  3.86909486e-09 
 9.12010839e+04  1.21835626e-07  3.86288484e-09 
 9.33254301e+04  1.21587820e-07  3.85678679e-09 
 9.54992586e+04  1.21341108e-07  3.85079889e-09 
 9.77237221e+04  1.21095323e-07  3.84491932e-09 
 1.00000000e+05  1.20850299e-07  3.83914629e-09 
 1.02329299e+05  1.20605862e-07  3.83347804e-09 
 1.04712855e+05  1.20361836e-07  3.82791285e-09 
 1.07151931e+05  1.20118041e-07  3.82244901e-09 
 1.09647820e+05  1.19874292e-07  3.81708483e-09 
 1.12201845e+05  1.19630398e-07  3.81181866e-09 
 1.14815362e+05  1.19386166e-07  3.80664887e-09 
 1.17489755e+05  1.19141396e-07  3.80157385e-09 
 1.20226443e+05  1.18895884e-07  3.79659203e-09 
 1.23026877e+05  1.18649419e-07  3.79170186e-09 
 1.25892541e+05  1.18401787e-07  3.78690179e-09 
 1.28824955e+05  1.18152765e-07  3.78219032e-09 
 1.31825674e+05  1.17902128e-07  3.77756598e-09 
 1.34896288e+05  1.17649640e-07  3.77302730e-09 
 1.38038426e+05  1.17395062e-07  3.76857285e-09 
 1.41253754e+05  1.17138149e-07  3.76420123e-09 
 1.44543977e+05  1.16878646e-07  3.75991104e-09 
 1.47910839e+05  1.16616293e-07  3.75570092e-09 
 1.51356125e+05  1.16350824e-07  3.75156953e-09 
 1.54881662e+05  1.16081963e-07  3.74751557e-09 
 1.58489319e+05  1.15809428e-07  3.74353772e-09 
 1.62181010e+05  1.15532930e-07  3.73963472e-09 
 1.65958691e+05  1.15252171e-07  3.73580533e-09 
 1.69824365e+05  1.14966845e-07  3.73204832e-09 
 1.73780083e+05  1.14676638e-07  3.72836248e-09 
 1.77827941e+05  1.14381229e-07  3.72474664e-09 
 1.81970086e+05  1.14080287e-07  3.72119963e-09 
 1.86208714e+05  1.13773473e-07  3.71772032e-09 
 1.90546072e+05  1.13460442e-07  3.71430760e-09 
 1.94984460e+05  1.13140836e-07  3.71096036e-09 
 1.99526231e+05  1.12814294e-07  3.70767755e-09 
 2.04173794e+05  1.12480442e-07  3.70445810e-09 
 2.08929613e+05  1.12138900e-07  3.70130099e-09 
 2.13796209e+05  1.11789280e-07  3.69820521e-09 
 2.18776162e+05  1.11431186e-07  3.69516978e-09 
 2.23872114e+05  1.11064212e-07  3.69219373e-09 
 2.29086765e+05  1.10687948e-07  3.68927612e-09 
 2.34422882e+05  1.10301975e-07  3.68641602e-09 
 2.39883292e+05  1.09905867e-07  3.68361253e-09 
 2.45470892e+05  1.09499191e-07  3.68086478e-09 
 2.51188643e+05  1.09081511e-07  3.67817189e-09 
 2.57039578e+05  1.08652383e-07  3.67553304e-09 
 2.63026799e+05  1.08211359e-07  3.67294740e-09 
 2.69153480e+05  1.07757988e-07  3.67041417e-09 
 2.75422870e+05  1.07291816e-07  3.66793259e-09 
 2.81838293e+05  1.06812385e-07  3.66550189e-09 
 2.88403150e+05  1.06319238e-07  3.66312134e-09 
 2.95120923e+05  1.05811918e-07  3.66079022e-09 
 3.01995172e+05  1.05289967e-07  3.65850785e-09 
 3.09029543e+05  1.04752932e-07  3.65627355e-09 
 3.16227766e+05  1.04200363e-07  3.65408666e-09 
 3.23593657e+05  1.03631814e-07  3.65194657e-09 
 3.31131121e+05  1.03046848e-07  3.64985267e-09 
 3.38844156e+05  1.02445037e-07  3.64780436e-09 
 3.46736850e+05  1.01825961e-07  3.64580108e-09 
 3.54813389e+05  1.01189214e-07  3.64384229e-09 
 3.63078055e+05  1.00534407e-07  3.64192748e-09 
 3.71535229e+05  9.98611629e-08  3.64005613e-09 
 3.80189396e+05  9.91691270e-08  3.63822777e-09 
 3.89045145e+05  9.84579645e-08  3.63644196e-09 
 3.98107171e+05  9.77273644e-08  3.63469825e-09 
 4.07380278e+05  9.69770414e-08  3.63299625e-09 
 4.16869383e+05  9.62067391e-08  3.63133556e-09 
 4.26579519e+05  9.54162318e-08  3.62971583e-09 
 4.36515832e+05  9.46053273e-08  3.62813671e-09 
 4.46683592e+05  9.37738698e-08  3.62659790e-09 
 4.57088190e+05  9.29217418e-08  3.62509910e-09 
 4.67735141e+05  9.20488671e-08  3.62364006e-09 
 4.78630092e+05  9.11552132e-08  3.62222053e-09 
 4.89778819e+05  9.02407933e-08  3.62084030e-09 
 5.01187234e+05  8.93056692e-08  3.61949919e-09 
 5.12861384e+05  8.83499528e-08  3.61819703e-09 
 5.24807460e+05  8.73738086e-08  3.61693370e-09 
 5.37031796e+05  8.63774553e-08  3.61570908e-09 
 5.49540874e+05  8.53611673e-08  3.61452310e-09 
 5.62341325e+05  8.43252765e-08  3.61337571e-09 
 5.75439937e+05  8.32701728e-08  3.61226690e-09 
 5.88843655e+05  8.21963057e-08  3.61119666e-09 
 6.02559586e+05  8.11041841e-08  3.61016505e-09 
 6.16595002e+05  7.99943770e-08  3.60917212e-09 
 6.30957344e+05  7.88675133e-08  3.60821799e-09 
 6.45654229e+05  7.77242812e-08  3.60730278e-09 
 6.60693448e+05  7.65654272e-08  3.60642667e-09 
 6.76082975e+05  7.53917552e-08  3.60558984e-09 
 6.91830971e+05  7.42041248e-08  3.60479254e-09 
 7.07945784e+05  7.30034490e-08  3.60403504e-09 
 7.24435960e+05  7.17906918e-08  3.60331763e-09 
 7.41310241e+05  7.05668659e-08  3.60264065e-09 
 7.58577575e+05  6.93330288e-08  3.60200449e-09 
 7.76247117e+05  6.80902799e-08  3.60140954e-09 
 7.94328235e+05  6.68397563e-08  3.60085627e-09 
 8.12830516e+05  6.55826286e-08  3.60034516e-09 
 8.31763771e+05  6.43200968e-08  3.59987675e-09 
 8.51138038e+05  6.30533852e-08  3.59945159e-09 
 8.70963590e+05  6.17837377e-08  3.59907030e-09 
 8.91250938e+05  6.05124129e-08  3.59873354e-09 
 9.12010839e+05  5.92406783e-08  3.59844199e-09 
 9.33254301e+05  5.79698059e-08  3.59819638e-09 
 9.54992586e+05  5.67010663e-08  3.59799751e-09 
 9.77237221e+05  5.54357233e-08  3.59784619e-09 
 1.00000000e+06  5.41750293e-08  3.59774329e-09 
 1.02329299e+06  5.29202195e-08  3.59768973e-09 
 1.04712855e+06  5.16725071e-08  3.59768646e-09 
 1.07151931e+06  5.04330787e-08  3.59773449e-09 
 1.09647820e+06  4.92030895e-08  3.59783487e-09 
 1.12201845e+06  4.79836589e-08  3.59798871e-09 
 1.14815362e+06  4.67758667e-08  3.59819715e-09 
 1.17489755e+06  4.55807491e-08  3.59846139e-09 
 1.20226443e+06  4.43992956e-08  3.59878268e-09 
 1.23026877e+06  4.32324459e-08  3.59916232e-09 
 1.25892541e+06  4.20810871e-08  3.59960164e-09 
 1.28824955e+06  4.09460516e-08  3.60010204e-09 
 1.31825674e+06  3.98281153e-08  3.60066498e-09 
 1.34896288e+06  3.87279958e-08  3.60129194e-09 
 1.38038426e+06  3.76463520e-08  3.60198448e-09 
 1.41253754e+06  3.65837828e-08  3.60274420e-09 
 1.44543977e+06  3.55408269e-08  3.60357276e-09 
 1.47910839e+06  3.45179630e-08  3.60447186e-09 
 1.51356125e+06  3.35156103e-08  3.60544326e-09 
 1.54881662e+06  3.25341288e-08  3.60648878e-09 
 1.58489319e+06  3.15738207e-08  3.60761028e-09 
 1.62181010e+06  3.06349316e-08  3.60880970e-09 
 1.65958691e+06  2.97176517e-08  3.61008902e-09 
 1.69824365e+06  2.88221180e-08  3.61145027e-09 
 1.73780083e+06  2.79484160e-08  3.61289557e-09 
 1.77827941e+06  2.70965820e-08  3.61442707e-09 
 1.81970086e+06  2.62666051e-08  3.61604700e-09 
 1.86208714e+06  2.54584298e-08  3.61775766e-09 
 1.90546072e+06  2.46719585e-08  3.61956139e-09 
 1.94984460e+06  2.39070538e-08  3.62146064e-09 
 1.99526231e+06  2.31635415e-08  3.62345791e-09 
 2.04173794e+06  2.24412128e-08  3.62555577e-09 
 2.08929613e+06  2.17398270e-08  3.62775690e-09 
 2.13796209e+06  2.10591144e-08  3.63006404e-09 
 2.18776162e+06  2.03987788e-08  3.63248003e-09 
 2.23872114e+06  1.97584995e-08  3.63500782e-09 
 2.29086765e+06  1.91379347e-08  3.63765044e-09 
 2.34422882e+06  1.85367230e-08  3.64041104e-09 
 2.39883292e+06  1.79544865e-08  3.64329291e-09 
 2.45470892e+06  1.73908324e-08  3.64629942e-09 
 2.51188643e+06  1.68453556e-08  3.64943411e-09 
 2.57039578e+06  1.63176405e-08  3.65270066e-09 
 2.63026799e+06  1.58072631e-08  3.65610290e-09 
 2.69153480e+06  1.53137928e-08  3.65964480e-09 
 2.75422870e+06  1.48367940e-08  3.66333056e-09 
 2.81838293e+06  1.43758278e-08  3.66716452e-09 
 2.88403150e+06  1.39304536e-08  3.67115124e-09 
 2.95120923e+06  1.35002303e-08  3.67529550e-09 
 3.01995172e+06  1.30847180e-08  3.67960231e-09 
 3.09029543e+06  1.26834786e-08  3.68407690e-09 
 3.16227766e+06  1.22960773e-08  3.68872479e-09 
 3.23593657e+06  1.19220835e-08  3.69355175e-09 
 3.31131121e+06  1.15610716e-08  3.69856386e-09 
 3.38844156e+06  1.12126219e-08  3.70376748e-09 
 3.46736850e+06  1.08763214e-08  3.70916933e-09 
 3.54813389e+06  1.05517640e-08  3.71477643e-09 
 3.63078055e+06  1.02385517e-08  3.72059619e-09 
 3.71535229e+06  9.93629439e-09  3.72663637e-09 
 3.80189396e+06  9.64461086e-09  3.73290514e-09 
 3.89045145e+06  9.36312868e-09  3.73941107e-09 
 3.98107171e+06  9.09148470e-09  3.74616315e-09 
 4.07380278e+06  8.82932521e-09  3.75317082e-09 
 4.16869383e+06  8.57630610e-09  3.76044398e-09 
 4.26579519e+06  8.33209298e-09  3.76799300e-09 
 4.36515832e+06  8.09636123e-09  3.77582874e-09 
 4.46683592e+06  7.86879604e-09  3.78396259e-09 
 4.57088190e+06  7.64909239e-09  3.79240644e-09 
 4.67735141e+06  7.43695501e-09  3.80117271e-09 
 4.78630092e+06  7.23209829e-09  3.81027440e-09 
 4.89778819e+06  7.03424617e-09  3.81972504e-09 
 5.01187234e+06  6.84313204e-09  3.82953878e-09 
 5.12861384e+06  6.65849855e-09  3.83973032e-09 
 5.24807460e+06  6.48009745e-09  3.85031499e-09 
 5.37031796e+06  6.30768941e-09  3.86130870e-09 
 5.49540874e+06  6.14104381e-09  3.87272801e-09 
 5.62341325e+06  5.97993852e-09  3.88459010e-09 
 5.75439937e+06  5.82415969e-09  3.89691278e-09 
 5.88843655e+06  5.67350150e-09  3.90971450e-09 
 6.02559586e+06  5.52776593e-09  3.92301436e-09 
 6.16595002e+06  5.38676252e-09  3.93683212e-09 
 6.30957344e+06  5.25030812e-09  3.95118819e-09 
 6.45654229e+06  5.11822664e-09  3.96610364e-09 
 6.60693448e+06  4.99034880e-09  3.98160017e-09 
 6.76082975e+06  4.86651188e-09  3.99770016e-09 
 6.91830971e+06  4.74655949e-09  4.01442664e-09 
 7.07945784e+06  4.63034132e-09  4.03180327e-09 
 7.24435960e+06  4.51771287e-09  4.04985436e-09 
 7.41310241e+06  4.40853527e-09  4.06860483e-09 
 7.58577575e+06  4.30267500e-09  4.08808026e-09 
 7.76247117e+06  4.20000371e-09  4.10830680e-09 
 7.94328235e+06  4.10039794e-09  4.12931121e-09 
 8.12830516e+06  4.00373898e-09  4.15112082e-09 
 8.31763771e+06  3.90991262e-09  4.17376352e-09 
 8.51138038e+06  3.81880896e-09  4.19726774e-09 
 8.70963590e+06  3.73032222e-09  4.22166242e-09 
 8.91250938e+06  3.64435057e-09  4.24697699e-09 
 9.12010839e+06  3.56079594e-09  4.27324134e-09 
 9.33254301e+06  3.47956386e-09  4.30048576e-09 
 9.54992586e+06  3.40056331e-09  4.32874099e-09 
 9.77237221e+06  3.32370655e-09  4.35803807e-09 
 1.00000000e+07  3.24890902e-09  4.38840839e-09 
 1.02329299e+07  3.17608914e-09  4.41988361e-09 
 1.04712855e+07  3.10516826e-09  4.45249562e-09 
 1.07151931e+07  3.03607049e-09  4.48627649e-09 
 1.09647820e+07  2.96872262e-09  4.52125842e-09 
 1.12201845e+07  2.90305401e-09  4.55747372e-09 
 1.14815362e+07  2.83899651e-09  4.59495468e-09 
 1.17489755e+07  2.77648436e-09  4.63373359e-09 
 1.20226443e+07  2.71545412e-09  4.67384262e-09 
 1.23026877e+07  2.65584459e-09  4.71531381e-09 
 1.25892541e+07  2.59759680e-09  4.75817894e-09 
 1.28824955e+07  2.54065387e-09  4.80246952e-09 
 1.31825674e+07  2.48496104e-09  4.84821669e-09 
 1.34896288e+07  2.43046559e-09  4.89545114e-09 
 1.38038426e+07  2.37711681e-09  4.94420305e-09 
 1.41253754e+07  2.32486599e-09  4.99450200e-09 
 1.44543977e+07  2.27366634e-09  5.04637690e-09 
 1.47910839e+07  2.22347305e-09  5.09985592e-09 
 1.51356125e+07  2.17424322e-09  5.15496636e-09 
 1.54881662e+07  2.12593587e-09  5.21173461e-09 
 1.58489319e+07  2.07851192e-09  5.27018607e-09 
 1.62181010e+07  2.03193421e-09  5.33034501e-09 
 1.65958691e+07  1.98616748e-09  5.39223454e-09 
 1.69824365e+07  1.94117836e-09  5.45587651e-09 
 1.73780083e+07  1.89693542e-09  5.52129138e-09 
 1.77827941e+07  1.85340913e-09  5.58849820e-09 
 1.81970086e+07  1.81057188e-09  5.65751448e-09 
 1.86208714e+07  1.76839797e-09  5.72835612e-09 
 1.90546072e+07  1.72686364e-09  5.80103734e-09 
 1.94984460e+07  1.68594706e-09  5.87557057e-09 
 1.99526231e+07  1.64562831e-09  5.95196643e-09 
 2.04173794e+07  1.60588939e-09  6.03023360e-09 
 2.08929613e+07  1.56671421e-09  6.11037880e-09 
 2.13796209e+07  1.52808858e-09  6.19240671e-09 
 2.18776162e+07  1.49000016e-09  6.27631993e-09 
 2.23872114e+07  1.45243847e-09  6.36211894e-09 
 2.29086765e+07  1.41539482e-09  6.44980205e-09 
 2.34422882e+07  1.37886229e-09  6.53936540e-09 
 2.39883292e+07  1.34283566e-09  6.63080294e-09 
 2.45470892e+07  1.30731135e-09  6.72410641e-09 
 2.51188643e+07  1.27228735e-09  6.81926542e-09 
 2.57039578e+07  1.23776313e-09  6.91626742e-09 
 2.63026799e+07  1.20373955e-09  7.01509776e-09 
 2.69153480e+07  1.17021874e-09  7.11573980e-09 
 2.75422870e+07  1.13720403e-09  7.21817493e-09 
 2.81838293e+07  1.10469977e-09  7.32238274e-09 
 2.88403150e+07  1.07271123e-09  7.42834110e-09 
 2.95120923e+07  1.04124447e-09  7.53602633e-09 
 3.01995172e+07  1.01030617e-09  7.64541337e-09 
 3.09029543e+07  9.79903519e-10  7.75647595e-09 
 3.16227766e+07  9.50044026e-10  7.86918684e-09 
 3.23593657e+07  9.20735394e-10  7.98351806e-09 
 3.31131121e+07  8.91985369e-10  8.09944114e-09 
 3.38844156e+07  8.63801587e-10  8.21692743e-09 
 3.46736850e+07  8.36191443e-10  8.33594835e-09 
 3.54813389e+07  8.09161952e-10  8.45647575e-09 
 3.63078055e+07  7.82719627e-10  8.57848224e-09 
 3.71535229e+07  7.56870367e-10  8.70194156e-09 
 3.80189396e+07  7.31619348e-10  8.82682890e-09 
 3.89045145e+07  7.06970940e-10  8.95312134e-09 
 3.98107171e+07  6.82928629e-10  9.08079821e-09 
 4.07380278e+07  6.59494952e-10  9.20984152e-09 
 4.16869383e+07  6.36671448e-10  9.34023634e-09 
 4.26579519e+07  6.14458629e-10  9.47197122e-09 
 4.36515832e+07  5.92855952e-10  9.60503862e-09 
 4.46683592e+07  5.71861818e-10  9.73943528e-09 
 4.57088190e+07  5.51473572e-10  9.87516266e-09 
 4.67735141e+07  5.31687524e-10  1.00122274e-08 
 4.78630092e+07  5.12498974e-10  1.01506414e-08 
 4.89778819e+07  4.93902247e-10  1.02904228e-08 
 5.01187234e+07  4.75890741e-10  1.04315957e-08 
 5.12861384e+07  4.58456977e-10  1.05741909e-08 
 5.24807460e+07  4.41592656e-10  1.07182461e-08 
 5.37031796e+07  4.25288722e-10  1.08638062e-08 
 5.49540874e+07  4.09535425e-10  1.10109236e-08 
 5.62341325e+07  3.94322389e-10  1.11596586e-08 
 5.75439937e+07  3.79638680e-10  1.13100796e-08 
 5.88843655e+07  3.65472872e-10  1.14622630e-08 
 6.02559586e+07  3.51813119e-10  1.16162939e-08 
 6.16595002e+07  3.38647215e-10  1.17722661e-08 
 6.30957344e+07  3.25962664e-10  1.19302821e-08 
 6.45654229e+07  3.13746736e-10  1.20904535e-08 
 6.60693448e+07  3.01986529e-10  1.22529011e-08 
 6.76082975e+07  2.90669021e-10  1.24177547e-08 
 6.91830971e+07  2.79781127e-10  1.25851537e-08 
 7.07945784e+07  2.69309739e-10  1.27552467e-08 
 7.24435960e+07  2.59241777e-10  1.29281921e-08 
 7.41310241e+07  2.49564227e-10  1.31041576e-08 
 7.58577575e+07  2.40264177e-10  1.32833205e-08 
 7.76247117e+07  2.31328852e-10  1.34658681e-08 
 7.94328235e+07  2.22745642e-10  1.36519971e-08 
 8.12830516e+07  2.14502127e-10  1.38419143e-08 
 8.31763771e+07  2.06586105e-10  1.40358359e-08 
 8.51138038e+07  1.98985605e-10  1.42339885e-08 
 8.70963590e+07  1.91688910e-10  1.44366082e-08 
 8.91250938e+07  1.84684566e-10  1.46439415e-08 
 9.12010839e+07  1.77961401e-10  1.48562448e-08 
 9.33254301e+07  1.71508526e-10  1.50737847e-08 
 9.54992586e+07  1.65315349e-10  1.52968382e-08 
 9.77237221e+07  1.59371576e-10  1.55256926e-08 
 1.00000000e+08  1.53667220e-10  1.57606461e-08 
 1.02329299e+08  1.48192598e-10  1.60020074e-08 
 1.04712855e+08  1.42938334e-10  1.62500961e-08 
 1.07151931e+08  1.37895360e-10  1.65052433e-08 
 1.09647820e+08  1.33054911e-10  1.67677911e-08 
 1.12201845e+08  1.28408527e-10  1.70380935e-08 
 1.14815362e+08  1.23948044e-10  1.73165167e-08 
 1.17489755e+08  1.19665597e-10  1.76034387e-08 
 1.20226443e+08  1.15553608e-10  1.78992507e-08 
 1.23026877e+08  1.11604785e-10  1.82043566e-08 
 1.25892541e+08  1.07812115e-10  1.85191741e-08 
 1.28824955e+08  1.04168860e-10  1.88441347e-08 
 1.31825674e+08  1.00668545e-10  1.91796842e-08 
 1.34896288e+08  9.73049578e-11  1.95262839e-08 
 1.38038426e+08  9.40721378e-11  1.98844102e-08 
 1.41253754e+08  9.09643707e-11  2.02545558e-08 
 1.44543977e+08  8.79761807e-11  2.06372305e-08 
 1.47910839e+08  8.51023236e-11  2.10329612e-08 
 1.51356125e+08  8.23377793e-11  2.14422933e-08 
 1.54881662e+08  7.96777449e-11  2.18657910e-08 
 1.58489319e+08  7.71176269e-11  2.23040384e-08 
 1.62181010e+08  7.46530346e-11  2.27576402e-08 
 1.65958691e+08  7.22797727e-11  2.32272223e-08 
 1.69824365e+08  6.99938343e-11  2.37134333e-08 
 1.73780083e+08  6.77913943e-11  2.42169448e-08 
 1.77827941e+08  6.56688022e-11  2.47384528e-08 
 1.81970086e+08  6.36225757e-11  2.52786784e-08 
 1.86208714e+08  6.16493943e-11  2.58383691e-08 
 1.90546072e+08  5.97460925e-11  2.64182997e-08 
 1.94984460e+08  5.79096541e-11  2.70192733e-08 
 1.99526231e+08  5.61372061e-11  2.76421228e-08 
 2.04173794e+08  5.44260124e-11  2.82877116e-08 
 2.08929613e+08  5.27734684e-11  2.89569352e-08 
 2.13796209e+08  5.11770954e-11  2.96507221e-08 
 2.18776162e+08  4.96345354e-11  3.03700354e-08 
 2.23872114e+08  4.81435453e-11  3.11158738e-08 
 2.29086765e+08  4.67019923e-11  3.18892731e-08 
 2.34422882e+08  4.53078489e-11  3.26913076e-08 
 2.39883292e+08  4.39591881e-11  3.35230916e-08 
 2.45470892e+08  4.26541787e-11  3.43857804e-08 
 2.51188643e+08  4.13910811e-11  3.52805723e-08 
 2.57039578e+08  4.01682427e-11  3.62087103e-08 
 2.63026799e+08  3.89840938e-11  3.71714829e-08 
 2.69153480e+08  3.78371437e-11  3.81702268e-08 
 2.75422870e+08  3.67259770e-11  3.92063277e-08 
 2.81838293e+08  3.56492491e-11  4.02812227e-08 
 2.88403150e+08  3.46056836e-11  4.13964021e-08 
 2.95120923e+08  3.35940679e-11  4.25534109e-08 
 3.01995172e+08  3.26132506e-11  4.37538513e-08 
 3.09029543e+08  3.16621374e-11  4.49993845e-08 
 3.16227766e+08  3.07396890e-11  4.62917330e-08 
 3.23593657e+08  2.98449170e-11  4.76326827e-08 
 3.31131121e+08  2.89768819e-11  4.90240856e-08 
 3.38844156e+08  2.81346898e-11  5.04678616e-08 
 3.46736850e+08  2.73174899e-11  5.19660018e-08 
 3.54813389e+08  2.65244719e-11  5.35205705e-08 
 3.63078055e+08  2.57548636e-11  5.51337081e-08 
 3.71535229e+08  2.50079283e-11  5.68076341e-08 
 3.80189396e+08  2.42829630e-11  5.85446498e-08 
 3.89045145e+08  2.35792959e-11  6.03471411e-08 
 3.98107171e+08  2.28962845e-11  6.22175820e-08 
 4.07380278e+08  2.22333134e-11  6.41585372e-08 
 4.16869383e+08  2.15897930e-11  6.61726657e-08 
 4.26579519e+08  2.09651574e-11  6.82627236e-08 
 4.36515832e+08  2.03588626e-11  7.04315677e-08 
 4.46683592e+08  1.97703854e-11  7.26821582e-08 
 4.57088190e+08  1.91992219e-11  7.50175627e-08 
 4.67735141e+08  1.86448856e-11  7.74409585e-08 
 4.78630092e+08  1.81069068e-11  7.99556365e-08 
 4.89778819e+08  1.75848313e-11  8.25650035e-08 
 5.01187234e+08  1.70782190e-11  8.52725857e-08 
 5.12861384e+08  1.65866432e-11  8.80820311e-08 
 5.24807460e+08  1.61096899e-11  9.09971122e-08 
 5.37031796e+08  1.56469563e-11  9.40217283e-08 
 5.49540874e+08  1.51980509e-11  9.71599078e-08 
 5.62341325e+08  1.47625919e-11  1.00415809e-07 
 5.75439937e+08  1.43402077e-11  1.03793724e-07 
 5.88843655e+08  1.39305353e-11  1.07298076e-07 
 6.02559586e+08  1.35332205e-11  1.10933424e-07 
 6.16595002e+08  1.31479172e-11  1.14704459e-07 
 6.30957344e+08  1.27742872e-11  1.18616007e-07 
 6.45654229e+08  1.24119996e-11  1.22673027e-07 
 6.60693448e+08  1.20607310e-11  1.26880607e-07 
 6.76082975e+08  1.17201648e-11  1.31243967e-07 
 6.91830971e+08  1.13899912e-11  1.35768450e-07 
 7.07945784e+08  1.10699071e-11  1.40459525e-07 
 7.24435960e+08  1.07596158e-11  1.45322776e-07 
 7.41310241e+08  1.04588272e-11  1.50363902e-07 
 7.58577575e+08  1.01672574e-11  1.55588710e-07 
 7.76247117e+08  9.88462863e-12  1.61003104e-07 
 7.94328235e+08  9.61066945e-12  1.66613084e-07 
 8.12830516e+08  9.34511450e-12  1.72424732e-07 
 8.31763771e+08  9.08770457e-12  1.78444205e-07 
 8.51138038e+08  8.83818650e-12  1.84677725e-07 
 8.70963590e+08  8.59631320e-12  1.91131567e-07 
 8.91250938e+08  8.36184362e-12  1.97812044e-07 
 9.12010839e+08  8.13454272e-12  2.04725501e-07 
 9.33254301e+08  7.91418146e-12  2.11878292e-07 
 9.54992586e+08  7.70053677e-12  2.19276775e-07 
 9.77237221e+08  7.49339153e-12  2.26927288e-07 
 1.00000000e+09  7.29253452e-12  2.34836139e-07 
