 frequency       onoise_spectrum inoise_spectrum
 1.00000000e+00  1.15364800e-05  4.10252140e-07 
 1.02329299e+00  1.14183714e-05  4.06052046e-07 
 1.04712855e+00  1.13014896e-05  4.01895577e-07 
 1.07151931e+00  1.11858215e-05  3.97782272e-07 
 1.09647820e+00  1.10713545e-05  3.93711677e-07 
 1.12201845e+00  1.09580759e-05  3.89683342e-07 
 1.14815362e+00  1.08459731e-05  3.85696821e-07 
 1.17489755e+00  1.07350337e-05  3.81751675e-07 
 1.20226443e+00  1.06252456e-05  3.77847467e-07 
 1.23026877e+00  1.05165965e-05  3.73983766e-07 
 1.25892541e+00  1.04090746e-05  3.70160146e-07 
 1.28824955e+00  1.03026678e-05  3.66376185e-07 
 1.31825674e+00  1.01973646e-05  3.62631466e-07 
 1.34896288e+00  1.00931532e-05  3.58925575e-07 
 1.38038426e+00  9.99002225e-06  3.55258104e-07 
 1.41253754e+00  9.88796030e-06  3.51628649e-07 
 1.44543977e+00  9.78695613e-06  3.48036810e-07 
 1.47910839e+00  9.68699862e-06  3.44482192e-07 
 1.51356125e+00  9.58807677e-06  3.40964403e-07 
 1.54881662e+00  9.49017968e-06  3.37483056e-07 
 1.58489319e+00  9.39329659e-06  3.34037768e-07 
 1.62181010e+00  9.29741684e-06  3.30628160e-07 
 1.65958691e+00  9.20252989e-06  3.27253858e-07 
 1.69824365e+00  9.10862531e-06  3.23914490e-07 
 1.73780083e+00  9.01569279e-06  3.20609689e-07 
 1.77827941e+00  8.92372210e-06  3.17339092e-07 
 1.81970086e+00  8.83270316e-06  3.14102341e-07 
 1.86208714e+00  8.74262598e-06  3.10899080e-07 
 1.90546072e+00  8.65348066e-06  3.07728957e-07 
 1.94984460e+00  8.56525743e-06  3.04591625e-07 
 1.99526231e+00  8.47794662e-06  3.01486740e-07 
 2.04173794e+00  8.39153865e-06  2.98413961e-07 
 2.08929613e+00  8.30602405e-06  2.95372951e-07 
 2.13796209e+00  8.22139346e-06  2.92363378e-07 
 2.18776162e+00  8.13763760e-06  2.89384911e-07 
 2.23872114e+00  8.05474730e-06  2.86437225e-07 
 2.29086765e+00  7.97271350e-06  2.83519997e-07 
 2.34422882e+00  7.89152721e-06  2.80632908e-07 
 2.39883292e+00  7.81117956e-06  2.77775641e-07 
 2.45470892e+00  7.73166175e-06  2.74947886e-07 
 2.51188643e+00  7.65296511e-06  2.72149331e-07 
 2.57039578e+00  7.57508102e-06  2.69379672e-07 
 2.63026799e+00  7.49800098e-06  2.66638606e-07 
 2.69153480e+00  7.42171657e-06  2.63925834e-07 
 2.75422870e+00  7.34621946e-06  2.61241060e-07 
 2.81838293e+00  7.27150142e-06  2.58583989e-07 
 2.88403150e+00  7.19755429e-06  2.55954334e-07 
 2.95120923e+00  7.12437001e-06  2.53351806e-07 
 3.01995172e+00  7.05194059e-06  2.50776122e-07 
 3.09029543e+00  6.98025814e-06  2.48227002e-07 
 3.16227766e+00  6.90931486e-06  2.45704167e-07 
 3.23593657e+00  6.83910301e-06  2.43207343e-07 
 3.31131121e+00  6.76961494e-06  2.40736258e-07 
 3.38844156e+00  6.70084310e-06  2.38290642e-07 
 3.46736850e+00  6.63278001e-06  2.35870230e-07 
 3.54813389e+00  6.56541824e-06  2.33474759e-07 
 3.63078055e+00  6.49875049e-06  2.31103967e-07 
 3.71535229e+00  6.43276949e-06  2.28757598e-07 
 3.80189396e+00  6.36746809e-06  2.26435396e-07 
 3.89045145e+00  6.30283918e-06  2.24137108e-07 
 3.98107171e+00  6.23887574e-06  2.21862486e-07 
 4.07380278e+00  6.17557084e-06  2.19611281e-07 
 4.16869383e+00  6.11291760e-06  2.17383251e-07 
 4.26579519e+00  6.05090921e-06  2.15178153e-07 
 4.36515832e+00  5.98953896e-06  2.12995747e-07 
 4.46683592e+00  5.92880018e-06  2.10835798e-07 
 4.57088190e+00  5.86868630e-06  2.08698070e-07 
 4.67735141e+00  5.80919080e-06  2.06582333e-07 
 4.78630092e+00  5.75030723e-06  2.04488358e-07 
 4.89778819e+00  5.69202921e-06  2.02415916e-07 
 5.01187234e+00  5.63435044e-06  2.00364784e-07 
 5.12861384e+00  5.57726467e-06  1.98334741e-07 
 5.24807460e+00  5.52076573e-06  1.96325565e-07 
 5.37031796e+00  5.46484750e-06  1.94337041e-07 
 5.49540874e+00  5.40950394e-06  1.92368952e-07 
 5.62341325e+00  5.35472906e-06  1.90421087e-07 
 5.75439937e+00  5.30051695e-06  1.88493234e-07 
 5.88843655e+00  5.24686175e-06  1.86585186e-07 
 6.02559586e+00  5.19375766e-06  1.84696735e-07 
 6.16595002e+00  5.14119894e-06  1.82827680e-07 
 6.30957344e+00  5.08917994e-06  1.80977817e-07 
 6.45654229e+00  5.03769503e-06  1.79146947e-07 
 6.60693448e+00  4.98673867e-06  1.77334873e-07 
 6.76082975e+00  4.93630535e-06  1.75541399e-07 
 6.91830971e+00  4.88638964e-06  1.73766331e-07 
 7.07945784e+00  4.83698616e-06  1.72009480e-07 
 7.24435960e+00  4.78808959e-06  1.70270655e-07 
 7.41310241e+00  4.73969466e-06  1.68549668e-07 
 7.58577575e+00  4.69179616e-06  1.66846336e-07 
 7.76247117e+00  4.64438895e-06  1.65160474e-07 
 7.94328235e+00  4.59746790e-06  1.63491901e-07 
 8.12830516e+00  4.55102799e-06  1.61840438e-07 
 8.31763771e+00  4.50506422e-06  1.60205907e-07 
 8.51138038e+00  4.45957164e-06  1.58588132e-07 
 8.70963590e+00  4.41454537e-06  1.56986939e-07 
 8.91250938e+00  4.36998056e-06  1.55402157e-07 
 9.12010839e+00  4.32587244e-06  1.53833615e-07 
 9.33254301e+00  4.28221627e-06  1.52281146e-07 
 9.54992586e+00  4.23900736e-06  1.50744581e-07 
 9.77237221e+00  4.19624108e-06  1.49223757e-07 
 1.00000000e+01  4.15391283e-06  1.47718510e-07 
 1.02329299e+01  4.11201809e-06  1.46228678e-07 
 1.04712855e+01  4.07055236e-06  1.44754103e-07 
 1.07151931e+01  4.02951119e-06  1.43294626e-07 
 1.09647820e+01  3.98889019e-06  1.41850091e-07 
 1.12201845e+01  3.94868501e-06  1.40420343e-07 
 1.14815362e+01  3.90889135e-06  1.39005229e-07 
 1.17489755e+01  3.86950494e-06  1.37604597e-07 
 1.20226443e+01  3.83052157e-06  1.36218298e-07 
 1.23026877e+01  3.79193707e-06  1.34846184e-07 
 1.25892541e+01  3.75374732e-06  1.33488107e-07 
 1.28824955e+01  3.71594823e-06  1.32143922e-07 
 1.31825674e+01  3.67853576e-06  1.30813486e-07 
 1.34896288e+01  3.64150592e-06  1.29496657e-07 
 1.38038426e+01  3.60485475e-06  1.28193295e-07 
 1.41253754e+01  3.56857834e-06  1.26903259e-07 
 1.44543977e+01  3.53267282e-06  1.25626412e-07 
 1.47910839e+01  3.49713435e-06  1.24362618e-07 
 1.51356125e+01  3.46195914e-06  1.23111742e-07 
 1.54881662e+01  3.42714345e-06  1.21873651e-07 
 1.58489319e+01  3.39268356e-06  1.20648213e-07 
 1.62181010e+01  3.35857580e-06  1.19435297e-07 
 1.65958691e+01  3.32481653e-06  1.18234773e-07 
 1.69824365e+01  3.29140216e-06  1.17046515e-07 
 1.73780083e+01  3.25832913e-06  1.15870396e-07 
 1.77827941e+01  3.22559393e-06  1.14706289e-07 
 1.81970086e+01  3.19319306e-06  1.13554073e-07 
 1.86208714e+01  3.16112308e-06  1.12413623e-07 
 1.90546072e+01  3.12938058e-06  1.11284818e-07 
 1.94984460e+01  3.09796218e-06  1.10167540e-07 
 1.99526231e+01  3.06686455e-06  1.09061668e-07 
 2.04173794e+01  3.03608438e-06  1.07967085e-07 
 2.08929613e+01  3.00561840e-06  1.06883675e-07 
 2.13796209e+01  2.97546338e-06  1.05811324e-07 
 2.18776162e+01  2.94561612e-06  1.04749917e-07 
 2.23872114e+01  2.91607344e-06  1.03699341e-07 
 2.29086765e+01  2.88683221e-06  1.02659485e-07 
 2.34422882e+01  2.85788933e-06  1.01630239e-07 
 2.39883292e+01  2.82924174e-06  1.00611493e-07 
 2.45470892e+01  2.80088639e-06  9.96031406e-08 
 2.51188643e+01  2.77282029e-06  9.86050735e-08 
 2.57039578e+01  2.74504045e-06  9.76171866e-08 
 2.63026799e+01  2.71754394e-06  9.66393750e-08 
 2.69153480e+01  2.69032784e-06  9.56715354e-08 
 2.75422870e+01  2.66338927e-06  9.47135651e-08 
 2.81838293e+01  2.63672539e-06  9.37653630e-08 
 2.88403150e+01  2.61033337e-06  9.28268286e-08 
 2.95120923e+01  2.58421042e-06  9.18978628e-08 
 3.01995172e+01  2.55835378e-06  9.09783672e-08 
 3.09029543e+01  2.53276071e-06  9.00682448e-08 
 3.16227766e+01  2.50742852e-06  8.91673994e-08 
 3.23593657e+01  2.48235453e-06  8.82757357e-08 
 3.31131121e+01  2.45753608e-06  8.73931597e-08 
 3.38844156e+01  2.43297056e-06  8.65195781e-08 
 3.46736850e+01  2.40865538e-06  8.56548989e-08 
 3.54813389e+01  2.38458797e-06  8.47990306e-08 
 3.63078055e+01  2.36076579e-06  8.39518832e-08 
 3.71535229e+01  2.33718633e-06  8.31133671e-08 
 3.80189396e+01  2.31384711e-06  8.22833941e-08 
 3.89045145e+01  2.29074566e-06  8.14618767e-08 
 3.98107171e+01  2.26787955e-06  8.06487283e-08 
 4.07380278e+01  2.24524637e-06  7.98438633e-08 
 4.16869383e+01  2.22284375e-06  7.90471970e-08 
 4.26579519e+01  2.20066931e-06  7.82586453e-08 
 4.36515832e+01  2.17872073e-06  7.74781255e-08 
 4.46683592e+01  2.15699570e-06  7.67055554e-08 
 4.57088190e+01  2.13549193e-06  7.59408536e-08 
 4.67735141e+01  2.11420717e-06  7.51839399e-08 
 4.78630092e+01  2.09313917e-06  7.44347346e-08 
 4.89778819e+01  2.07228572e-06  7.36931590e-08 
 5.01187234e+01  2.05164463e-06  7.29591352e-08 
 5.12861384e+01  2.03121373e-06  7.22325861e-08 
 5.24807460e+01  2.01099089e-06  7.15134355e-08 
 5.37031796e+01  1.99097396e-06  7.08016077e-08 
 5.49540874e+01  1.97116086e-06  7.00970283e-08 
 5.62341325e+01  1.95154950e-06  6.93996231e-08 
 5.75439937e+01  1.93213783e-06  6.87093191e-08 
 5.88843655e+01  1.91292382e-06  6.80260439e-08 
 6.02559586e+01  1.89390544e-06  6.73497258e-08 
 6.16595002e+01  1.87508071e-06  6.66802941e-08 
 6.30957344e+01  1.85644765e-06  6.60176785e-08 
 6.45654229e+01  1.83800432e-06  6.53618097e-08 
 6.60693448e+01  1.81974878e-06  6.47126190e-08 
 6.76082975e+01  1.80167911e-06  6.40700384e-08 
 6.91830971e+01  1.78379344e-06  6.34340006e-08 
 7.07945784e+01  1.76608988e-06  6.28044393e-08 
 7.24435960e+01  1.74856659e-06  6.21812884e-08 
 7.41310241e+01  1.73122173e-06  6.15644828e-08 
 7.58577575e+01  1.71405349e-06  6.09539581e-08 
 7.76247117e+01  1.69706008e-06  6.03496505e-08 
 7.94328235e+01  1.68023972e-06  5.97514967e-08 
 8.12830516e+01  1.66359065e-06  5.91594344e-08 
 8.31763771e+01  1.64711114e-06  5.85734017e-08 
 8.51138038e+01  1.63079946e-06  5.79933374e-08 
 8.70963590e+01  1.61465392e-06  5.74191810e-08 
 8.91250938e+01  1.59867282e-06  5.68508725e-08 
 9.12010839e+01  1.58285451e-06  5.62883528e-08 
 9.33254301e+01  1.56719732e-06  5.57315631e-08 
 9.54992586e+01  1.55169963e-06  5.51804453e-08 
 9.77237221e+01  1.53635983e-06  5.46349421e-08 
 1.00000000e+02  1.52117631e-06  5.40949966e-08 
 1.02329299e+02  1.50614750e-06  5.35605525e-08 
 1.04712855e+02  1.49127182e-06  5.30315542e-08 
 1.07151931e+02  1.47654773e-06  5.25079466e-08 
 1.09647820e+02  1.46197370e-06  5.19896752e-08 
 1.12201845e+02  1.44754820e-06  5.14766860e-08 
 1.14815362e+02  1.43326975e-06  5.09689257e-08 
 1.17489755e+02  1.41913685e-06  5.04663414e-08 
 1.20226443e+02  1.40514803e-06  4.99688810e-08 
 1.23026877e+02  1.39130184e-06  4.94764926e-08 
 1.25892541e+02  1.37759684e-06  4.89891251e-08 
 1.28824955e+02  1.36403160e-06  4.85067279e-08 
 1.31825674e+02  1.35060472e-06  4.80292508e-08 
 1.34896288e+02  1.33731481e-06  4.75566443e-08 
 1.38038426e+02  1.32416047e-06  4.70888592e-08 
 1.41253754e+02  1.31114036e-06  4.66258470e-08 
 1.44543977e+02  1.29825310e-06  4.61675597e-08 
 1.47910839e+02  1.28549738e-06  4.57139497e-08 
 1.51356125e+02  1.27287186e-06  4.52649699e-08 
 1.54881662e+02  1.26037523e-06  4.48205738e-08 
 1.58489319e+02  1.24800621e-06  4.43807153e-08 
 1.62181010e+02  1.23576350e-06  4.39453488e-08 
 1.65958691e+02  1.22364584e-06  4.35144292e-08 
 1.69824365e+02  1.21165197e-06  4.30879119e-08 
 1.73780083e+02  1.19978065e-06  4.26657525e-08 
 1.77827941e+02  1.18803066e-06  4.22479075e-08 
 1.81970086e+02  1.17640077e-06  4.18343336e-08 
 1.86208714e+02  1.16488977e-06  4.14249879e-08 
 1.90546072e+02  1.15349649e-06  4.10198281e-08 
 1.94984460e+02  1.14221974e-06  4.06188122e-08 
 1.99526231e+02  1.13105835e-06  4.02218989e-08 
 2.04173794e+02  1.12001117e-06  3.98290469e-08 
 2.08929613e+02  1.10907705e-06  3.94402157e-08 
 2.13796209e+02  1.09825487e-06  3.90553652e-08 
 2.18776162e+02  1.08754351e-06  3.86744554e-08 
 2.23872114e+02  1.07694186e-06  3.82974471e-08 
 2.29086765e+02  1.06644883e-06  3.79243013e-08 
 2.34422882e+02  1.05606332e-06  3.75549794e-08 
 2.39883292e+02  1.04578428e-06  3.71894434e-08 
 2.45470892e+02  1.03561063e-06  3.68276554e-08 
 2.51188643e+02  1.02554133e-06  3.64695782e-08 
 2.57039578e+02  1.01557533e-06  3.61151747e-08 
 2.63026799e+02  1.00571162e-06  3.57644083e-08 
 2.69153480e+02  9.95949167e-07  3.54172430e-08 
 2.75422870e+02  9.86286968e-07  3.50736429e-08 
 2.81838293e+02  9.76724027e-07  3.47335724e-08 
 2.88403150e+02  9.67259358e-07  3.43969967e-08 
 2.95120923e+02  9.57891984e-07  3.40638809e-08 
 3.01995172e+02  9.48620940e-07  3.37341907e-08 
 3.09029543e+02  9.39445271e-07  3.34078922e-08 
 3.16227766e+02  9.30364031e-07  3.30849518e-08 
 3.23593657e+02  9.21376284e-07  3.27653360e-08 
 3.31131121e+02  9.12481104e-07  3.24490121e-08 
 3.38844156e+02  9.03677576e-07  3.21359474e-08 
 3.46736850e+02  8.94964792e-07  3.18261097e-08 
 3.54813389e+02  8.86341855e-07  3.15194671e-08 
 3.63078055e+02  8.77807878e-07  3.12159881e-08 
 3.71535229e+02  8.69361981e-07  3.09156413e-08 
 3.80189396e+02  8.61003297e-07  3.06183958e-08 
 3.89045145e+02  8.52730963e-07  3.03242212e-08 
 3.98107171e+02  8.44544130e-07  3.00330870e-08 
 4.07380278e+02  8.36441954e-07  2.97449634e-08 
 4.16869383e+02  8.28423603e-07  2.94598207e-08 
 4.26579519e+02  8.20488251e-07  2.91776296e-08 
 4.36515832e+02  8.12635082e-07  2.88983610e-08 
 4.46683592e+02  8.04863288e-07  2.86219862e-08 
 4.57088190e+02  7.97172071e-07  2.83484769e-08 
 4.67735141e+02  7.89560639e-07  2.80778048e-08 
 4.78630092e+02  7.82028209e-07  2.78099421e-08 
 4.89778819e+02  7.74574008e-07  2.75448614e-08 
 5.01187234e+02  7.67197268e-07  2.72825353e-08 
 5.12861384e+02  7.59897232e-07  2.70229369e-08 
 5.24807460e+02  7.52673148e-07  2.67660395e-08 
 5.37031796e+02  7.45524275e-07  2.65118167e-08 
 5.49540874e+02  7.38449878e-07  2.62602424e-08 
 5.62341325e+02  7.31449229e-07  2.60112906e-08 
 5.75439937e+02  7.24521609e-07  2.57649359e-08 
 5.88843655e+02  7.17666306e-07  2.55211529e-08 
 6.02559586e+02  7.10882615e-07  2.52799165e-08 
 6.16595002e+02  7.04169838e-07  2.50412019e-08 
 6.30957344e+02  6.97527287e-07  2.48049846e-08 
 6.45654229e+02  6.90954277e-07  2.45712404e-08 
 6.60693448e+02  6.84450134e-07  2.43399452e-08 
 6.76082975e+02  6.78014189e-07  2.41110752e-08 
 6.91830971e+02  6.71645780e-07  2.38846068e-08 
 7.07945784e+02  6.65344252e-07  2.36605169e-08 
 7.24435960e+02  6.59108958e-07  2.34387824e-08 
 7.41310241e+02  6.52939256e-07  2.32193804e-08 
 7.58577575e+02  6.46834512e-07  2.30022884e-08 
 7.76247117e+02  6.40794098e-07  2.27874841e-08 
 7.94328235e+02  6.34817392e-07  2.25749454e-08 
 8.12830516e+02  6.28903780e-07  2.23646504e-08 
 8.31763771e+02  6.23052653e-07  2.21565774e-08 
 8.51138038e+02  6.17263409e-07  2.19507052e-08 
 8.70963590e+02  6.11535452e-07  2.17470124e-08 
 8.91250938e+02  6.05868192e-07  2.15454781e-08 
 9.12010839e+02  6.00261046e-07  2.13460816e-08 
 9.33254301e+02  5.94713436e-07  2.11488023e-08 
 9.54992586e+02  5.89224791e-07  2.09536198e-08 
 9.77237221e+02  5.83794545e-07  2.07605142e-08 
 1.00000000e+03  5.78422138e-07  2.05694654e-08 
 1.02329299e+03  5.73107016e-07  2.03804538e-08 
 1.04712855e+03  5.67848631e-07  2.01934598e-08 
 1.07151931e+03  5.62646440e-07  2.00084643e-08 
 1.09647820e+03  5.57499907e-07  1.98254480e-08 
 1.12201845e+03  5.52408499e-07  1.96443922e-08 
 1.14815362e+03  5.47371692e-07  1.94652780e-08 
 1.17489755e+03  5.42388964e-07  1.92880870e-08 
 1.20226443e+03  5.37459800e-07  1.91128008e-08 
 1.23026877e+03  5.32583690e-07  1.89394014e-08 
 1.25892541e+03  5.27760130e-07  1.87678707e-08 
 1.28824955e+03  5.22988620e-07  1.85981911e-08 
 1.31825674e+03  5.18268666e-07  1.84303450e-08 
 1.34896288e+03  5.13599778e-07  1.82643148e-08 
 1.38038426e+03  5.08981472e-07  1.81000835e-08 
 1.41253754e+03  5.04413269e-07  1.79376340e-08 
 1.44543977e+03  4.99894695e-07  1.77769494e-08 
 1.47910839e+03  4.95425279e-07  1.76180130e-08 
 1.51356125e+03  4.91004556e-07  1.74608083e-08 
 1.54881662e+03  4.86632068e-07  1.73053189e-08 
 1.58489319e+03  4.82307357e-07  1.71515286e-08 
 1.62181010e+03  4.78029973e-07  1.69994214e-08 
 1.65958691e+03  4.73799471e-07  1.68489814e-08 
 1.69824365e+03  4.69615407e-07  1.67001930e-08 
 1.73780083e+03  4.65477345e-07  1.65530405e-08 
 1.77827941e+03  4.61384851e-07  1.64075086e-08 
 1.81970086e+03  4.57337498e-07  1.62635820e-08 
 1.86208714e+03  4.53334860e-07  1.61212457e-08 
 1.90546072e+03  4.49376517e-07  1.59804846e-08 
 1.94984460e+03  4.45462053e-07  1.58412841e-08 
 1.99526231e+03  4.41591058e-07  1.57036294e-08 
 2.04173794e+03  4.37763122e-07  1.55675061e-08 
 2.08929613e+03  4.33977842e-07  1.54328999e-08 
 2.13796209e+03  4.30234818e-07  1.52997964e-08 
 2.18776162e+03  4.26533655e-07  1.51681817e-08 
 2.23872114e+03  4.22873960e-07  1.50380418e-08 
 2.29086765e+03  4.19255346e-07  1.49093629e-08 
 2.34422882e+03  4.15677428e-07  1.47821314e-08 
 2.39883292e+03  4.12139826e-07  1.46563337e-08 
 2.45470892e+03  4.08642162e-07  1.45319564e-08 
 2.51188643e+03  4.05184063e-07  1.44089863e-08 
 2.57039578e+03  4.01765160e-07  1.42874101e-08 
 2.63026799e+03  3.98385086e-07  1.41672150e-08 
 2.69153480e+03  3.95043479e-07  1.40483880e-08 
 2.75422870e+03  3.91739979e-07  1.39309163e-08 
 2.81838293e+03  3.88474232e-07  1.38147873e-08 
 2.88403150e+03  3.85245883e-07  1.36999885e-08 
 2.95120923e+03  3.82054585e-07  1.35865075e-08 
 3.01995172e+03  3.78899991e-07  1.34743319e-08 
 3.09029543e+03  3.75781758e-07  1.33634496e-08 
 3.16227766e+03  3.72699547e-07  1.32538486e-08 
 3.23593657e+03  3.69653023e-07  1.31455168e-08 
 3.31131121e+03  3.66641850e-07  1.30384425e-08 
 3.38844156e+03  3.63665700e-07  1.29326139e-08 
 3.46736850e+03  3.60724245e-07  1.28280193e-08 
 3.54813389e+03  3.57817161e-07  1.27246474e-08 
 3.63078055e+03  3.54944126e-07  1.26224865e-08 
 3.71535229e+03  3.52104822e-07  1.25215255e-08 
 3.80189396e+03  3.49298934e-07  1.24217531e-08 
 3.89045145e+03  3.46526148e-07  1.23231583e-08 
 3.98107171e+03  3.43786154e-07  1.22257299e-08 
 4.07380278e+03  3.41078646e-07  1.21294571e-08 
 4.16869383e+03  3.38403318e-07  1.20343291e-08 
 4.26579519e+03  3.35759868e-07  1.19403351e-08 
 4.36515832e+03  3.33147997e-07  1.18474645e-08 
 4.46683592e+03  3.30567408e-07  1.17557068e-08 
 4.57088190e+03  3.28017806e-07  1.16650515e-08 
 4.67735141e+03  3.25498900e-07  1.15754882e-08 
 4.78630092e+03  3.23010400e-07  1.14870067e-08 
 4.89778819e+03  3.20552019e-07  1.13995968e-08 
 5.01187234e+03  3.18123472e-07  1.13132484e-08 
 5.12861384e+03  3.15724477e-07  1.12279514e-08 
 5.24807460e+03  3.13354753e-07  1.11436959e-08 
 5.37031796e+03  3.11014024e-07  1.10604721e-08 
 5.49540874e+03  3.08702013e-07  1.09782702e-08 
 5.62341325e+03  3.06418447e-07  1.08970805e-08 
 5.75439937e+03  3.04163054e-07  1.08168933e-08 
 5.88843655e+03  3.01935565e-07  1.07376992e-08 
 6.02559586e+03  2.99735714e-07  1.06594886e-08 
 6.16595002e+03  2.97563235e-07  1.05822521e-08 
 6.30957344e+03  2.95417865e-07  1.05059806e-08 
 6.45654229e+03  2.93299343e-07  1.04306646e-08 
 6.60693448e+03  2.91207411e-07  1.03562950e-08 
 6.76082975e+03  2.89141810e-07  1.02828627e-08 
 6.91830971e+03  2.87102286e-07  1.02103587e-08 
 7.07945784e+03  2.85088585e-07  1.01387739e-08 
 7.24435960e+03  2.83100456e-07  1.00680996e-08 
 7.41310241e+03  2.81137648e-07  9.99832679e-09 
 7.58577575e+03  2.79199915e-07  9.92944676e-09 
 7.76247117e+03  2.77287009e-07  9.86145079e-09 
 7.94328235e+03  2.75398686e-07  9.79433024e-09 
 8.12830516e+03  2.73534703e-07  9.72807652e-09 
 8.31763771e+03  2.71694820e-07  9.66268111e-09 
 8.51138038e+03  2.69878795e-07  9.59813554e-09 
 8.70963590e+03  2.68086393e-07  9.53443140e-09 
 8.91250938e+03  2.66317375e-07  9.47156036e-09 
 9.12010839e+03  2.64571507e-07  9.40951412e-09 
 9.33254301e+03  2.62848557e-07  9.34828446e-09 
 9.54992586e+03  2.61148291e-07  9.28786320e-09 
 9.77237221e+03  2.59470481e-07  9.22824222e-09 
 1.00000000e+04  2.57814896e-07  9.16941347e-09 
 1.02329299e+04  2.56181310e-07  9.11136893e-09 
 1.04712855e+04  2.54569497e-07  9.05410065e-09 
 1.07151931e+04  2.52979232e-07  8.99760072e-09 
 1.09647820e+04  2.51410291e-07  8.94186131e-09 
 1.12201845e+04  2.49862454e-07  8.88687460e-09 
 1.14815362e+04  2.48335499e-07  8.83263286e-09 
 1.17489755e+04  2.46829206e-07  8.77912840e-09 
 1.20226443e+04  2.45343359e-07  8.72635355e-09 
 1.23026877e+04  2.43877740e-07  8.67430074e-09 
 1.25892541e+04  2.42432134e-07  8.62296241e-09 
 1.28824955e+04  2.41006327e-07  8.57233107e-09 
 1.31825674e+04  2.39600106e-07  8.52239927e-09 
 1.34896288e+04  2.38213258e-07  8.47315960e-09 
 1.38038426e+04  2.36845573e-07  8.42460472e-09 
 1.41253754e+04  2.35496842e-07  8.37672731e-09 
 1.44543977e+04  2.34166856e-07  8.32952013e-09 
 1.47910839e+04  2.32855408e-07  8.28297595e-09 
 1.51356125e+04  2.31562292e-07  8.23708761e-09 
 1.54881662e+04  2.30287303e-07  8.19184799e-09 
 1.58489319e+04  2.29030236e-07  8.14725001e-09 
 1.62181010e+04  2.27790889e-07  8.10328664e-09 
 1.65958691e+04  2.26569060e-07  8.05995090e-09 
 1.69824365e+04  2.25364547e-07  8.01723585e-09 
 1.73780083e+04  2.24177151e-07  7.97513459e-09 
 1.77827941e+04  2.23006674e-07  7.93364027e-09 
 1.81970086e+04  2.21852916e-07  7.89274609e-09 
 1.86208714e+04  2.20715681e-07  7.85244527e-09 
 1.90546072e+04  2.19594773e-07  7.81273112e-09 
 1.94984460e+04  2.18489997e-07  7.77359694e-09 
 1.99526231e+04  2.17401157e-07  7.73503611e-09 
 2.04173794e+04  2.16328062e-07  7.69704204e-09 
 2.08929613e+04  2.15270518e-07  7.65960820e-09 
 2.13796209e+04  2.14228333e-07  7.62272807e-09 
 2.18776162e+04  2.13201317e-07  7.58639521e-09 
 2.23872114e+04  2.12189279e-07  7.55060320e-09 
 2.29086765e+04  2.11192031e-07  7.51534567e-09 
 2.34422882e+04  2.10209383e-07  7.48061630e-09 
 2.39883292e+04  2.09241148e-07  7.44640881e-09 
 2.45470892e+04  2.08287138e-07  7.41271696e-09 
 2.51188643e+04  2.07347168e-07  7.37953455e-09 
 2.57039578e+04  2.06421051e-07  7.34685544e-09 
 2.63026799e+04  2.05508603e-07  7.31467352e-09 
 2.69153480e+04  2.04609638e-07  7.28298271e-09 
 2.75422870e+04  2.03723974e-07  7.25177702e-09 
 2.81838293e+04  2.02851426e-07  7.22105045e-09 
 2.88403150e+04  2.01991812e-07  7.19079709e-09 
 2.95120923e+04  2.01144950e-07  7.16101103e-09 
 3.01995172e+04  2.00310658e-07  7.13168645e-09 
 3.09029543e+04  1.99488755e-07  7.10281753e-09 
 3.16227766e+04  1.98679059e-07  7.07439854e-09 
 3.23593657e+04  1.97881391e-07  7.04642375e-09 
 3.31131121e+04  1.97095570e-07  7.01888750e-09 
 3.38844156e+04  1.96321417e-07  6.99178417e-09 
 3.46736850e+04  1.95558751e-07  6.96510819e-09 
 3.54813389e+04  1.94807394e-07  6.93885402e-09 
 3.63078055e+04  1.94067166e-07  6.91301619e-09 
 3.71535229e+04  1.93337888e-07  6.88758925e-09 
 3.80189396e+04  1.92619382e-07  6.86256780e-09 
 3.89045145e+04  1.91911469e-07  6.83794650e-09 
 3.98107171e+04  1.91213969e-07  6.81372004e-09 
 4.07380278e+04  1.90526704e-07  6.78988317e-09 
 4.16869383e+04  1.89849494e-07  6.76643067e-09 
 4.26579519e+04  1.89182161e-07  6.74335738e-09 
 4.36515832e+04  1.88524525e-07  6.72065817e-09 
 4.46683592e+04  1.87876406e-07  6.69832798e-09 
 4.57088190e+04  1.87237624e-07  6.67636177e-09 
 4.67735141e+04  1.86607998e-07  6.65475457e-09 
 4.78630092e+04  1.85987347e-07  6.63350144e-09 
 4.89778819e+04  1.85375490e-07  6.61259749e-09 
 5.01187234e+04  1.84772243e-07  6.59203787e-09 
 5.12861384e+04  1.84177424e-07  6.57181781e-09 
 5.24807460e+04  1.83590848e-07  6.55193254e-09 
 5.37031796e+04  1.83012331e-07  6.53237737e-09 
 5.49540874e+04  1.82441686e-07  6.51314763e-09 
 5.62341325e+04  1.81878726e-07  6.49423874e-09 
 5.75439937e+04  1.81323262e-07  6.47564612e-09 
 5.88843655e+04  1.80775104e-07  6.45736526e-09 
 6.02559586e+04  1.80234061e-07  6.43939170e-09 
 6.16595002e+04  1.79699939e-07  6.42172102e-09 
 6.30957344e+04  1.79172544e-07  6.40434885e-09 
 6.45654229e+04  1.78651680e-07  6.38727086e-09 
 6.60693448e+04  1.78137146e-07  6.37048278e-09 
 6.76082975e+04  1.77628742e-07  6.35398038e-09 
 6.91830971e+04  1.77126265e-07  6.33775948e-09 
 7.07945784e+04  1.76629509e-07  6.32181594e-09 
 7.24435960e+04  1.76138266e-07  6.30614568e-09 
 7.41310241e+04  1.75652324e-07  6.29074466e-09 
 7.58577575e+04  1.75171470e-07  6.27560889e-09 
 7.76247117e+04  1.74695485e-07  6.26073442e-09 
 7.94328235e+04  1.74224149e-07  6.24611735e-09 
 8.12830516e+04  1.73757237e-07  6.23175384e-09 
 8.31763771e+04  1.73294522e-07  6.21764008e-09 
 8.51138038e+04  1.72835772e-07  6.20377232e-09 
 8.70963590e+04  1.72380751e-07  6.19014685e-09 
 8.91250938e+04  1.71929217e-07  6.17676000e-09 
 9.12010839e+04  1.71480926e-07  6.16360817e-09 
 9.33254301e+04  1.71035627e-07  6.15068779e-09 
 9.54992586e+04  1.70593066e-07  6.13799534e-09 
 9.77237221e+04  1.70152981e-07  6.12552733e-09 
 1.00000000e+05  1.69715107e-07  6.11328036e-09 
 1.02329299e+05  1.69279172e-07  6.10125104e-09 
 1.04712855e+05  1.68844897e-07  6.08943603e-09 
 1.07151931e+05  1.68411997e-07  6.07783205e-09 
 1.09647820e+05  1.67980182e-07  6.06643585e-09 
 1.12201845e+05  1.67549153e-07  6.05524426e-09 
 1.14815362e+05  1.67118604e-07  6.04425412e-09 
 1.17489755e+05  1.66688221e-07  6.03346232e-09 
 1.20226443e+05  1.66257684e-07  6.02286582e-09 
 1.23026877e+05  1.65826662e-07  6.01246161e-09 
 1.25892541e+05  1.65394819e-07  6.00224672e-09 
 1.28824955e+05  1.64961806e-07  5.99221823e-09 
 1.31825674e+05  1.64527269e-07  5.98237329e-09 
 1.34896288e+05  1.64090840e-07  5.97270906e-09 
 1.38038426e+05  1.63652144e-07  5.96322276e-09 
 1.41253754e+05  1.63210797e-07  5.95391166e-09 
 1.44543977e+05  1.62766402e-07  5.94477308e-09 
 1.47910839e+05  1.62318551e-07  5.93580437e-09 
 1.51356125e+05  1.61866828e-07  5.92700293e-09 
 1.54881662e+05  1.61410802e-07  5.91836622e-09 
 1.58489319e+05  1.60950033e-07  5.90989172e-09 
 1.62181010e+05  1.60484069e-07  5.90157698e-09 
 1.65958691e+05  1.60012443e-07  5.89341958e-09 
 1.69824365e+05  1.59534678e-07  5.88541715e-09 
 1.73780083e+05  1.59050285e-07  5.87756737e-09 
 1.77827941e+05  1.58558761e-07  5.86986795e-09 
 1.81970086e+05  1.58059590e-07  5.86231667e-09 
 1.86208714e+05  1.57552244e-07  5.85491132e-09 
 1.90546072e+05  1.57036180e-07  5.84764977e-09 
 1.94984460e+05  1.56510843e-07  5.84052992e-09 
 1.99526231e+05  1.55975666e-07  5.83354971e-09 
 2.04173794e+05  1.55430068e-07  5.82670714e-09 
 2.08929613e+05  1.54873453e-07  5.82000024e-09 
 2.13796209e+05  1.54305217e-07  5.81342708e-09 
 2.18776162e+05  1.53724739e-07  5.80698580e-09 
 2.23872114e+05  1.53131389e-07  5.80067458e-09 
 2.29086765e+05  1.52524525e-07  5.79449161e-09 
 2.34422882e+05  1.51903492e-07  5.78843518e-09 
 2.39883292e+05  1.51267626e-07  5.78250358e-09 
 2.45470892e+05  1.50616255e-07  5.77669517e-09 
 2.51188643e+05  1.49948697e-07  5.77100835e-09 
 2.57039578e+05  1.49264262e-07  5.76544156e-09 
 2.63026799e+05  1.48562254e-07  5.75999330e-09 
 2.69153480e+05  1.47841972e-07  5.75466210e-09 
 2.75422870e+05  1.47102713e-07  5.74944655e-09 
 2.81838293e+05  1.46343770e-07  5.74434527e-09 
 2.88403150e+05  1.45564438e-07  5.73935693e-09 
 2.95120923e+05  1.44764012e-07  5.73448027e-09 
 3.01995172e+05  1.43941794e-07  5.72971405e-09 
 3.09029543e+05  1.43097091e-07  5.72505708e-09 
 3.16227766e+05  1.42229220e-07  5.72050822e-09 
 3.23593657e+05  1.41337512e-07  5.71606639e-09 
 3.31131121e+05  1.40421310e-07  5.71173054e-09 
 3.38844156e+05  1.39479980e-07  5.70749967e-09 
 3.46736850e+05  1.38512908e-07  5.70337283e-09 
 3.54813389e+05  1.37519506e-07  5.69934911e-09 
 3.63078055e+05  1.36499217e-07  5.69542767e-09 
 3.71535229e+05  1.35451518e-07  5.69160768e-09 
 3.80189396e+05  1.34375925e-07  5.68788839e-09 
 3.89045145e+05  1.33271995e-07  5.68426907e-09 
 3.98107171e+05  1.32139336e-07  5.68074907e-09 
 4.07380278e+05  1.30977605e-07  5.67732775e-09 
 4.16869383e+05  1.29786517e-07  5.67400453e-09 
 4.26579519e+05  1.28565850e-07  5.67077889e-09 
 4.36515832e+05  1.27315447e-07  5.66765034e-09 
 4.46683592e+05  1.26035224e-07  5.66461844e-09 
 4.57088190e+05  1.24725173e-07  5.66168279e-09 
 4.67735141e+05  1.23385364e-07  5.65884303e-09 
 4.78630092e+05  1.22015955e-07  5.65609886e-09 
 4.89778819e+05  1.20617192e-07  5.65345001e-09 
 5.01187234e+05  1.19189413e-07  5.65089624e-09 
 5.12861384e+05  1.17733053e-07  5.64843738e-09 
 5.24807460e+05  1.16248645e-07  5.64607326e-09 
 5.37031796e+05  1.14736822e-07  5.64380379e-09 
 5.49540874e+05  1.13198321e-07  5.64162888e-09 
 5.62341325e+05  1.11633984e-07  5.63954848e-09 
 5.75439937e+05  1.10044754e-07  5.63756260e-09 
 5.88843655e+05  1.08431679e-07  5.63567125e-09 
 6.02559586e+05  1.06795911e-07  5.63387447e-09 
 6.16595002e+05  1.05138700e-07  5.63217234e-09 
 6.30957344e+05  1.03461393e-07  5.63056495e-09 
 6.45654229e+05  1.01765433e-07  5.62905242e-09 
 6.60693448e+05  1.00052350e-07  5.62763486e-09 
 6.76082975e+05  9.83237569e-08  5.62631243e-09 
 6.91830971e+05  9.65813456e-08  5.62508528e-09 
 7.07945784e+05  9.48268765e-08  5.62395355e-09 
 7.24435960e+05  9.30621721e-08  5.62291741e-09 
 7.41310241e+05  9.12891088e-08  5.62197701e-09 
 7.58577575e+05  8.95096075e-08  5.62113248e-09 
 7.76247117e+05  8.77256238e-08  5.62038397e-09 
 7.94328235e+05  8.59391389e-08  5.61973157e-09 
 8.12830516e+05  8.41521486e-08  5.61917537e-09 
 8.31763771e+05  8.23666535e-08  5.61871544e-09 
 8.51138038e+05  8.05846485e-08  5.61835178e-09 
 8.70963590e+05  7.88081125e-08  5.61808439e-09 
 8.91250938e+05  7.70389984e-08  5.61791317e-09 
 9.12010839e+05  7.52792233e-08  5.61783802e-09 
 9.33254301e+05  7.35306590e-08  5.61785875e-09 
 9.54992586e+05  7.17951235e-08  5.61797509e-09 
 9.77237221e+05  7.00743725e-08  5.61818673e-09 
 1.00000000e+06  6.83700918e-08  5.61849324e-09 
 1.02329299e+06  6.66838904e-08  5.61889415e-09 
 1.04712855e+06  6.50172948e-08  5.61938885e-09 
 1.07151931e+06  6.33717432e-08  5.61997665e-09 
 1.09647820e+06  6.17485817e-08  5.62065677e-09 
 1.12201845e+06  6.01490600e-08  5.62142831e-09 
 1.14815362e+06  5.85743296e-08  5.62229022e-09 
 1.17489755e+06  5.70254409e-08  5.62324139e-09 
 1.20226443e+06  5.55033433e-08  5.62428054e-09 
 1.23026877e+06  5.40088837e-08  5.62540629e-09 
 1.25892541e+06  5.25428081e-08  5.62661710e-09 
 1.28824955e+06  5.11057619e-08  5.62791132e-09 
 1.31825674e+06  4.96982921e-08  5.62928717e-09 
 1.34896288e+06  4.83208495e-08  5.63074272e-09 
 1.38038426e+06  4.69737917e-08  5.63227591e-09 
 1.41253754e+06  4.56573863e-08  5.63388456e-09 
 1.44543977e+06  4.43718145e-08  5.63556636e-09 
 1.47910839e+06  4.31171755e-08  5.63731885e-09 
 1.51356125e+06  4.18934903e-08  5.63913948e-09 
 1.54881662e+06  4.07007064e-08  5.64102557e-09 
 1.58489319e+06  3.95387027e-08  5.64297434e-09 
 1.62181010e+06  3.84072936e-08  5.64498291e-09 
 1.65958691e+06  3.73062345e-08  5.64704829e-09 
 1.69824365e+06  3.62352260e-08  5.64916744e-09 
 1.73780083e+06  3.51939189e-08  5.65133724e-09 
 1.77827941e+06  3.41819188e-08  5.65355450e-09 
 1.81970086e+06  3.31987909e-08  5.65581600e-09 
 1.86208714e+06  3.22440640e-08  5.65811848e-09 
 1.90546072e+06  3.13172352e-08  5.66045867e-09 
 1.94984460e+06  3.04177735e-08  5.66283330e-09 
 1.99526231e+06  2.95451245e-08  5.66523910e-09 
 2.04173794e+06  2.86987133e-08  5.66767285e-09 
 2.08929613e+06  2.78779486e-08  5.67013135e-09 
 2.13796209e+06  2.70822257e-08  5.67261147e-09 
 2.18776162e+06  2.63109298e-08  5.67511015e-09 
 2.23872114e+06  2.55634387e-08  5.67762444e-09 
 2.29086765e+06  2.48391256e-08  5.68015146e-09 
 2.34422882e+06  2.41373613e-08  5.68268848e-09 
 2.39883292e+06  2.34575168e-08  5.68523288e-09 
 2.45470892e+06  2.27989653e-08  5.68778220e-09 
 2.51188643e+06  2.21610836e-08  5.69033414e-09 
 2.57039578e+06  2.15432543e-08  5.69288655e-09 
 2.63026799e+06  2.09448671e-08  5.69543748e-09 
 2.69153480e+06  2.03653200e-08  5.69798516e-09 
 2.75422870e+06  1.98040206e-08  5.70052803e-09 
 2.81838293e+06  1.92603869e-08  5.70306473e-09 
 2.88403150e+06  1.87338486e-08  5.70559409e-09 
 2.95120923e+06  1.82238472e-08  5.70811520e-09 
 3.01995172e+06  1.77298373e-08  5.71062734e-09 
 3.09029543e+06  1.72512865e-08  5.71313004e-09 
 3.16227766e+06  1.67876762e-08  5.71562304e-09 
 3.23593657e+06  1.63385017e-08  5.71810632e-09 
 3.31131121e+06  1.59032724e-08  5.72058009e-09 
 3.38844156e+06  1.54815120e-08  5.72304480e-09 
 3.46736850e+06  1.50727586e-08  5.72550112e-09 
 3.54813389e+06  1.46765646e-08  5.72794995e-09 
 3.63078055e+06  1.42924967e-08  5.73039242e-09 
 3.71535229e+06  1.39201358e-08  5.73282991e-09 
 3.80189396e+06  1.35590768e-08  5.73526399e-09 
 3.89045145e+06  1.32089283e-08  5.73769647e-09 
 3.98107171e+06  1.28693128e-08  5.74012936e-09 
 4.07380278e+06  1.25398657e-08  5.74256492e-09 
 4.16869383e+06  1.22202359e-08  5.74500557e-09 
 4.26579519e+06  1.19100847e-08  5.74745399e-09 
 4.36515832e+06  1.16090860e-08  5.74991303e-09 
 4.46683592e+06  1.13169258e-08  5.75238574e-09 
 4.57088190e+06  1.10333018e-08  5.75487539e-09 
 4.67735141e+06  1.07579232e-08  5.75738543e-09 
 4.78630092e+06  1.04905102e-08  5.75991951e-09 
 4.89778819e+06  1.02307936e-08  5.76248145e-09 
 5.01187234e+06  9.97851477e-09  5.76507528e-09 
 5.12861384e+06  9.73342484e-09  5.76770520e-09 
 5.24807460e+06  9.49528467e-09  5.77037561e-09 
 5.37031796e+06  9.26386441e-09  5.77309108e-09 
 5.49540874e+06  9.03894312e-09  5.77585636e-09 
 5.62341325e+06  8.82030845e-09  5.77867641e-09 
 5.75439937e+06  8.60775633e-09  5.78155633e-09 
 5.88843655e+06  8.40109061e-09  5.78450144e-09 
 6.02559586e+06  8.20012278e-09  5.78751722e-09 
 6.16595002e+06  8.00467163e-09  5.79060935e-09 
 6.30957344e+06  7.81456297e-09  5.79378370e-09 
 6.45654229e+06  7.62962932e-09  5.79704631e-09 
 6.60693448e+06  7.44970964e-09  5.80040343e-09 
 6.76082975e+06  7.27464909e-09  5.80386151e-09 
 6.91830971e+06  7.10429870e-09  5.80742716e-09 
 7.07945784e+06  6.93851518e-09  5.81110724e-09 
 7.24435960e+06  6.77716063e-09  5.81490879e-09 
 7.41310241e+06  6.62010233e-09  5.81883904e-09 
 7.58577575e+06  6.46721253e-09  5.82290547e-09 
 7.76247117e+06  6.31836819e-09  5.82711574e-09 
 7.94328235e+06  6.17345079e-09  5.83147775e-09 
 8.12830516e+06  6.03234616e-09  5.83599962e-09 
 8.31763771e+06  5.89494425e-09  5.84068968e-09 
 8.51138038e+06  5.76113895e-09  5.84555651e-09 
 8.70963590e+06  5.63082794e-09  5.85060890e-09 
 8.91250938e+06  5.50391250e-09  5.85585590e-09 
 9.12010839e+06  5.38029735e-09  5.86130677e-09 
 9.33254301e+06  5.25989051e-09  5.86697103e-09 
 9.54992586e+06  5.14260312e-09  5.87285844e-09 
 9.77237221e+06  5.02834935e-09  5.87897898e-09 
 1.00000000e+07  4.91704621e-09  5.88534291e-09 
 1.02329299e+07  4.80861345e-09  5.89196068e-09 
 1.04712855e+07  4.70297344e-09  5.89884303e-09 
 1.07151931e+07  4.60005103e-09  5.90600091e-09 
 1.09647820e+07  4.49977346e-09  5.91344550e-09 
 1.12201845e+07  4.40207022e-09  5.92118823e-09 
 1.14815362e+07  4.30687298e-09  5.92924074e-09 
 1.17489755e+07  4.21411545e-09  5.93761488e-09 
 1.20226443e+07  4.12373333e-09  5.94632272e-09 
 1.23026877e+07  4.03566417e-09  5.95537651e-09 
 1.25892541e+07  3.94984733e-09  5.96478869e-09 
 1.28824955e+07  3.86622385e-09  5.97457189e-09 
 1.31825674e+07  3.78473638e-09  5.98473886e-09 
 1.34896288e+07  3.70532913e-09  5.99530250e-09 
 1.38038426e+07  3.62794775e-09  6.00627584e-09 
 1.41253754e+07  3.55253928e-09  6.01767197e-09 
 1.44543977e+07  3.47905208e-09  6.02950408e-09 
 1.47910839e+07  3.40743576e-09  6.04178537e-09 
 1.51356125e+07  3.33764112e-09  6.05452908e-09 
 1.54881662e+07  3.26962005e-09  6.06774841e-09 
 1.58489319e+07  3.20332554e-09  6.08145650e-09 
 1.62181010e+07  3.13871154e-09  6.09566641e-09 
 1.65958691e+07  3.07573296e-09  6.11039106e-09 
 1.69824365e+07  3.01434560e-09  6.12564319e-09 
 1.73780083e+07  2.95450608e-09  6.14143531e-09 
 1.77827941e+07  2.89617181e-09  6.15777968e-09 
 1.81970086e+07  2.83930094e-09  6.17468822e-09 
 1.86208714e+07  2.78385230e-09  6.19217248e-09 
 1.90546072e+07  2.72978536e-09  6.21024360e-09 
 1.94984460e+07  2.67706019e-09  6.22891221e-09 
 1.99526231e+07  2.62563742e-09  6.24818843e-09 
 2.04173794e+07  2.57547820e-09  6.26808175e-09 
 2.08929613e+07  2.52654415e-09  6.28860102e-09 
 2.13796209e+07  2.47879734e-09  6.30975436e-09 
 2.18776162e+07  2.43220027e-09  6.33154911e-09 
 2.23872114e+07  2.38671581e-09  6.35399176e-09 
 2.29086765e+07  2.34230718e-09  6.37708792e-09 
 2.34422882e+07  2.29893796e-09  6.40084222e-09 
 2.39883292e+07  2.25657202e-09  6.42525827e-09 
 2.45470892e+07  2.21517353e-09  6.45033862e-09 
 2.51188643e+07  2.17470695e-09  6.47608469e-09 
 2.57039578e+07  2.13513699e-09  6.50249673e-09 
 2.63026799e+07  2.09642865e-09  6.52957378e-09 
 2.69153480e+07  2.05854716e-09  6.55731364e-09 
 2.75422870e+07  2.02145803e-09  6.58571279e-09 
 2.81838293e+07  1.98512704e-09  6.61476643e-09 
 2.88403150e+07  1.94952024e-09  6.64446843e-09 
 2.95120923e+07  1.91460398e-09  6.67481131e-09 
 3.01995172e+07  1.88034495e-09  6.70578626e-09 
 3.09029543e+07  1.84671017e-09  6.73738312e-09 
 3.16227766e+07  1.81366705e-09  6.76959041e-09 
 3.23593657e+07  1.78118343e-09  6.80239537e-09 
 3.31131121e+07  1.74922762e-09  6.83578397e-09 
 3.38844156e+07  1.71776849e-09  6.86974095e-09 
 3.46736850e+07  1.68677547e-09  6.90424991e-09 
 3.54813389e+07  1.65621868e-09  6.93929336e-09 
 3.63078055e+07  1.62606896e-09  6.97485276e-09 
 3.71535229e+07  1.59629799e-09  7.01090867e-09 
 3.80189396e+07  1.56687837e-09  7.04744081e-09 
 3.89045145e+07  1.53778368e-09  7.08442817e-09 
 3.98107171e+07  1.50898864e-09  7.12184914e-09 
 4.07380278e+07  1.48046917e-09  7.15968160e-09 
 4.16869383e+07  1.45220249e-09  7.19790308e-09 
 4.26579519e+07  1.42416727e-09  7.23649093e-09 
 4.36515832e+07  1.39634372e-09  7.27542237e-09 
 4.46683592e+07  1.36871367e-09  7.31467474e-09 
 4.57088190e+07  1.34126072e-09  7.35422559e-09 
 4.67735141e+07  1.31397030e-09  7.39405288e-09 
 4.78630092e+07  1.28682979e-09  7.43413509e-09 
 4.89778819e+07  1.25982858e-09  7.47445143e-09 
 5.01187234e+07  1.23295814e-09  7.51498195e-09 
 5.12861384e+07  1.20621209e-09  7.55570773e-09 
 5.24807460e+07  1.17958623e-09  7.59661104e-09 
 5.37031796e+07  1.15307855e-09  7.63767546e-09 
 5.49540874e+07  1.12668923e-09  7.67888604e-09 
 5.62341325e+07  1.10042066e-09  7.72022945e-09 
 5.75439937e+07  1.07427731e-09  7.76169409e-09 
 5.88843655e+07  1.04826574e-09  7.80327025e-09 
 6.02559586e+07  1.02239446e-09  7.84495018e-09 
 6.16595002e+07  9.96673834e-10  7.88672826e-09 
 6.30957344e+07  9.71115948e-10  7.92860105e-09 
 6.45654229e+07  9.45734428e-10  7.97056740e-09 
 6.60693448e+07  9.20544278e-10  8.01262855e-09 
 6.76082975e+07  8.95561690e-10  8.05478817e-09 
 6.91830971e+07  8.70803829e-10  8.09705247e-09 
 7.07945784e+07  8.46288626e-10  8.13943021e-09 
 7.24435960e+07  8.22034550e-10  8.18193278e-09 
 7.41310241e+07  7.98060394e-10  8.22457420e-09 
 7.58577575e+07  7.74385043e-10  8.26737122e-09 
 7.76247117e+07  7.51027266e-10  8.31034328e-09 
 7.94328235e+07  7.28005507e-10  8.35351256e-09 
 8.12830516e+07  7.05337685e-10  8.39690396e-09 
 8.31763771e+07  6.83041018e-10  8.44054518e-09 
 8.51138038e+07  6.61131858e-10  8.48446661e-09 
 8.70963590e+07  6.39625543e-10  8.52870145e-09 
 8.91250938e+07  6.18536272e-10  8.57328559e-09 
 9.12010839e+07  5.97877004e-10  8.61825771e-09 
 9.33254301e+07  5.77659370e-10  8.66365917e-09 
 9.54992586e+07  5.57893612e-10  8.70953408e-09 
 9.77237221e+07  5.38588543e-10  8.75592924e-09 
 1.00000000e+08  5.19751520e-10  8.80289414e-09 
 1.02329299e+08  5.01388442e-10  8.85048098e-09 
 1.04712855e+08  4.83503763e-10  8.89874460e-09 
 1.07151931e+08  4.66100516e-10  8.94774253e-09 
 1.09647820e+08  4.49180356e-10  8.99753494e-09 
 1.12201845e+08  4.32743610e-10  9.04818467e-09 
 1.14815362e+08  4.16789341e-10  9.09975720e-09 
 1.17489755e+08  4.01315413e-10  9.15232069e-09 
 1.20226443e+08  3.86318570e-10  9.20594594e-09 
 1.23026877e+08  3.71794510e-10  9.26070641e-09 
 1.25892541e+08  3.57737974e-10  9.31667825e-09 
 1.28824955e+08  3.44142827e-10  9.37394030e-09 
 1.31825674e+08  3.31002138e-10  9.43257412e-09 
 1.34896288e+08  3.18308271e-10  9.49266399e-09 
 1.38038426e+08  3.06052960e-10  9.55429694e-09 
 1.41253754e+08  2.94227392e-10  9.61756281e-09 
 1.44543977e+08  2.82822281e-10  9.68255421e-09 
 1.47910839e+08  2.71827945e-10  9.74936666e-09 
 1.51356125e+08  2.61234369e-10  9.81809853e-09 
 1.54881662e+08  2.51031274e-10  9.88885114e-09 
 1.58489319e+08  2.41208177e-10  9.96172878e-09 
 1.62181010e+08  2.31754445e-10  1.00368388e-08 
 1.65958691e+08  2.22659349e-10  1.01142915e-08 
 1.69824365e+08  2.13912111e-10  1.01942005e-08 
 1.73780083e+08  2.05501945e-10  1.02766826e-08 
 1.77827941e+08  1.97418101e-10  1.03618577e-08 
 1.81970086e+08  1.89649895e-10  1.04498491e-08 
 1.86208714e+08  1.82186741e-10  1.05407836e-08 
 1.90546072e+08  1.75018182e-10  1.06347914e-08 
 1.94984460e+08  1.68133914e-10  1.07320062e-08 
 1.99526231e+08  1.61523801e-10  1.08325654e-08 
 2.04173794e+08  1.55177903e-10  1.09366101e-08 
 2.08929613e+08  1.49086485e-10  1.10442854e-08 
 2.13796209e+08  1.43240030e-10  1.11557402e-08 
 2.18776162e+08  1.37629256e-10  1.12711273e-08 
 2.23872114e+08  1.32245117e-10  1.13906040e-08 
 2.29086765e+08  1.27078815e-10  1.15143317e-08 
 2.34422882e+08  1.22121805e-10  1.16424761e-08 
 2.39883292e+08  1.17365794e-10  1.17752079e-08 
 2.45470892e+08  1.12802751e-10  1.19127021e-08 
 2.51188643e+08  1.08424899e-10  1.20551388e-08 
 2.57039578e+08  1.04224723e-10  1.22027033e-08 
 2.63026799e+08  1.00194963e-10  1.23555859e-08 
 2.69153480e+08  9.63286164e-11  1.25139828e-08 
 2.75422870e+08  9.26189304e-11  1.26780955e-08 
 2.81838293e+08  8.90594027e-11  1.28481316e-08 
 2.88403150e+08  8.56437757e-11  1.30243051e-08 
 2.95120923e+08  8.23660320e-11  1.32068363e-08 
 3.01995172e+08  7.92203895e-11  1.33959523e-08 
 3.09029543e+08  7.62012959e-11  1.35918872e-08 
 3.16227766e+08  7.33034234e-11  1.37948828e-08 
 3.23593657e+08  7.05216624e-11  1.40051884e-08 
 3.31131121e+08  6.78511154e-11  1.42230616e-08 
 3.38844156e+08  6.52870909e-11  1.44487685e-08 
 3.46736850e+08  6.28250966e-11  1.46825842e-08 
 3.54813389e+08  6.04608335e-11  1.49247932e-08 
 3.63078055e+08  5.81901888e-11  1.51756900e-08 
 3.71535229e+08  5.60092295e-11  1.54355792e-08 
 3.80189396e+08  5.39141959e-11  1.57047766e-08 
 3.89045145e+08  5.19014949e-11  1.59836094e-08 
 3.98107171e+08  4.99676938e-11  1.62724167e-08 
 4.07380278e+08  4.81095135e-11  1.65715504e-08 
 4.16869383e+08  4.63238226e-11  1.68813757e-08 
 4.26579519e+08  4.46076306e-11  1.72022715e-08 
 4.36515832e+08  4.29580825e-11  1.75346315e-08 
 4.46683592e+08  4.13724523e-11  1.78788649e-08 
 4.57088190e+08  3.98481374e-11  1.82353966e-08 
 4.67735141e+08  3.83826528e-11  1.86046687e-08 
 4.78630092e+08  3.69736256e-11  1.89871409e-08 
 4.89778819e+08  3.56187899e-11  1.93832913e-08 
 5.01187234e+08  3.43159812e-11  1.97936174e-08 
 5.12861384e+08  3.30631319e-11  2.02186370e-08 
 5.24807460e+08  3.18582660e-11  2.06588891e-08 
 5.37031796e+08  3.06994950e-11  2.11149348e-08 
 5.49540874e+08  2.95850127e-11  2.15873582e-08 
 5.62341325e+08  2.85130920e-11  2.20767676e-08 
 5.75439937e+08  2.74820799e-11  2.25837964e-08 
 5.88843655e+08  2.64903943e-11  2.31091041e-08 
 6.02559586e+08  2.55365199e-11  2.36533774e-08 
 6.16595002e+08  2.46190049e-11  2.42173315e-08 
 6.30957344e+08  2.37364576e-11  2.48017107e-08 
 6.45654229e+08  2.28875435e-11  2.54072903e-08 
 6.60693448e+08  2.20709822e-11  2.60348770e-08 
 6.76082975e+08  2.12855444e-11  2.66853104e-08 
 6.91830971e+08  2.05300497e-11  2.73594643e-08 
 7.07945784e+08  1.98033638e-11  2.80582475e-08 
 7.24435960e+08  1.91043965e-11  2.87826056e-08 
 7.41310241e+08  1.84320991e-11  2.95335216e-08 
 7.58577575e+08  1.77854628e-11  3.03120175e-08 
 7.76247117e+08  1.71635167e-11  3.11191552e-08 
 7.94328235e+08  1.65653260e-11  3.19560381e-08 
 8.12830516e+08  1.59899903e-11  3.28238122e-08 
 8.31763771e+08  1.54366419e-11  3.37236670e-08 
 8.51138038e+08  1.49044450e-11  3.46568371e-08 
 8.70963590e+08  1.43925936e-11  3.56246031e-08 
 8.91250938e+08  1.39003107e-11  3.66282932e-08 
 9.12010839e+08  1.34268472e-11  3.76692839e-08 
 9.33254301e+08  1.29714805e-11  3.87490012e-08 
 9.54992586e+08  1.25335136e-11  3.98689223e-08 
 9.77237221e+08  1.21122744e-11  4.10305759e-08 
 1.00000000e+09  1.17071144e-11  4.22355439e-08 
